frame	prob
0	0.0048936656676232815
1	0.005692783277481794
2	0.00440742215141654
3	0.0056230127811431885
4	0.005336956586688757
5	0.010541535913944244
6	0.00858309306204319
7	0.007191239390522242
8	0.009272058494389057
9	0.006486911326646805
10	0.008735254406929016
11	0.011205226182937622
12	0.007157505955547094
13	0.007194742560386658
14	0.01177943404763937
15	0.011536289937794209
16	0.012269717641174793
17	0.012942223809659481
18	0.012631586752831936
19	0.017161844298243523
20	0.013700390234589577
21	0.04594091698527336
22	0.1917889565229416
23	0.2601052224636078
24	0.1758822500705719
25	0.14575400948524475
26	0.12531380355358124
27	0.19392338395118713
28	0.25783616304397583
29	0.3015168309211731
30	0.28274375200271606
31	0.31189870834350586
32	0.3072683811187744
33	0.06106026843190193
34	0.07097452878952026
35	0.04105600342154503
36	0.1691862940788269
37	0.08732886612415314
38	0.09872444719076157
39	0.06539233773946762
40	0.04221585392951965
41	0.03058098629117012
42	0.04654557630419731
43	0.15221993625164032
44	0.05710473284125328
45	0.02816758118569851
46	0.024294275790452957
47	0.020617831498384476
48	0.024495922029018402
49	0.025834789499640465
50	0.04290884733200073
51	0.037713997066020966
52	0.02227085828781128
53	0.05824146419763565
54	0.04541211947798729
55	0.020453715696930885
56	0.026748372241854668
57	0.04623054340481758
58	0.021945755928754807
59	0.07497792690992355
60	0.09324543178081512
61	0.14313466846942902
62	0.03642156720161438
63	0.019491080194711685
64	0.08302153646945953
65	0.1863834708929062
66	0.05629408359527588
67	0.1345459520816803
68	0.2029099315404892
69	0.06798410415649414
70	0.030262643471360207
71	0.053563740104436874
72	0.06532293558120728
73	0.030311211943626404
74	0.02139384113252163
75	0.01538190245628357
76	0.014733570627868176
77	0.0152199761942029
78	0.02818739414215088
79	0.031647492200136185
80	0.04320899397134781
81	0.2526662051677704
82	0.5685433745384216
83	0.7799984812736511
84	0.7855854034423828
85	0.8812304735183716
86	0.8223047256469727
87	0.7520930767059326
88	0.3669973909854889
89	0.3633158802986145
90	0.15783655643463135
91	0.1084500327706337
92	0.31739965081214905
93	0.13222211599349976
94	0.25594329833984375
95	0.07303567975759506
96	0.1360396146774292
97	0.23995719850063324
98	0.25426021218299866
99	0.3781655728816986
100	0.4137018322944641
101	0.04329979419708252
102	0.024378912523388863
103	0.01636447012424469
104	0.01632281206548214
105	0.012737876735627651
106	0.01520460844039917
107	0.015277298167347908
108	0.01554776169359684
109	0.014047644101083279
110	0.015282364562153816
111	0.01562182791531086
112	0.021966148167848587
113	0.03026833012700081
114	0.023121071979403496
115	0.015893884003162384
116	0.01788601092994213
117	0.01131174061447382
118	0.013765252195298672
119	0.012424246408045292
120	0.01549790520220995
121	0.011485765688121319
122	0.01614352874457836
123	0.01327708549797535
124	0.014732206240296364
125	0.016378596425056458
126	0.018785012885928154
127	0.02023225836455822
128	0.023176569491624832
129	0.157879039645195
130	0.08640526980161667
131	0.06612687557935715
132	0.2852945029735565
133	0.21167495846748352
134	0.5342509746551514
135	0.4267600178718567
136	0.35224413871765137
137	0.20644216239452362
138	0.33034244179725647
139	0.1688825488090515
140	0.22847886383533478
141	0.20456664264202118
142	0.23554463684558868
143	0.11777444183826447
144	0.03928184509277344
145	0.023822564631700516
146	0.023849252611398697
147	0.01579420454800129
148	0.01204131729900837
149	0.014372061006724834
150	0.007963833399116993
151	0.00957909319549799
152	0.007337640970945358
153	0.010736553929746151
154	0.010035076178610325
155	0.00822529848664999
156	0.008020649664103985
157	0.008666054345667362
158	0.008350609801709652
159	0.007770094554871321
160	0.009355614893138409
161	0.009114048443734646
162	0.009955724701285362
163	0.008939361199736595
164	0.010239643976092339
165	0.009796510450541973
166	0.01043639611452818
167	0.013418043963611126
168	0.011885225772857666
169	0.013500717468559742
170	0.012725112028419971
171	0.012854156084358692
172	0.01272341888397932
173	0.009678912349045277
174	0.008571564219892025
175	0.009168705902993679
176	0.009010924957692623
177	0.009410250000655651
178	0.012606642208993435
179	0.012424476444721222
180	0.00748223764821887
181	0.006444175727665424
182	0.01236067246645689
183	0.009799397550523281
184	0.009407037869095802
185	0.010629224590957165
186	0.011161296628415585
187	0.009342382661998272
188	0.009559712372720242
189	0.01177302747964859
190	0.008723737671971321
191	0.008888679556548595
192	0.008966529741883278
193	0.007581294979900122
194	0.008365210145711899
195	0.00693788006901741
196	0.009117650799453259
197	0.011107305996119976
198	0.010964511893689632
199	0.010221868753433228
200	0.009668383747339249
201	0.008625935763120651
202	0.008656482212245464
203	0.007296224124729633
204	0.007813159376382828
205	0.007578586228191853
206	0.007010362576693296
207	0.008643867447972298
208	0.007782066706568003
209	0.007758882828056812
210	0.006631093565374613
211	0.007062149699777365
212	0.006331797689199448
213	0.006506321486085653
214	0.006263656076043844
215	0.005968465004116297
216	0.005783768370747566
217	0.0066877081990242004
218	0.0058097499422729015
219	0.0064847092144191265
220	0.0061592585407197475
221	0.005902762059122324
222	0.007144199218600988
223	0.006608877331018448
224	0.007040084805339575
225	0.0066045424900949
226	0.0070541719906032085
227	0.006776558700948954
228	0.007327425759285688
229	0.0070668491534888744
230	0.007358315866440535
231	0.007657166104763746
232	0.006871841847896576
233	0.0066923038102686405
234	0.006643415428698063
235	0.005880372133105993
236	0.005796418990939856
237	0.006793908774852753
238	0.005921563599258661
239	0.00461571803316474
240	0.005696431268006563
241	0.004521144088357687
242	0.0051794410683214664
243	0.006011078599840403
244	0.007347528822720051
245	0.007701312657445669
246	0.008013006299734116
247	0.006813740823417902
248	0.009134461171925068
249	0.012717611156404018
250	0.01119999960064888
251	0.010533374734222889
252	0.011869666166603565
253	0.009348208084702492
254	0.0102917505428195
255	0.00878925807774067
256	0.012278000824153423
257	0.010800196789205074
258	0.013159127905964851
259	0.011026491411030293
260	0.012936383485794067
261	0.009545917622745037
262	0.008839192800223827
263	0.008876032195985317
264	0.010296703316271305
265	0.009321599267423153
266	0.010000111535191536
267	0.008786985650658607
268	0.007711998652666807
269	0.011607017368078232
270	0.010033327154815197
271	0.010698149912059307
272	0.00891099777072668
273	0.008120449259877205
274	0.0069983527064323425
275	0.006652949843555689
276	0.008580702356994152
277	0.007454005070030689
278	0.006850812584161758
279	0.006822121329605579
280	0.006521116476505995
281	0.0040576341561973095
282	0.00371222454123199
283	0.004193020053207874
284	0.004922205116599798
285	0.004778581205755472
286	0.003824131330475211
287	0.0033219915349036455
288	0.0036282034125179052
289	0.004300110973417759
290	0.005995361600071192
291	0.007019498385488987
292	0.006569480989128351
293	0.005487088579684496
294	0.007339094765484333
295	0.005728561896830797
296	0.007051883731037378
297	0.005587407387793064
298	0.0051581356674432755
299	0.005066866520792246
300	0.004996361676603556
301	0.010335666127502918
302	0.008820721879601479
303	0.010430282913148403
304	0.016933869570493698
305	0.01465813722461462
306	0.012542684562504292
307	0.021869510412216187
308	0.011580179445445538
309	0.015063988044857979
310	0.008966437540948391
311	0.009084981866180897
312	0.007951821200549603
313	0.009272969327867031
314	0.00928842555731535
315	0.008478203788399696
316	0.010047899559140205
317	0.009492404758930206
318	0.010909526608884335
319	0.011010924354195595
320	0.011626656167209148
321	0.007578760385513306
322	0.01147672813385725
323	0.014068329706788063
324	0.02108738385140896
325	0.04132254049181938
326	0.07479091733694077
327	0.19777369499206543
328	0.19217316806316376
329	0.24045276641845703
330	0.17755429446697235
331	0.10513950884342194
332	0.14459319412708282
333	0.033240512013435364
334	0.023260874673724174
335	0.020234327763319016
336	0.013639296405017376
337	0.011414861306548119
338	0.013021177612245083
339	0.015130405314266682
340	0.012203662656247616
341	0.010304035618901253
342	0.009476716630160809
343	0.010333370417356491
344	0.010369467549026012
345	0.009708929806947708
346	0.013644925318658352
347	0.020748214796185493
348	0.0880957841873169
349	0.14180974662303925
350	0.2147306501865387
351	0.24117469787597656
352	0.21489770710468292
353	0.3420878052711487
354	0.44091102480888367
355	0.4407675266265869
356	0.5461190342903137
357	0.5470564961433411
358	0.667783796787262
359	0.7966002225875854
360	0.5060856938362122
361	0.5398412942886353
362	0.7099364399909973
363	0.5859550833702087
364	0.16371916234493256
365	0.15496544539928436
366	0.07584650814533234
367	0.08016403019428253
368	0.05232206732034683
369	0.11278724670410156
370	0.2288321554660797
371	0.01832512952387333
372	0.05352119728922844
373	0.1154225617647171
374	0.113425113260746
375	0.036552753299474716
376	0.479403018951416
377	0.577410876750946
378	0.23130308091640472
379	0.4027292728424072
380	0.3456525504589081
381	0.13470399379730225
382	0.5641787648200989
383	0.2810169458389282
384	0.3235013484954834
385	0.01683606579899788
386	0.010330614633858204
387	0.013579142279922962
388	0.012943613342940807
389	0.01984783448278904
390	0.019490521401166916
391	0.02397823892533779
392	0.023642057552933693
393	0.023896528407931328
394	0.021303970366716385
395	0.007451992016285658
396	0.0075235324911773205
397	0.008455394767224789
398	0.007508003618568182
399	0.007802214007824659
400	0.00867871567606926
401	0.007981403730809689
402	0.00855237990617752
403	0.007969627156853676
404	0.009863803163170815
405	0.008382772095501423
406	0.009740210138261318
407	0.007731241174042225
408	0.009136450476944447
409	0.00977665651589632
410	0.010669696144759655
411	0.009062796831130981
412	0.012088307179510593
413	0.011424277909100056
414	0.011396187357604504
415	0.012745246291160583
416	0.016786962747573853
417	0.012567213736474514
418	0.0115859629586339
419	0.010777710005640984
420	0.014865154400467873
421	0.010125331580638885
422	0.007795669138431549
423	0.008991691283881664
424	0.011571241542696953
425	0.013083278201520443
426	0.010103115811944008
427	0.011708143167197704
428	0.009075717069208622
429	0.017122158780694008
430	0.015492935664951801
431	0.015375879593193531
432	0.013720959424972534
433	0.013609486632049084
434	0.015809161588549614
435	0.021017123013734818
436	0.017876755446195602
437	0.016667751595377922
438	0.02355901524424553
439	0.018697747960686684
440	0.013475591316819191
441	0.01308819092810154
442	0.008638001047074795
443	0.012762096710503101
444	0.010779588483273983
445	0.011821672320365906
446	0.01373767014592886
447	0.012433941476047039
448	0.009889012202620506
449	0.009071764536201954
450	0.009218289516866207
451	0.010441544465720654
452	0.009890000335872173
453	0.009163136593997478
454	0.010232285596430302
455	0.007933957502245903
456	0.007379212882369757
457	0.007321579847484827
458	0.00765982735902071
459	0.008361120708286762
460	0.00878820475190878
461	0.01000889390707016
462	0.009338738396763802
463	0.007687517907470465
464	0.00920735765248537
465	0.0081525519490242
466	0.007874312810599804
467	0.010199285112321377
468	0.0065367924980819225
469	0.007059838157147169
470	0.006896501872688532
471	0.007759203668683767
472	0.006981858517974615
473	0.006823183503001928
474	0.005886565428227186
475	0.005667939316481352
476	0.005521079991012812
477	0.006351360119879246
478	0.005931940861046314
479	0.005973010789602995
480	0.004714081529527903
481	0.00390726700425148
482	0.005023689940571785
483	0.004054331220686436
484	0.005419410765171051
485	0.004334367346018553
486	0.00627007195726037
487	0.007655587047338486
488	0.005165682174265385
489	0.0050103673711419106
490	0.006507217884063721
491	0.00553524075075984
492	0.006297016050666571
493	0.007516229059547186
494	0.007135714869946241
495	0.008054611273109913
496	0.007034442853182554
497	0.008395547978579998
498	0.008548746816813946
499	0.008109696209430695
500	0.011403321288526058
501	0.01222072634845972
502	0.013774788938462734
503	0.01767798699438572
504	0.03205737844109535
505	0.020696669816970825
506	0.04712803661823273
507	0.032210130244493484
508	0.047818172723054886
509	0.1020040512084961
510	0.08692734688520432
511	0.1294465959072113
512	0.09373219311237335
513	0.2132483571767807
514	0.10548534244298935
515	0.025758469477295876
516	0.017862332984805107
517	0.022594325244426727
518	0.019424915313720703
519	0.014696198515594006
520	0.02817305363714695
521	0.04678069427609444
522	0.0402507409453392
523	0.019310131669044495
524	0.015761882066726685
525	0.008464287966489792
526	0.013480219058692455
527	0.01791713386774063
528	0.0172638688236475
529	0.029145387932658195
530	0.02232496812939644
531	0.05053098127245903
532	0.04785406216979027
533	0.019256209954619408
534	0.028340596705675125
535	0.015845730900764465
536	0.01390231866389513
537	0.019183626398444176
538	0.03889233618974686
539	0.0467575304210186
540	0.10920560359954834
541	0.1402975469827652
542	0.10483720153570175
543	0.3386654853820801
544	0.2170407772064209
545	0.5219685435295105
546	0.7799459099769592
547	0.9037403464317322
548	0.7397807240486145
549	0.8794738054275513
550	0.8170491456985474
551	0.6982369422912598
552	0.7783169150352478
553	0.5448177456855774
554	0.77886962890625
555	0.6880061030387878
556	0.29380103945732117
557	0.18628497421741486
558	0.19274850189685822
559	0.1418801099061966
560	0.024900836870074272
561	0.0981186255812645
562	0.22920656204223633
563	0.593116044998169
564	0.829136848449707
565	0.8645195960998535
566	0.8469982147216797
567	0.9257566332817078
568	0.7983026504516602
569	0.662941575050354
570	0.4729316830635071
571	0.18275529146194458
572	0.01208923663944006
573	0.020325057208538055
574	0.03176354244351387
575	0.02419178932905197
576	0.05795435979962349
577	0.015371236018836498
578	0.015688953921198845
579	0.012385937385261059
580	0.016676027327775955
581	0.012993707321584225
582	0.012591013684868813
583	0.01583199016749859
584	0.016988834366202354
585	0.010134092532098293
586	0.012798624113202095
587	0.012442508712410927
588	0.015428426675498486
589	0.011498571373522282
590	0.013082176446914673
591	0.010246249847114086
592	0.012169902212917805
593	0.013122722506523132
594	0.01413083728402853
595	0.01787671260535717
596	0.022054273635149002
597	0.011128159239888191
598	0.011141794733703136
599	0.010176189243793488
600	0.011792152188718319
601	0.02900523506104946
602	0.3318898677825928
603	0.5201449394226074
604	0.7859308123588562
605	0.7790647745132446
606	0.6124039888381958
607	0.1782582551240921
608	0.051154911518096924
609	0.1266641467809677
610	0.20313404500484467
611	0.1139964610338211
612	0.014699416235089302
613	0.009649025276303291
614	0.01080346293747425
615	0.00858243741095066
616	0.00988700706511736
617	0.008122299797832966
618	0.008675138466060162
619	0.008987898007035255
620	0.010935639031231403
621	0.010825847275555134
622	0.006914003286510706
623	0.01146059762686491
624	0.012833379209041595
625	0.009772944264113903
626	0.010505156591534615
627	0.011042478494346142
628	0.011927448213100433
629	0.011511065997183323
630	0.010454807430505753
631	0.00853299256414175
632	0.012394840829074383
633	0.011366111226379871
634	0.014928716234862804
635	0.018386749550700188
636	0.017299989238381386
637	0.02100747637450695
638	0.014750038273632526
639	0.00901159830391407
640	0.01096824835985899
641	0.014753507450222969
642	0.010722609236836433
643	0.012548527680337429
644	0.013576500117778778
645	0.01244912575930357
646	0.011559336446225643
647	0.013248294591903687
648	0.010388371534645557
649	0.01195256132632494
650	0.0094674127176404
651	0.006022470537573099
652	0.006197653245180845
653	0.008901781402528286
654	0.006784932222217321
655	0.005358354654163122
656	0.004508078098297119
657	0.004985477775335312
658	0.008484914898872375
659	0.01143254991620779
660	0.00850135087966919
661	0.009263201616704464
662	0.009092971682548523
663	0.010310716927051544
664	0.010010547004640102
665	0.012173829600214958
666	0.010359189473092556
667	0.012892683036625385
668	0.01644999161362648
669	0.014267894439399242
670	0.015436139889061451
671	0.013650918379426003
672	0.010059863328933716
673	0.010376549325883389
674	0.009837533347308636
675	0.007277155760675669
676	0.0062255943194031715
677	0.007590197026729584
678	0.008281202986836433
679	0.006843671202659607
680	0.00814781989902258
681	0.007545765023678541
682	0.006715770345181227
683	0.005744851194322109
684	0.006888947915285826
685	0.006802157964557409
686	0.00807854812592268
687	0.008202211000025272
688	0.014138981699943542
689	0.008080331608653069
690	0.0044687832705676556
691	0.006631293799728155
692	0.006295991595834494
693	0.006430132780224085
694	0.007140026893466711
695	0.014341438189148903
696	0.014644420705735683
697	0.009910776279866695
698	0.012002400122582912
699	0.009516025893390179
700	0.008521503768861294
701	0.00963757187128067
702	0.015973692759871483
703	0.009518682025372982
704	0.009207538329064846
705	0.008817771449685097
706	0.01638050377368927
707	0.012211357243359089
708	0.011777044273912907
709	0.006779958959668875
710	0.009171177633106709
711	0.011232690885663033
712	0.022457052022218704
713	0.015166617929935455
714	0.0100064342841506
715	0.012644273228943348
716	0.012110332027077675
717	0.010746392421424389
718	0.013891749083995819
719	0.010325086303055286
720	0.010021490044891834
721	0.014697903767228127
722	0.023052288219332695
723	0.039416540414094925
724	0.016305865719914436
725	0.01393353845924139
726	0.020608803257346153
727	0.018099138513207436
728	0.014420819468796253
729	0.015181940980255604
730	0.013021739199757576
731	0.009383250959217548
732	0.008520168252289295
733	0.008610531687736511
734	0.009350473061203957
735	0.006124007049947977
736	0.005490362644195557
737	0.00686061754822731
738	0.008153283968567848
739	0.010480147786438465
740	0.012444380670785904
741	0.010669690556824207
742	0.01305554248392582
743	0.016864247620105743
744	0.028676265850663185
745	0.02875974215567112
746	0.018032265827059746
747	0.01940934732556343
748	0.022765427827835083
749	0.03216191753745079
750	0.012647926807403564
751	0.011888185515999794
752	0.007292992901057005
753	0.004787081386893988
754	0.006923775654286146
755	0.005654854234308004
756	0.004716911818832159
757	0.007913358509540558
758	0.006014499347656965
759	0.00555141968652606
760	0.0071669272147119045
761	0.01092461496591568
762	0.006897148676216602
763	0.006672573275864124
764	0.011140287853777409
765	0.018112458288669586
766	0.013328474946320057
767	0.017176000401377678
768	0.01715131476521492
769	0.01349127758294344
770	0.016792915761470795
771	0.01945755071938038
772	0.013244250789284706
773	0.014568704180419445
774	0.02219303511083126
775	0.024058878421783447
776	0.01838301308453083
777	0.01623876951634884
778	0.021440701559185982
779	0.01890268176794052
780	0.021400537341833115
781	0.02028757892549038
782	0.020395001396536827
783	0.018795287236571312
784	0.010535813868045807
785	0.012016228400170803
786	0.011932793073356152
787	0.011088765226304531
788	0.010656856931746006
789	0.010346071794629097
790	0.007336919661611319
791	0.008388911373913288
792	0.00853758305311203
793	0.009563134983181953
794	0.008455377072095871
795	0.00840296782553196
796	0.00919960718601942
797	0.010085823945701122
798	0.009451471269130707
799	0.006874763872474432
800	0.006475869100540876
801	0.00736162019893527
802	0.0054030208848416805
803	0.005570068955421448
804	0.004820842295885086
805	0.005368916317820549
806	0.006895855069160461
807	0.007202894426882267
808	0.0054932571947574615
809	0.006095599383115768
810	0.004958482924848795
811	0.006009520497173071
812	0.0061119855381548405
813	0.006986038293689489
814	0.005318121053278446
815	0.0059923999942839146
816	0.005856496747583151
817	0.008013932034373283
818	0.007769041694700718
819	0.006773752626031637
820	0.005944885313510895
821	0.005321281496435404
822	0.006346642505377531
823	0.005288845393806696
824	0.00675262650474906
825	0.006933043245226145
826	0.00663906941190362
827	0.00863189809024334
828	0.007104585412889719
829	0.006790070328861475
830	0.006902088411152363
831	0.007607629988342524
832	0.007559382822364569
833	0.009547908790409565
834	0.008431713096797466
835	0.011078625917434692
836	0.007686099503189325
837	0.008072820492088795
838	0.0063009113073349
839	0.0061057801358401775
840	0.007187501527369022
841	0.006369094830006361
842	0.006493408232927322
843	0.00766790984198451
844	0.008037320338189602
845	0.00626913458108902
846	0.006828717887401581
847	0.006865947041660547
848	0.005792220588773489
849	0.006944602821022272
850	0.007382392883300781
851	0.00669702747836709
852	0.007230864372104406
853	0.007778374012559652
854	0.0065092542208731174
855	0.0069331214763224125
856	0.006208612117916346
857	0.006215571891516447
858	0.006242268718779087
859	0.006661311723291874
860	0.007993725128471851
861	0.0055337524972856045
862	0.005147555377334356
863	0.0047018504701554775
864	0.005256533622741699
865	0.005159106105566025
866	0.0041356161236763
867	0.005010175984352827
868	0.004973102360963821
869	0.004707764834165573
870	0.005248131696134806
871	0.005102595314383507
872	0.004878345876932144
873	0.0049314252100884914
874	0.006411487702280283
875	0.005369777325540781
876	0.005067824386060238
877	0.004683927167207003
878	0.004041888751089573
879	0.005267271306365728
880	0.0046900613233447075
881	0.006966902408748865
882	0.00665432820096612
883	0.008665702305734158
884	0.007854906842112541
885	0.010852393694221973
886	0.011556445620954037
887	0.018924741074442863
888	0.023085230961441994
889	0.017318671569228172
890	0.010321124456822872
891	0.013487125746905804
892	0.013135381042957306
893	0.029206320643424988
894	0.03589729592204094
895	0.05164935812354088
896	0.040960509330034256
897	0.04888812080025673
898	0.023826900869607925
899	0.024114947766065598
900	0.021550750359892845
901	0.03354260325431824
902	0.027370354160666466
903	0.06655751913785934
904	0.05549314245581627
905	0.051984261721372604
906	0.04438767209649086
907	0.027515625581145287
908	0.046715911477804184
909	0.09183286875486374
910	0.03886177018284798
911	0.05344202741980553
912	0.04744989797472954
913	0.1138060912489891
914	0.0911962166428566
915	0.06768796592950821
916	0.06679761409759521
917	0.07096312195062637
918	0.0458160825073719
919	0.054781705141067505
920	0.11207620054483414
921	0.06335722655057907
922	0.04784125089645386
923	0.0661933571100235
924	0.08590199053287506
925	0.07960932701826096
926	0.04718347266316414
927	0.01775825023651123
928	0.034610565751791
929	0.03046180121600628
930	0.047940921038389206
931	0.013944110833108425
932	0.015746358782052994
933	0.011346075683832169
934	0.01212733332067728
935	0.019625401124358177
936	0.018368054181337357
937	0.020182674750685692
938	0.0173642635345459
939	0.02337569370865822
940	0.022427257150411606
941	0.02363412082195282
942	0.019585568457841873
943	0.01691335253417492
944	0.02062956988811493
945	0.027308354154229164
946	0.11453588306903839
947	0.15220867097377777
948	0.029552435502409935
949	0.04283269867300987
950	0.05646280571818352
951	0.09018620103597641
952	0.5767126083374023
953	0.5348533987998962
954	0.593017041683197
955	0.6103206872940063
956	0.5901555418968201
957	0.5350341200828552
958	0.46378985047340393
959	0.5405887961387634
960	0.6719300150871277
961	0.4101436734199524
962	0.4866820275783539
963	0.4148506820201874
964	0.33376455307006836
965	0.3431529700756073
966	0.31624552607536316
967	0.20112252235412598
968	0.12866650521755219
969	0.055768489837646484
970	0.05604064464569092
971	0.03459435701370239
972	0.02643081359565258
973	0.0222163125872612
974	0.017045825719833374
975	0.020595043897628784
976	0.02647375501692295
977	0.03716365620493889
978	0.033047039061784744
979	0.02369535341858864
980	0.014994317665696144
981	0.01221979595720768
982	0.05127347633242607
983	0.051455724984407425
984	0.1115730032324791
985	0.08277153223752975
986	0.1127946525812149
987	0.15014560520648956
988	0.16060148179531097
989	0.3577992916107178
990	0.13886669278144836
991	0.15729595720767975
992	0.19402702152729034
993	0.318993479013443
994	0.35283327102661133
995	0.32847902178764343
996	0.4947683811187744
997	0.43618232011795044
998	0.4171317219734192
999	0.36837244033813477
1000	0.2016439437866211
1001	0.22094224393367767
1002	0.26341089606285095
1003	0.4105469286441803
1004	0.46526017785072327
1005	0.41776829957962036
1006	0.3047860860824585
1007	0.27443501353263855
1008	0.21956610679626465
1009	0.12544630467891693
1010	0.07125227153301239
1011	0.11367996037006378
1012	0.11475057899951935
1013	0.0900014266371727
1014	0.07888426631689072
1015	0.07385443896055222
1016	0.06511937826871872
1017	0.04807588458061218
1018	0.13033472001552582
1019	0.24003072082996368
1020	0.3594593405723572
1021	0.31080037355422974
1022	0.22373168170452118
1023	0.3196825087070465
1024	0.2259674072265625
1025	0.20781181752681732
1026	0.04951771721243858
1027	0.10849356651306152
1028	0.05449696257710457
1029	0.040156763046979904
1030	0.043960150331258774
1031	0.0883050486445427
1032	0.10851379483938217
1033	0.2162085622549057
1034	0.30228108167648315
1035	0.3708493709564209
1036	0.18390850722789764
1037	0.1778450906276703
1038	0.42332154512405396
1039	0.08991199731826782
1040	0.049349114298820496
1041	0.010802021250128746
1042	0.007811751216650009
1043	0.00686338497325778
1044	0.009167286567389965
1045	0.00708852568641305
1046	0.007159901317209005
1047	0.005543006118386984
1048	0.007996546104550362
1049	0.008957083337008953
1050	0.00890370924025774
1051	0.0066230641677975655
1052	0.009475228376686573
1053	0.011978881433606148
1054	0.011469481512904167
1055	0.011318585835397243
1056	0.008235970512032509
1057	0.010654476471245289
1058	0.010980013757944107
1059	0.012979432940483093
1060	0.009214593097567558
1061	0.010014021769165993
1062	0.007877952419221401
1063	0.008649028837680817
1064	0.009154879488050938
1065	0.00813883263617754
1066	0.00751500902697444
1067	0.007439588662236929
1068	0.008258700370788574
1069	0.006848330143839121
1070	0.006470533553510904
1071	0.005524492356926203
1072	0.004684203304350376
1073	0.0061406418681144714
1074	0.007013559341430664
1075	0.005734942853450775
1076	0.007788469083607197
1077	0.007123421411961317
1078	0.006572652142494917
1079	0.007559190038591623
1080	0.007492592092603445
1081	0.0068725827150046825
1082	0.006032162811607122
1083	0.006532181054353714
1084	0.00629038130864501
1085	0.00659005343914032
1086	0.00757406372576952
1087	0.006918221712112427
1088	0.00478293327614665
1089	0.004975184798240662
1090	0.0056701600551605225
1091	0.005456781480461359
1092	0.004938086029142141
1093	0.0044747996143996716
1094	0.005464555229991674
1095	0.004502477589994669
1096	0.004633534234017134
1097	0.004671969451010227
1098	0.004862548317760229
1099	0.005154247861355543
1100	0.005736562889069319
1101	0.004364106338471174
1102	0.004425346851348877
1103	0.003626212477684021
1104	0.003545583924278617
1105	0.003708140691742301
1106	0.004263964481651783
1107	0.003445701440796256
1108	0.0043136379681527615
1109	0.005213083699345589
1110	0.006604991853237152
1111	0.005477784667164087
1112	0.005545475985854864
1113	0.005927066318690777
1114	0.00672387657687068
1115	0.004196919035166502
1116	0.006100076716393232
1117	0.004336162004619837
1118	0.0051141157746315
1119	0.006790392100811005
1120	0.008677052333950996
1121	0.008112256415188313
1122	0.006400687154382467
1123	0.012887599878013134
1124	0.007183962967246771
1125	0.02465546689927578
1126	0.020192256197333336
1127	0.05467138811945915
1128	0.02669043280184269
1129	0.04257344827055931
1130	0.03659888729453087
1131	0.022021859884262085
1132	0.05169352889060974
1133	0.0462036095559597
1134	0.08609455823898315
1135	0.06034126505255699
1136	0.08122462034225464
1137	0.0371076837182045
1138	0.07808389514684677
1139	0.04726496338844299
1140	0.05078718811273575
1141	0.042125772684812546
1142	0.058535534888505936
1143	0.05137820169329643
1144	0.08462894707918167
1145	0.08881869912147522
1146	0.14152967929840088
1147	0.12311768531799316
1148	0.2632851302623749
1149	0.2451169490814209
1150	0.3062078356742859
1151	0.4010467231273651
1152	0.4368881285190582
1153	0.1740908920764923
1154	0.7147324681282043
1155	0.7667416930198669
1156	0.7282599806785583
1157	0.5346537828445435
1158	0.5672906041145325
1159	0.21881809830665588
1160	0.5382460951805115
1161	0.5118741989135742
1162	0.4422104060649872
1163	0.42715364694595337
1164	0.32644766569137573
1165	0.339544415473938
1166	0.35887929797172546
1167	0.45864972472190857
1168	0.60291588306427
1169	0.6849146485328674
1170	0.5947418212890625
1171	0.6338517069816589
1172	0.3134287893772125
1173	0.46880441904067993
1174	0.6324650645256042
1175	0.2960297167301178
1176	0.3096464276313782
1177	0.8248896598815918
1178	0.957229733467102
1179	0.9389945268630981
1180	0.8801752924919128
1181	0.5525180101394653
1182	0.9316892027854919
1183	0.9177247881889343
1184	0.7040585875511169
1185	0.8412845730781555
1186	0.13733290135860443
1187	0.14949989318847656
1188	0.213156059384346
1189	0.6455287337303162
1190	0.5001079440116882
1191	0.6109316945075989
1192	0.6771138906478882
1193	0.6170235872268677
1194	0.7995113134384155
1195	0.8453642129898071
1196	0.7231525778770447
1197	0.7983344197273254
1198	0.9263026118278503
1199	0.951978325843811
1200	0.8407724499702454
1201	0.9352059364318848
1202	0.9126869440078735
1203	0.9091054797172546
1204	0.8868688941001892
1205	0.882328450679779
1206	0.3970116078853607
1207	0.8636242151260376
1208	0.9132773280143738
1209	0.8643245697021484
1210	0.7976529002189636
1211	0.7001354098320007
1212	0.8528022766113281
1213	0.6492311358451843
1214	0.25122857093811035
1215	0.19877517223358154
1216	0.05933632329106331
1217	0.02614520862698555
1218	0.02972109615802765
1219	0.04908859357237816
1220	0.008565574884414673
1221	0.011463839560747147
1222	0.010670487768948078
1223	0.01077688205987215
1224	0.01152143906801939
1225	0.010383321903645992
1226	0.008448450826108456
1227	0.01006043329834938
1228	0.009516640566289425
1229	0.008784307166934013
1230	0.008081569336354733
1231	0.008409341797232628
1232	0.008462140336632729
1233	0.008371417410671711
1234	0.013414144515991211
1235	0.013304498977959156
1236	0.014867852441966534
1237	0.011393744498491287
1238	0.01747618243098259
1239	0.014906373806297779
1240	0.014738244004547596
1241	0.011732196435332298
1242	0.012847947888076305
1243	0.011741126887500286
1244	0.009758340194821358
1245	0.00982341356575489
1246	0.011377044953405857
1247	0.011056609451770782
1248	0.00983511283993721
1249	0.009052674286067486
1250	0.008323456160724163
1251	0.011416545137763023
1252	0.007748089265078306
1253	0.006826046854257584
1254	0.005985608324408531
1255	0.007385928183794022
1256	0.009155215695500374
1257	0.010707042180001736
1258	0.0074014379642903805
1259	0.008211681619286537
1260	0.00794206466525793
1261	0.009694049134850502
1262	0.00990210473537445
1263	0.010099902749061584
1264	0.00694633973762393
1265	0.0056961956433951855
1266	0.006137271877378225
1267	0.006065469700843096
1268	0.007268352899700403
1269	0.00609795143827796
1270	0.006378951948136091
1271	0.0059539019130170345
1272	0.006674530450254679
1273	0.007292492780834436
1274	0.004700432997196913
1275	0.006677876692265272
1276	0.0038464281242340803
1277	0.004434607923030853
1278	0.003746647387742996
1279	0.004359901882708073
1280	0.004265062045305967
1281	0.005285673774778843
1282	0.005419249180704355
1283	0.004577431362122297
1284	0.004524484276771545
1285	0.0058938488364219666
1286	0.005990441422909498
1287	0.006898102350533009
1288	0.005361834075301886
1289	0.006489906460046768
1290	0.007674368564039469
1291	0.009532958269119263
1292	0.006491520907729864
1293	0.008994205854833126
1294	0.006240935064852238
1295	0.006159781012684107
1296	0.006110858172178268
1297	0.0075157093815505505
1298	0.006428598891943693
1299	0.007861471734941006
1300	0.008831586688756943
1301	0.010886313393712044
1302	0.009626100771129131
1303	0.010298016481101513
1304	0.009789896197617054
1305	0.008297833614051342
1306	0.008241929113864899
1307	0.008176437579095364
1308	0.01594204269349575
1309	0.017578568309545517
1310	0.026864880695939064
1311	0.03138994053006172
1312	0.05923132970929146
1313	0.02564864419400692
1314	0.02417139708995819
1315	0.042324792593717575
1316	0.04284408688545227
1317	0.0689079537987709
1318	0.0500204972922802
1319	0.05923954397439957
1320	0.02267434075474739
1321	0.027171090245246887
1322	0.037763308733701706
1323	0.06358116120100021
1324	0.03420913964509964
1325	0.06736192852258682
1326	0.0867571085691452
1327	0.08892547339200974
1328	0.1635284572839737
1329	0.10992002487182617
1330	0.049326084554195404
1331	0.05278840288519859
1332	0.0359405092895031
1333	0.0071838065050542355
1334	0.008386040106415749
1335	0.008287863805890083
1336	0.009678243659436703
1337	0.008984746411442757
1338	0.0068229930475354195
1339	0.007646515965461731
1340	0.010357432067394257
1341	0.010723517276346684
1342	0.011160255409777164
1343	0.009456954896450043
1344	0.013417740352451801
1345	0.010102908127009869
1346	0.011826417408883572
1347	0.010200770571827888
1348	0.011249399743974209
1349	0.01370109524577856
1350	0.026309946551918983
1351	0.06089029461145401
1352	0.1363915652036667
1353	0.25929316878318787
1354	0.2129373401403427
1355	0.2655910551548004
1356	0.5192751288414001
1357	0.47214436531066895
1358	0.5270251631736755
1359	0.36470526456832886
1360	0.30984658002853394
1361	0.27412620186805725
1362	0.43296176195144653
1363	0.5734779834747314
1364	0.4293172061443329
1365	0.3213857114315033
1366	0.1388459950685501
1367	0.1006103903055191
1368	0.04528467729687691
1369	0.07801816612482071
1370	0.12318652123212814
1371	0.03296326473355293
1372	0.030258718878030777
1373	0.016821110621094704
1374	0.009531894698739052
1375	0.011280260048806667
1376	0.012741540558636189
1377	0.012846896424889565
1378	0.011869929730892181
1379	0.012601043097674847
1380	0.011511101387441158
1381	0.009502566419541836
1382	0.013443872332572937
1383	0.016604827716946602
1384	0.02083883248269558
1385	0.052793022245168686
1386	0.10961321741342545
1387	0.022365931421518326
1388	0.0190503541380167
1389	0.01616443693637848
1390	0.013322132639586926
1391	0.013998158276081085
1392	0.015684548765420914
1393	0.014934338629245758
1394	0.01729622855782509
1395	0.0167083740234375
1396	0.013545110821723938
1397	0.016631579026579857
1398	0.015409697778522968
1399	0.008101527579128742
1400	0.00978035293519497
1401	0.007520660292357206
1402	0.021985873579978943
1403	0.010084717534482479
1404	0.009733757935464382
1405	0.011699719354510307
1406	0.012099509127438068
1407	0.016923008486628532
1408	0.013017910532653332
1409	0.01773003116250038
1410	0.019056513905525208
1411	0.014836780726909637
1412	0.012321878224611282
1413	0.014484534040093422
1414	0.013183857314288616
1415	0.020457010716199875
1416	0.01611343026161194
1417	0.02393537573516369
1418	0.014043097384274006
1419	0.013585904613137245
1420	0.011407755315303802
1421	0.011861094273626804
1422	0.011253522709012032
1423	0.00970971304923296
1424	0.00692788977175951
1425	0.008911610580980778
1426	0.00907802302390337
1427	0.016724394634366035
1428	0.007435630541294813
1429	0.013030697591602802
1430	0.00715643772855401
1431	0.006221363320946693
1432	0.007412680424749851
1433	0.007069312036037445
1434	0.014505130238831043
1435	0.008779321797192097
1436	0.006502545904368162
1437	0.010783198289573193
1438	0.011868859641253948
1439	0.005933494307100773
1440	0.006969958543777466
1441	0.010499188676476479
1442	0.009410508908331394
1443	0.00882438849657774
1444	0.017706848680973053
1445	0.016424456611275673
1446	0.008569915778934956
1447	0.01552484929561615
1448	0.029784956946969032
1449	0.012403747998178005
1450	0.012890997342765331
1451	0.010679947212338448
1452	0.021277502179145813
1453	0.020437544211745262
1454	0.009945458732545376
1455	0.009225298650562763
1456	0.00823210459202528
1457	0.008985893800854683
1458	0.010359816253185272
1459	0.010079987347126007
1460	0.012876561842858791
1461	0.009907173924148083
1462	0.015342566184699535
1463	0.009575332514941692
1464	0.010704824700951576
1465	0.015917658805847168
1466	0.03350145369768143
1467	0.024536186829209328
1468	0.043978750705718994
1469	0.04357999190688133
1470	0.018654683604836464
1471	0.009067783132195473
1472	0.018033549189567566
1473	0.020025229081511497
1474	0.01808016560971737
1475	0.027009785175323486
1476	0.024280352517962456
1477	0.02725706808269024
1478	0.025694627314805984
1479	0.022592194378376007
1480	0.02005295269191265
1481	0.023937691003084183
1482	0.024856433272361755
1483	0.028207754716277122
1484	0.020580017939209938
1485	0.01341384369879961
1486	0.015296556055545807
1487	0.021422233432531357
1488	0.013983207754790783
1489	0.01476758997887373
1490	0.013751722872257233
1491	0.011083738878369331
1492	0.013939243741333485
1493	0.015116396360099316
1494	0.016323531046509743
1495	0.016802825033664703
1496	0.013406834565103054
1497	0.012117244303226471
1498	0.013883689418435097
1499	0.01394930761307478
1500	0.01566162519156933
1501	0.012691420502960682
1502	0.014742466621100903
1503	0.01369486190378666
1504	0.01379177626222372
1505	0.021816251799464226
1506	0.016525771468877792
1507	0.014535072259604931
1508	0.01378664281219244
1509	0.013410121202468872
1510	0.017414657399058342
1511	0.013291445560753345
1512	0.018224427476525307
1513	0.018794575706124306
1514	0.022085238248109818
1515	0.013124167919158936
1516	0.011327276937663555
1517	0.01485008280724287
1518	0.016133315861225128
1519	0.016386348754167557
1520	0.012592342682182789
1521	0.010572213679552078
1522	0.013519830070436
1523	0.01116470992565155
1524	0.01228819228708744
1525	0.013205038383603096
1526	0.014739170670509338
1527	0.009944891557097435
1528	0.010202392004430294
1529	0.012138210237026215
1530	0.011760191060602665
1531	0.011035658419132233
1532	0.011089690960943699
1533	0.009583386592566967
1534	0.011331784538924694
1535	0.010511638596653938
1536	0.010982166044414043
1537	0.012132907286286354
1538	0.011228211224079132
1539	0.008637549355626106
1540	0.008906430564820766
1541	0.011763477697968483
1542	0.009017586708068848
1543	0.009800813160836697
1544	0.007865642197430134
1545	0.007049304433166981
1546	0.006221904885023832
1547	0.007842835038900375
1548	0.008637703955173492
1549	0.0073563470505177975
1550	0.008042252622544765
1551	0.00697323540225625
1552	0.006360863801091909
1553	0.006174610927700996
1554	0.005625905469059944
1555	0.00597411161288619
1556	0.00522348377853632
1557	0.004370510578155518
1558	0.004649842623621225
1559	0.005433414131402969
1560	0.005341027397662401
1561	0.004377215635031462
1562	0.004542547278106213
1563	0.004733832087367773
1564	0.005199193488806486
1565	0.003974973689764738
1566	0.006250625941902399
1567	0.005618506111204624
1568	0.005080764181911945
1569	0.00428781658411026
1570	0.006869083736091852
1571	0.0068694427609443665
1572	0.005757785402238369
1573	0.00811793189495802
1574	0.004649139009416103
1575	0.0068599446676671505
1576	0.005696809384971857
1577	0.006560999900102615
1578	0.011080222204327583
1579	0.016754163429141045
1580	0.043864618986845016
1581	0.08692685514688492
1582	0.15044592320919037
1583	0.0938037857413292
1584	0.052010077983140945
1585	0.07985410839319229
1586	0.06454058736562729
1587	0.05231509357690811
1588	0.02557792142033577
1589	0.020480124279856682
1590	0.02427365444600582
1591	0.017449405044317245
1592	0.0211507435888052
1593	0.025829676538705826
1594	0.07578447461128235
1595	0.04921479895710945
1596	0.22323103249073029
1597	0.28377166390419006
1598	0.47346264123916626
1599	0.12238617241382599
1600	0.055797070264816284
1601	0.03140094503760338
1602	0.025721058249473572
1603	0.012821567244827747
1604	0.013216725550591946
1605	0.01458568312227726
1606	0.01168129313737154
1607	0.01158552523702383
1608	0.009868403896689415
1609	0.01563849113881588
1610	0.02167559042572975
1611	0.013504140079021454
1612	0.014373200945556164
1613	0.018975956365466118
1614	0.014837609604001045
1615	0.012088431976735592
1616	0.016642244532704353
1617	0.013998663984239101
1618	0.010070552118122578
1619	0.009954563342034817
1620	0.010975459590554237
1621	0.011283538304269314
1622	0.013754123821854591
1623	0.01374405063688755
1624	0.014610826969146729
1625	0.05765383318066597
1626	0.19115498661994934
1627	0.7159740328788757
1628	0.676602840423584
1629	0.7336120009422302
1630	0.7228674292564392
1631	0.790389895439148
1632	0.7625049352645874
1633	0.30034810304641724
1634	0.5879600048065186
1635	0.48875531554222107
1636	0.4654328525066376
1637	0.050766583532094955
1638	0.17445619404315948
1639	0.09143602102994919
1640	0.1793633997440338
1641	0.11938361078500748
1642	0.23458805680274963
1643	0.34754469990730286
1644	0.16955427825450897
1645	0.35804423689842224
1646	0.4925397038459778
1647	0.2492886334657669
1648	0.6500334143638611
1649	0.6359583139419556
1650	0.6403986215591431
1651	0.6096437573432922
1652	0.3344949781894684
1653	0.2488034963607788
1654	0.1021849662065506
1655	0.09527202695608139
1656	0.08297684043645859
1657	0.09146638214588165
1658	0.07823488116264343
1659	0.1704029142856598
1660	0.17973105609416962
1661	0.11317598819732666
1662	0.25018933415412903
1663	0.18984803557395935
1664	0.4180695712566376
1665	0.16580311954021454
1666	0.2875424027442932
1667	0.05462590605020523
1668	0.21747051179409027
1669	0.1998540610074997
1670	0.18201331794261932
1671	0.11716248840093613
1672	0.23347388207912445
1673	0.03357682004570961
1674	0.03829898312687874
1675	0.0764123946428299
1676	0.1461130827665329
1677	0.08572909235954285
1678	0.09782318025827408
1679	0.019502924755215645
1680	0.06246863678097725
1681	0.13648052513599396
1682	0.07104746997356415
1683	0.1608189195394516
1684	0.1806555986404419
1685	0.12219655513763428
1686	0.3688197135925293
1687	0.20222218334674835
1688	0.1810518503189087
1689	0.22618913650512695
1690	0.10374739021062851
1691	0.05279454216361046
1692	0.15734143555164337
1693	0.04758892208337784
1694	0.11791934818029404
1695	0.09394983947277069
1696	0.1370653510093689
1697	0.05617091804742813
1698	0.14123785495758057
1699	0.10190842300653458
1700	0.31947922706604004
1701	0.14309781789779663
1702	0.21228428184986115
1703	0.1652839183807373
1704	0.40984755754470825
1705	0.19044387340545654
1706	0.08363718539476395
1707	0.08101008832454681
1708	0.031101057305932045
1709	0.027119994163513184
1710	0.00980532355606556
1711	0.011515038087964058
1712	0.013630906119942665
1713	0.01178637146949768
1714	0.018162688240408897
1715	0.010790815576910973
1716	0.014062898233532906
1717	0.016755489632487297
1718	0.01111458521336317
1719	0.016949603334069252
1720	0.01615200750529766
1721	0.009870986454188824
1722	0.009539461694657803
1723	0.00875900313258171
1724	0.00989188440144062
1725	0.011949143372476101
1726	0.016606280580163002
1727	0.009572011418640614
1728	0.017277175560593605
1729	0.008254542015492916
1730	0.013075003400444984
1731	0.014244787395000458
1732	0.014531758613884449
1733	0.012281869538128376
1734	0.01096570398658514
1735	0.013897055760025978
1736	0.012734510004520416
1737	0.010190579108893871
1738	0.01673220470547676
1739	0.010884294286370277
1740	0.014687311835587025
1741	0.017711123451590538
1742	0.08341383188962936
1743	0.0822203978896141
1744	0.07118921726942062
1745	0.06143892928957939
1746	0.015988633036613464
1747	0.01685413531959057
1748	0.016394883394241333
1749	0.04131501168012619
1750	0.037762388586997986
1751	0.02641698159277439
1752	0.032634999603033066
1753	0.08426564186811447
1754	0.22172503173351288
1755	0.11726745218038559
1756	0.049902867525815964
1757	0.09868932515382767
1758	0.054209984838962555
1759	0.03053184784948826
1760	0.013893323950469494
1761	0.01719951257109642
1762	0.01970726065337658
1763	0.01686733029782772
1764	0.020042842254042625
1765	0.022905981168150902
1766	0.028568966314196587
1767	0.063929483294487
1768	0.26221010088920593
1769	0.19511191546916962
1770	0.24531853199005127
1771	0.2089390754699707
1772	0.391374796628952
1773	0.09674682468175888
1774	0.3804970681667328
1775	0.26047807931900024
1776	0.2520391643047333
1777	0.25942325592041016
1778	0.19360379874706268
1779	0.090218685567379
1780	0.11313413828611374
1781	0.17334772646427155
1782	0.16690559685230255
1783	0.19338957965373993
1784	0.30389001965522766
1785	0.21244950592517853
1786	0.09095197170972824
1787	0.09561841189861298
1788	0.0436299704015255
1789	0.09115174412727356
1790	0.26515433192253113
1791	0.16558653116226196
1792	0.29477187991142273
1793	0.1758989840745926
1794	0.22532705962657928
1795	0.12319206446409225
1796	0.019422324374318123
1797	0.013236365281045437
1798	0.021458109840750694
1799	0.015903716906905174
1800	0.02153148129582405
1801	0.01272706687450409
1802	0.012544102035462856
1803	0.01246440690010786
1804	0.009327761828899384
1805	0.011607150547206402
1806	0.011152609251439571
1807	0.01648682914674282
1808	0.010764489881694317
1809	0.020408784970641136
1810	0.021007878705859184
1811	0.015440210700035095
1812	0.019514694809913635
1813	0.016854681074619293
1814	0.016443660482764244
1815	0.018158262595534325
1816	0.015425859950482845
1817	0.014464767649769783
1818	0.013896924443542957
1819	0.014208989217877388
1820	0.01576683111488819
1821	0.013280517421662807
1822	0.01875535026192665
1823	0.032447826117277145
1824	0.04036412015557289
1825	0.03557667136192322
1826	0.029157573357224464
1827	0.06498702615499496
1828	0.15849053859710693
1829	0.22187422215938568
1830	0.109116330742836
1831	0.07876939326524734
1832	0.016307838261127472
1833	0.013768869452178478
1834	0.011817310936748981
1835	0.010348296724259853
1836	0.012142814695835114
1837	0.014236943796277046
1838	0.00961817242205143
1839	0.009000287391245365
1840	0.010616163723170757
1841	0.013659960590302944
1842	0.02276911772787571
1843	0.1727246344089508
1844	0.03534378856420517
1845	0.02904469706118107
1846	0.016764571890234947
1847	0.08071360737085342
1848	0.37406739592552185
1849	0.6586505770683289
1850	0.8108173608779907
1851	0.8484951257705688
1852	0.8575695157051086
1853	0.5983341336250305
1854	0.6060981154441833
1855	0.5933831334114075
1856	0.6021713614463806
1857	0.3010570704936981
1858	0.397687166929245
1859	0.42520028352737427
1860	0.3497544825077057
1861	0.37901291251182556
1862	0.5657187700271606
1863	0.23581615090370178
1864	0.10958947986364365
1865	0.2380470335483551
1866	0.19610749185085297
1867	0.39416226744651794
1868	0.3648911118507385
1869	0.4428364932537079
1870	0.3040466010570526
1871	0.43149787187576294
1872	0.6468423008918762
1873	0.6504617929458618
1874	0.7631175518035889
1875	0.7724213600158691
1876	0.8740553855895996
1877	0.7616968154907227
1878	0.7905473113059998
1879	0.785549521446228
1880	0.4488947093486786
1881	0.7641947865486145
1882	0.8390160799026489
1883	0.6226003766059875
1884	0.3672357499599457
1885	0.2801353931427002
1886	0.7455449104309082
1887	0.7953516244888306
1888	0.8122754096984863
1889	0.7265906929969788
1890	0.6771596074104309
1891	0.8841726183891296
1892	0.7772688865661621
1893	0.7348549962043762
1894	0.0948764905333519
1895	0.8757858276367188
1896	0.7172315716743469
1897	0.8359654545783997
1898	0.7113809585571289
1899	0.017660951241850853
1900	0.021475767716765404
1901	0.011154530569911003
1902	0.01029149442911148
1903	0.00791152287274599
1904	0.007665781769901514
1905	0.009277665987610817
1906	0.010206957347691059
1907	0.012210745364427567
1908	0.014151808805763721
1909	0.016342058777809143
1910	0.013419145718216896
1911	0.016246967017650604
1912	0.015707269310951233
1913	0.015097416006028652
1914	0.018041007220745087
1915	0.018078217282891273
1916	0.026965230703353882
1917	0.040124233812093735
1918	0.0379268042743206
1919	0.03535997495055199
1920	0.07568613439798355
1921	0.13178172707557678
1922	0.15003108978271484
1923	0.10675032436847687
1924	0.25154682993888855
1925	0.2028277963399887
1926	0.3759237229824066
1927	0.13837464153766632
1928	0.21295781433582306
1929	0.12325485050678253
1930	0.13859187066555023
1931	0.06642347574234009
1932	0.031226132065057755
1933	0.01995624229311943
1934	0.03558855876326561
1935	0.06474938988685608
1936	0.08529683202505112
1937	0.2255774587392807
1938	0.24656783044338226
1939	0.5851386189460754
1940	0.8675808906555176
1941	0.8415836691856384
1942	0.8458330035209656
1943	0.7927112579345703
1944	0.8321623802185059
1945	0.8602142333984375
1946	0.8931354880332947
1947	0.9319311380386353
1948	0.9312024116516113
1949	0.9614931344985962
1950	0.9171868562698364
1951	0.9775890707969666
1952	0.9635738730430603
1953	0.9649373888969421
1954	0.9264575839042664
1955	0.8673343658447266
1956	0.8288915753364563
1957	0.9412677884101868
1958	0.9266840815544128
1959	0.9465446472167969
1960	0.9304699301719666
1961	0.5941959619522095
1962	0.9432238936424255
1963	0.9299201965332031
1964	0.9486677050590515
1965	0.8905229568481445
1966	0.9236418008804321
1967	0.8966522216796875
1968	0.8306034207344055
1969	0.8587366342544556
1970	0.8574304580688477
1971	0.8681440353393555
1972	0.8432801365852356
1973	0.49904918670654297
1974	0.7765681147575378
1975	0.7963890433311462
1976	0.7250995635986328
1977	0.6233092546463013
1978	0.5649067759513855
1979	0.6694474220275879
1980	0.6207743287086487
1981	0.9158287048339844
1982	0.9050283432006836
1983	0.9138715863227844
1984	0.9189180731773376
1985	0.8691635131835938
1986	0.9389236569404602
1987	0.8777273297309875
1988	0.8236002326011658
1989	0.9270356297492981
1990	0.916120707988739
1991	0.9012714624404907
1992	0.9422062039375305
1993	0.9547468423843384
1994	0.9468517303466797
1995	0.9494571089744568
1996	0.9062814712524414
1997	0.9474408030509949
1998	0.8623515963554382
1999	0.924994945526123
2000	0.9092796444892883
2001	0.8678777813911438
2002	0.852076530456543
2003	0.14908044040203094
2004	0.573550820350647
2005	0.6616048812866211
2006	0.25432196259498596
2007	0.2338852733373642
2008	0.33319100737571716
2009	0.16595257818698883
2010	0.25310251116752625
2011	0.07535423338413239
2012	0.045854777097702026
2013	0.04329124093055725
2014	0.030131801962852478
2015	0.020222419872879982
2016	0.026026392355561256
2017	0.013675454072654247
2018	0.01827988401055336
2019	0.016259465366601944
2020	0.01646454632282257
2021	0.015577377751469612
2022	0.01622067764401436
2023	0.01722262240946293
2024	0.020878877490758896
2025	0.010813516564667225
2026	0.011123656295239925
2027	0.007641846779733896
2028	0.01202926505357027
2029	0.011644785292446613
2030	0.01124090701341629
2031	0.01023819949477911
2032	0.010813034139573574
2033	0.008685437962412834
2034	0.01550449151545763
2035	0.015130117535591125
2036	0.00954505242407322
2037	0.0111272307112813
2038	0.008703391999006271
2039	0.014208423905074596
2040	0.01136444415897131
2041	0.00970183964818716
2042	0.010298564098775387
2043	0.00890189316123724
2044	0.014161162078380585
2045	0.015598851256072521
2046	0.015915848314762115
2047	0.009733084589242935
2048	0.0132500771433115
2049	0.013031858019530773
2050	0.01242569275200367
2051	0.011357408948242664
2052	0.014459148049354553
2053	0.011668252758681774
2054	0.014539974741637707
2055	0.01971600577235222
2056	0.015693753957748413
2057	0.014979764819145203
2058	0.013063316233456135
2059	0.016240209341049194
2060	0.017114272341132164
2061	0.015797780826687813
2062	0.014632380567491055
2063	0.014211033470928669
2064	0.01540462113916874
2065	0.015398426912724972
2066	0.018899008631706238
2067	0.018253376707434654
2068	0.012575327418744564
2069	0.023663336411118507
2070	0.014954335056245327
2071	0.017692839726805687
2072	0.014947443269193172
2073	0.013940242119133472
2074	0.01364686619490385
2075	0.013175803236663342
2076	0.008174382150173187
2077	0.01133557315915823
2078	0.016293780878186226
2079	0.012250718660652637
2080	0.020034383982419968
2081	0.011206378228962421
2082	0.01755824126303196
2083	0.012274540029466152
2084	0.024455687031149864
2085	0.016146143898367882
2086	0.01921580731868744
2087	0.02215692587196827
2088	0.018984287977218628
2089	0.012460095807909966
2090	0.011352980509400368
2091	0.011621546931564808
2092	0.016039911657571793
2093	0.016405342146754265
2094	0.016953514888882637
2095	0.01468118466436863
2096	0.015047269873321056
2097	0.011516357772052288
2098	0.011795908212661743
2099	0.013578223995864391
2100	0.015287838876247406
2101	0.014239701442420483
2102	0.013905634172260761
2103	0.02246350236237049
2104	0.015115304850041866
2105	0.01442370843142271
2106	0.016535094007849693
2107	0.014528452418744564
2108	0.01361220981925726
2109	0.020668713375926018
2110	0.01872478425502777
2111	0.015129623003304005
2112	0.01864238642156124
2113	0.0125272860750556
2114	0.010860520415008068
2115	0.010702282190322876
2116	0.012352492660284042
2117	0.012151560746133327
2118	0.020409105345606804
2119	0.0469270795583725
2120	0.042134154587984085
2121	0.0890503078699112
2122	0.05028759315609932
2123	0.03508732095360756
2124	0.07342644780874252
2125	0.045347388833761215
2126	0.038046155124902725
2127	0.056067731231451035
2128	0.08810750395059586
2129	0.07078128308057785
2130	0.08377467840909958
2131	0.12807463109493256
2132	0.1333392858505249
2133	0.10914428532123566
2134	0.10819351673126221
2135	0.06797047704458237
2136	0.09883680194616318
2137	0.10467811673879623
2138	0.10782148689031601
2139	0.1154254674911499
2140	0.08541806787252426
2141	0.17044752836227417
2142	0.06883540004491806
2143	0.03255154937505722
2144	0.030214691534638405
2145	0.025415116921067238
2146	0.04580281302332878
2147	0.09287641197443008
2148	0.046079181134700775
2149	0.05178920179605484
2150	0.0527404360473156
2151	0.1316617876291275
2152	0.09432324022054672
2153	0.10100799053907394
2154	0.05382571369409561
2155	0.16667960584163666
2156	0.09594211727380753
2157	0.12300273030996323
2158	0.20029182732105255
2159	0.2208005040884018
2160	0.3577258288860321
2161	0.3417101204395294
2162	0.3362445533275604
2163	0.5930957198143005
2164	0.4816485345363617
2165	0.30433011054992676
2166	0.37440842390060425
2167	0.2449602633714676
2168	0.1865818053483963
2169	0.14026036858558655
2170	0.1397128701210022
2171	0.0930468961596489
2172	0.26558980345726013
2173	0.22390209138393402
2174	0.17726098001003265
2175	0.03830534219741821
2176	0.04502461478114128
2177	0.02649642899632454
2178	0.03169016167521477
2179	0.019172264263033867
2180	0.017994483932852745
2181	0.020110178738832474
2182	0.06600501388311386
2183	0.26562973856925964
2184	0.2960085868835449
2185	0.09101291000843048
2186	0.08386478573083878
2187	0.12089353054761887
2188	0.09366585314273834
2189	0.16674105823040009
2190	0.22141943871974945
2191	0.7429249882698059
2192	0.8074389696121216
2193	0.6726142168045044
2194	0.16339442133903503
2195	0.21154320240020752
2196	0.5845593810081482
2197	0.53279709815979
2198	0.8878178596496582
2199	0.858924388885498
2200	0.7992690801620483
2201	0.9048362970352173
2202	0.8298183679580688
2203	0.7738860249519348
2204	0.8000691533088684
2205	0.8422317504882812
2206	0.809384822845459
2207	0.9070669412612915
2208	0.7128270268440247
2209	0.633215069770813
2210	0.2947435975074768
2211	0.1197824701666832
2212	0.12627647817134857
2213	0.11317013949155807
2214	0.15076832473278046
2215	0.20768509805202484
2216	0.11548703163862228
2217	0.24730265140533447
2218	0.2280207723379135
2219	0.30612602829933167
2220	0.36779817938804626
2221	0.38025063276290894
2222	0.5678896903991699
2223	0.49379903078079224
2224	0.7985274195671082
2225	0.7767567038536072
2226	0.7280849814414978
2227	0.3636079430580139
2228	0.15554802119731903
2229	0.06409572809934616
2230	0.010343232192099094
2231	0.009431683458387852
2232	0.021333634853363037
2233	0.018608052283525467
2234	0.010593111626803875
2235	0.00815590750426054
2236	0.009612138383090496
2237	0.008877910673618317
2238	0.011364518664777279
2239	0.011849825270473957
2240	0.010136591270565987
2241	0.012587248347699642
2242	0.011349025182425976
2243	0.01234807912260294
2244	0.016418246552348137
2245	0.013409550301730633
2246	0.014284634962677956
2247	0.014856298454105854
2248	0.015256211161613464
2249	0.015469679608941078
2250	0.01932266168296337
2251	0.0164517592638731
2252	0.020327646285295486
2253	0.018980180844664574
2254	0.019210878759622574
2255	0.012121612206101418
2256	0.015629008412361145
2257	0.01878819242119789
2258	0.0166348647326231
2259	0.017891664057970047
2260	0.018689090386033058
2261	0.014481479302048683
2262	0.020426545292139053
2263	0.016774609684944153
2264	0.016238505020737648
2265	0.01725255511701107
2266	0.017678631469607353
2267	0.014693490229547024
2268	0.018260838463902473
2269	0.02074333094060421
2270	0.020209385082125664
2271	0.018262986093759537
2272	0.017488738521933556
2273	0.023646431043744087
2274	0.014351630583405495
2275	0.018048640340566635
2276	0.015602441504597664
2277	0.018017157912254333
2278	0.01641109213232994
2279	0.016168493777513504
2280	0.021129852160811424
2281	0.01966710016131401
2282	0.01992948353290558
2283	0.018329624086618423
2284	0.019617771729826927
2285	0.012762772850692272
2286	0.01804407313466072
2287	0.01690620556473732
2288	0.017281264066696167
2289	0.02034335397183895
2290	0.020607726648449898
2291	0.01934107579290867
2292	0.016551081091165543
2293	0.019515905529260635
2294	0.024271387606859207
2295	0.019191402941942215
2296	0.018447091802954674
2297	0.02186332643032074
2298	0.018389591947197914
2299	0.01971624791622162
2300	0.013423721306025982
2301	0.00764446659013629
2302	0.009245889261364937
2303	0.008936307393014431
2304	0.015124112367630005
2305	0.015547186136245728
2306	0.008311801590025425
2307	0.011147300712764263
2308	0.019380247220396996
2309	0.027549058198928833
2310	0.02291605807840824
2311	0.043036408722400665
2312	0.05120557174086571
2313	0.1961389034986496
2314	0.37012848258018494
2315	0.30607184767723083
2316	0.5776547789573669
2317	0.5091572999954224
2318	0.41344937682151794
2319	0.2619800567626953
2320	0.4831017553806305
2321	0.21064411103725433
2322	0.330314964056015
2323	0.2859566807746887
2324	0.22334769368171692
2325	0.25786781311035156
2326	0.31691065430641174
2327	0.20003609359264374
2328	0.15079380571842194
2329	0.4688437879085541
2330	0.39678889513015747
2331	0.27942514419555664
2332	0.21898432075977325
2333	0.43921786546707153
2334	0.37129029631614685
2335	0.12657228112220764
2336	0.37694743275642395
2337	0.6618072390556335
2338	0.457495778799057
2339	0.5509178042411804
2340	0.34920549392700195
2341	0.3458062708377838
2342	0.44661179184913635
2343	0.6134435534477234
2344	0.4206862449645996
2345	0.2905603349208832
2346	0.42312344908714294
2347	0.42780834436416626
2348	0.6009063720703125
2349	0.31762662529945374
2350	0.18390078842639923
2351	0.2934584617614746
2352	0.1370674967765808
2353	0.15710441768169403
2354	0.11970372498035431
2355	0.08003556728363037
2356	0.23668353259563446
2357	0.24581074714660645
2358	0.16153785586357117
2359	0.06906723231077194
2360	0.01450325082987547
2361	0.008883283473551273
2362	0.009617948904633522
2363	0.008277001790702343
2364	0.010649792850017548
2365	0.009965631179511547
2366	0.010583378374576569
2367	0.010069902054965496
2368	0.012735060416162014
2369	0.022763460874557495
2370	0.014174631796777248
2371	0.012634128332138062
2372	0.011985073797404766
2373	0.012103921733796597
2374	0.010954051278531551
2375	0.012474310584366322
2376	0.0139070525765419
2377	0.010901957750320435
2378	0.011559474281966686
2379	0.008521594107151031
2380	0.01395390648394823
2381	0.011402844451367855
2382	0.019723039120435715
2383	0.4816949963569641
2384	0.4608040750026703
2385	0.41134414076805115
2386	0.6033709645271301
2387	0.5189350247383118
2388	0.5625979900360107
2389	0.3807995617389679
2390	0.394947350025177
2391	0.5324720144271851
2392	0.6464154124259949
2393	0.6408527493476868
2394	0.5426310300827026
2395	0.6186617612838745
2396	0.5449824333190918
2397	0.38739755749702454
2398	0.2101023644208908
2399	0.054770004004240036
2400	0.01794065348803997
2401	0.008782317861914635
2402	0.009025488048791885
2403	0.008752343244850636
2404	0.01193924155086279
2405	0.012121801264584064
2406	0.01314601581543684
2407	0.0123045165091753
2408	0.010950756259262562
2409	0.018253223970532417
2410	0.020454708486795425
2411	0.015725070610642433
2412	0.024303285405039787
2413	0.01797383837401867
2414	0.023231511935591698
2415	0.02008443884551525
2416	0.08358507603406906
2417	0.20713643729686737
2418	0.15360687673091888
2419	0.11293890327215195
2420	0.06777995079755783
2421	0.09107954800128937
2422	0.1321389526128769
2423	0.11182420700788498
2424	0.06651383638381958
2425	0.43906185030937195
2426	0.32140079140663147
2427	0.2560994327068329
2428	0.2725846469402313
2429	0.21651892364025116
2430	0.06460808962583542
2431	0.017800239846110344
2432	0.017643388360738754
2433	0.014456391334533691
2434	0.017345277592539787
2435	0.014358541928231716
2436	0.01230147760361433
2437	0.012246538884937763
2438	0.01759433187544346
2439	0.02067227102816105
2440	0.013553974218666553
2441	0.014975097961723804
2442	0.01848904974758625
2443	0.013383961282670498
2444	0.01444415282458067
2445	0.01353722345083952
2446	0.015269669704139233
2447	0.016677016392350197
2448	0.01465186383575201
2449	0.01305939257144928
2450	0.01594204269349575
2451	0.015766166150569916
2452	0.021626044064760208
2453	0.012351896613836288
2454	0.01294481661170721
2455	0.012969470582902431
2456	0.016199976205825806
2457	0.016532719135284424
2458	0.01671447791159153
2459	0.017125772312283516
2460	0.01975349709391594
2461	0.016158660873770714
2462	0.01796254888176918
2463	0.01648799516260624
2464	0.016470937058329582
2465	0.012987765483558178
2466	0.011225561611354351
2467	0.016047192737460136
2468	0.013733990490436554
2469	0.016663817688822746
2470	0.020253626629710197
2471	0.017899613827466965
2472	0.01071811281144619
2473	0.021707972511649132
2474	0.02340715564787388
2475	0.020654505118727684
2476	0.012724711559712887
2477	0.011832422576844692
2478	0.016256147995591164
2479	0.016040215268731117
2480	0.011033524759113789
2481	0.013820374384522438
2482	0.01424036081880331
2483	0.014104238711297512
2484	0.0139476228505373
2485	0.013078346848487854
2486	0.010832940228283405
2487	0.015558779239654541
2488	0.017195211723446846
2489	0.054225802421569824
2490	0.0496811680495739
2491	0.059464890509843826
2492	0.05646943673491478
2493	0.13378258049488068
2494	0.017671890556812286
2495	0.08890681713819504
2496	0.022929171100258827
2497	0.04902446269989014
2498	0.04456421360373497
2499	0.04154714569449425
2500	0.017415812239050865
2501	0.024154532700777054
2502	0.03229353949427605
2503	0.0246164258569479
2504	0.039593081921339035
2505	0.033256322145462036
2506	0.03761231154203415
2507	0.06992043554782867
2508	0.037072133272886276
2509	0.046552352607250214
2510	0.02539605274796486
2511	0.029223037883639336
2512	0.03506697341799736
2513	0.020706340670585632
2514	0.028505003079771996
2515	0.06538130342960358
2516	0.014566391706466675
2517	0.02099883370101452
2518	0.049039483070373535
2519	0.04114948958158493
2520	0.04970989748835564
2521	0.04955232888460159
2522	0.055764127522706985
2523	0.09189163893461227
2524	0.030624249950051308
2525	0.023480912670493126
2526	0.024629153311252594
2527	0.0483207106590271
2528	0.0811554342508316
2529	0.12840403616428375
2530	0.11907171458005905
2531	0.1972896307706833
2532	0.16618160903453827
2533	0.1381644308567047
2534	0.22829651832580566
2535	0.3004690706729889
2536	0.23042669892311096
2537	0.4128916263580322
2538	0.14949342608451843
2539	0.16483226418495178
2540	0.017961718142032623
2541	0.012053515762090683
2542	0.02182612195611
2543	0.02746671251952648
2544	0.04597600921988487
2545	0.03159886226058006
2546	0.043569982051849365
2547	0.024625519290566444
2548	0.03887607157230377
2549	0.02910127118229866
2550	0.027280962094664574
2551	0.011734587140381336
2552	0.013373278081417084
2553	0.014512884430587292
2554	0.016143474727869034
2555	0.014576843939721584
2556	0.013158686459064484
2557	0.02242019772529602
2558	0.009508057497441769
2559	0.030227376148104668
2560	0.04917795583605766
2561	0.08341009169816971
2562	0.24865126609802246
2563	0.34200167655944824
2564	0.3969583213329315
2565	0.5611578822135925
2566	0.6719099879264832
2567	0.6222335696220398
2568	0.2855711281299591
2569	0.3496796786785126
2570	0.035959672182798386
2571	0.03012746386229992
2572	0.018418535590171814
2573	0.011307353153824806
2574	0.008230379782617092
2575	0.0071967351250350475
2576	0.007681054063141346
2577	0.006745760329067707
2578	0.007468522991985083
2579	0.006420403718948364
2580	0.006370950024574995
2581	0.006309220101684332
2582	0.007845550775527954
2583	0.00738988583907485
2584	0.00805258471518755
2585	0.00629403768107295
2586	0.006867117714136839
2587	0.00792898889631033
