frame	prob
0	0.0027101379819214344
1	0.0031483143102377653
2	0.00329758832231164
3	0.0036280702333897352
4	0.0030448485631495714
5	0.0031565676908940077
6	0.0025944688823074102
7	0.003002640325576067
8	0.003180069848895073
9	0.002945227548480034
10	0.0028635147027671337
11	0.003064787946641445
12	0.003617464331910014
13	0.0035524112172424793
14	0.0034494714345782995
15	0.0032717480789870024
16	0.0030196390580385923
17	0.003197617828845978
18	0.0033009268809109926
19	0.0029843803495168686
20	0.0034076981246471405
21	0.0033260562922805548
22	0.0035061598755419254
23	0.00414531072601676
24	0.0031888738740235567
25	0.003395247971639037
26	0.0033646186348050833
27	0.003307342529296875
28	0.003326332662254572
29	0.0028641491662710905
30	0.0037920342292636633
31	0.004204812925308943
32	0.004013049881905317
33	0.004683378152549267
34	0.004283476155251265
35	0.004551696125417948
36	0.0044107586145401
37	0.004040325991809368
38	0.004509385675191879
39	0.004775937646627426
40	0.004337230697274208
41	0.004627916030585766
42	0.005086810793727636
43	0.0048553431406617165
44	0.005334747489541769
45	0.005098901689052582
46	0.004091098438948393
47	0.004673758987337351
48	0.006133655551820993
49	0.005154023878276348
50	0.005851087160408497
51	0.0074371336959302425
52	0.006701548583805561
53	0.008406687527894974
54	0.008097986690700054
55	0.00732974661514163
56	0.007022544741630554
57	0.006887419614940882
58	0.007051472552120686
59	0.020572606474161148
60	0.02371605485677719
61	0.03586626052856445
62	0.01112932525575161
63	0.010422256775200367
64	0.0068411799147725105
65	0.009704135358333588
66	0.009546684101223946
67	0.014270330779254436
68	0.01044988539069891
69	0.011499284766614437
70	0.011656691320240498
71	0.00699404114857316
72	0.005386703182011843
73	0.007093600928783417
74	0.022436602041125298
75	0.01947055570781231
76	0.009134535677731037
77	0.009778705425560474
78	0.007156667299568653
79	0.006649847608059645
80	0.00698121776804328
81	0.005606391467154026
82	0.0062790848314762115
83	0.007333849556744099
84	0.009715549647808075
85	0.015021692030131817
86	0.013501144014298916
87	0.01671679876744747
88	0.017671119421720505
89	0.018830163404345512
90	0.025210252031683922
91	0.021814053878188133
92	0.02159763127565384
93	0.02934076450765133
94	0.059103526175022125
95	0.044172246009111404
96	0.02721417509019375
97	0.025699904188513756
98	0.02709444798529148
99	0.0514364056289196
100	0.08448463678359985
101	0.35964134335517883
102	0.2281176894903183
103	0.273934543132782
104	0.28076133131980896
105	0.27142348885536194
106	0.4710180461406708
107	0.25034481287002563
108	0.3627932071685791
109	0.5401865243911743
110	0.4206266403198242
111	0.476471871137619
112	0.5662237405776978
113	0.43838292360305786
114	0.37360137701034546
115	0.18812917172908783
116	0.2275681495666504
117	0.418159544467926
118	0.2360835075378418
119	0.2788209915161133
120	0.522666871547699
121	0.9024419188499451
122	0.8646566271781921
123	0.9352327585220337
124	0.8107792139053345
125	0.9124907851219177
126	0.9765475392341614
127	0.9678463339805603
128	0.9729887843132019
129	0.9804019331932068
130	0.977832019329071
131	0.9447008967399597
132	0.8812637329101562
133	0.9489885568618774
134	0.901242196559906
135	0.9247601628303528
136	0.9196460843086243
137	0.9235051274299622
138	0.9642905592918396
139	0.9772505164146423
140	0.9392020106315613
141	0.9638918042182922
142	0.8985403180122375
143	0.9339126944541931
144	0.9541102647781372
145	0.8889446258544922
146	0.9392658472061157
147	0.8842849135398865
148	0.8813344240188599
149	0.7970513105392456
150	0.805022656917572
151	0.9019180536270142
152	0.8609423041343689
153	0.8121395111083984
154	0.8529087901115417
155	0.8740953803062439
156	0.8569297790527344
157	0.9251615405082703
158	0.7821121215820312
159	0.9269649386405945
160	0.8747108578681946
161	0.8331072926521301
162	0.8679910898208618
163	0.9608122110366821
164	0.805577278137207
165	0.9476563334465027
166	0.9635249972343445
167	0.9737703204154968
168	0.9679847955703735
169	0.8837838172912598
170	0.8033227920532227
171	0.38046061992645264
172	0.027085423469543457
173	0.029151851311326027
174	0.020412076264619827
175	0.02577275037765503
176	0.02092405967414379
177	0.034344371408224106
178	0.01527571864426136
179	0.6224338412284851
180	0.5054344534873962
181	0.7274765968322754
182	0.9178434610366821
183	0.9511606097221375
184	0.9409389495849609
185	0.9139660000801086
186	0.7792357802391052
187	0.09155021607875824
188	0.013935321941971779
189	0.017152057960629463
190	0.01782718300819397
191	0.02025761269032955
192	0.01907995529472828
193	0.012206903658807278
194	0.014461827464401722
195	0.013099685311317444
196	0.014019936323165894
197	0.018090102821588516
198	0.01839285157620907
199	0.03065606951713562
200	0.025316184386610985
201	0.019650069996714592
202	0.02487071044743061
203	0.018276600167155266
204	0.029106656089425087
205	0.020670561119914055
206	0.015477393753826618
207	0.013367811217904091
208	0.015543696470558643
209	0.009260374121367931
210	0.012695941142737865
211	0.011484610848128796
212	0.017287375405430794
213	0.019442690536379814
214	0.01324941124767065
215	0.01641639694571495
216	0.014064410701394081
217	0.023368382826447487
218	0.05608530715107918
219	0.03330580145120621
220	0.023172317072749138
221	0.018328789621591568
222	0.017302660271525383
223	0.011773088946938515
224	0.014585829339921474
225	0.013825657777488232
226	0.016788998618721962
227	0.015744084492325783
228	0.013714700005948544
229	0.018263353034853935
230	0.018282374367117882
231	0.017123308032751083
232	0.017721420153975487
233	0.0169266015291214
234	0.016665762290358543
235	0.01671467162668705
236	0.016816560178995132
237	0.02133624628186226
238	0.01880619488656521
239	0.0177146103233099
240	0.011162258684635162
241	0.01660340093076229
242	0.012956835329532623
243	0.015286291018128395
244	0.013409651815891266
245	0.015507036820054054
246	0.016976825892925262
247	0.02060778997838497
248	0.01642356440424919
249	0.02119031921029091
250	0.020713621750473976
251	0.01800335757434368
252	0.017094150185585022
253	0.01738072745501995
254	0.022885216400027275
255	0.018657706677913666
256	0.022405197843909264
257	0.0340583398938179
258	0.020725717768073082
259	0.020771965384483337
260	0.016867956146597862
261	0.017784593626856804
262	0.018715357407927513
263	0.019036171957850456
264	0.014894760213792324
265	0.014132197014987469
266	0.015653003007173538
267	0.01979888789355755
268	0.017878001555800438
269	0.007793770637363195
270	0.005677848123013973
271	0.006326319184154272
272	0.008018450811505318
273	0.009584695100784302
274	0.014534808695316315
275	0.016740670427680016
276	0.01382878702133894
277	0.015571235679090023
278	0.013137522153556347
279	0.017721472308039665
280	0.01449507474899292
281	0.011905974708497524
282	0.014709213748574257
283	0.008566825650632381
284	0.007441781461238861
285	0.008770923130214214
286	0.007044382393360138
287	0.006974519696086645
288	0.008724660612642765
289	0.008169913664460182
290	0.012882671318948269
291	0.0072687226347625256
292	0.007684709038585424
293	0.00632217014208436
294	0.008232847787439823
295	0.006648617330938578
296	0.006395121570676565
297	0.007074897177517414
298	0.005417216569185257
299	0.004767449572682381
300	0.004154623951762915
301	0.003748322604224086
302	0.004125647712498903
303	0.004224230069667101
304	0.0037544071674346924
305	0.0039704046212136745
306	0.004080452024936676
307	0.00440901517868042
308	0.0035764530766755342
309	0.003944926895201206
310	0.004644173663109541
311	0.0035617747344076633
312	0.0038432739675045013
313	0.004486548248678446
314	0.004741124343127012
315	0.004018714185804129
316	0.004383313003927469
317	0.004454616457223892
318	0.006369824055582285
319	0.005306838545948267
320	0.007161143701523542
321	0.006280210800468922
322	0.0051696100272238255
323	0.004944852087646723
324	0.0038606475573033094
325	0.005179262720048428
326	0.005765560548752546
327	0.00518761808052659
328	0.00527627719566226
329	0.005330301821231842
330	0.004363834857940674
331	0.005791325122117996
332	0.00788557156920433
333	0.00864365603774786
334	0.008377425372600555
335	0.006450433284044266
336	0.008060785010457039
337	0.0061835902743041515
338	0.007196942809969187
339	0.005360979586839676
340	0.004819413181394339
341	0.004415517207235098
342	0.005531775765120983
343	0.004922894295305014
344	0.003940989729017019
345	0.003851688699796796
346	0.004333155229687691
347	0.0032065659761428833
348	0.003600507276132703
349	0.003037920920178294
350	0.0030375837814062834
351	0.003469807328656316
352	0.0029510369058698416
353	0.0023641777224838734
354	0.002769410377368331
355	0.002584113273769617
356	0.003503231331706047
357	0.0030840865802019835
358	0.003029785817489028
359	0.002854714635759592
360	0.002939395373687148
361	0.003302206052467227
362	0.0032796987798064947
363	0.0030749270226806402
364	0.00419491296634078
365	0.0031221748795360327
366	0.003605882404372096
367	0.0039930143393576145
368	0.005016428418457508
369	0.005006488878279924
370	0.005223374348133802
371	0.004580624867230654
372	0.004461925942450762
373	0.003344054566696286
374	0.0037049520760774612
375	0.0045094722881913185
376	0.00558465626090765
377	0.004272690042853355
378	0.004335946869105101
379	0.0043657454662024975
380	0.004934648517519236
381	0.004557276610285044
382	0.004506021738052368
383	0.003891320899128914
384	0.0034722175914794207
385	0.0035447690170258284
386	0.005662643816322088
387	0.006648673210293055
388	0.005526210647076368
389	0.008686806075274944
390	0.00564329931512475
391	0.005238062236458063
392	0.003914011642336845
393	0.0036067035980522633
394	0.004371643997728825
395	0.005277802236378193
396	0.006469331681728363
397	0.007867994718253613
398	0.007842879742383957
399	0.008062188513576984
400	0.00663706986233592
401	0.004779163748025894
402	0.007549682166427374
403	0.006770511157810688
404	0.006388675421476364
405	0.005694265943020582
406	0.013995187357068062
407	0.011856096796691418
408	0.017188793048262596
409	0.016789019107818604
410	0.011731795966625214
411	0.013025673106312752
412	0.013199999928474426
413	0.00740823894739151
414	0.006342618260532618
415	0.007889552973210812
416	0.009272766299545765
417	0.009774058125913143
418	0.008106286637485027
419	0.007955128327012062
420	0.007448023650795221
421	0.00761438999325037
422	0.007522125728428364
423	0.005521705839782953
424	0.004953976254910231
425	0.0041275909170508385
426	0.00429908512160182
427	0.0032797798048704863
428	0.00414728419855237
429	0.004672125913202763
430	0.004190221894532442
431	0.005711172707378864
432	0.004658070858567953
433	0.004366777371615171
434	0.005088705103844404
435	0.0038733684923499823
436	0.0037543163634836674
437	0.003783751977607608
438	0.0051397294737398624
439	0.005397345870733261
440	0.006155386567115784
441	0.005158337764441967
442	0.005295852664858103
443	0.0038310580421239138
444	0.004174382425844669
445	0.0036324732936918736
446	0.0034629690926522017
447	0.004966933745890856
448	0.004583718720823526
449	0.004787166602909565
450	0.004404758103191853
451	0.004740642849355936
452	0.005116100888699293
453	0.008156596682965755
454	0.0060588340274989605
455	0.0059699187986552715
456	0.005613300483673811
457	0.005813737865537405
458	0.005395793821662664
459	0.004129704553633928
460	0.004290844779461622
461	0.0038238060660660267
462	0.004600109066814184
463	0.004391576629132032
464	0.0038111580070108175
465	0.00424059247598052
466	0.005167244467884302
467	0.0043544345535337925
468	0.0056055025197565556
469	0.006205316632986069
470	0.006256905384361744
471	0.008263252675533295
472	0.005793344229459763
473	0.0059002600610256195
474	0.005929333157837391
475	0.0068483552895486355
476	0.0077684842981398106
477	0.005713395308703184
478	0.005722168833017349
479	0.007397931069135666
480	0.006649917457252741
481	0.006176827009767294
482	0.0049079167656600475
483	0.005468782968819141
484	0.005682496819645166
485	0.006476897280663252
486	0.0054556033574044704
487	0.005439775995910168
488	0.005306098144501448
489	0.0040000625886023045
490	0.006492216140031815
491	0.005768921226263046
492	0.008708827197551727
493	0.0070379446260631084
494	0.00797181949019432
495	0.008695323951542377
496	0.007745859678834677
497	0.00589357316493988
498	0.006727485451847315
499	0.007860174402594566
500	0.004190436098724604
501	0.006477625574916601
502	0.006296744104474783
503	0.009942351840436459
504	0.010631446726620197
505	0.015465321950614452
506	0.011223621666431427
507	0.010738707147538662
508	0.01392990630120039
509	0.01277383603155613
510	0.009204615838825703
511	0.011601111851632595
512	0.01279403269290924
513	0.014242822304368019
514	0.009282662533223629
515	0.008515700697898865
516	0.009079775772988796
517	0.011193095706403255
518	0.010729920119047165
519	0.007963031530380249
520	0.00856800563633442
521	0.007511624135077
522	0.011068417690694332
523	0.012931463308632374
524	0.008656603284180164
525	0.010700618848204613
526	0.009673659689724445
527	0.009621130302548409
528	0.012325135059654713
529	0.014507371000945568
530	0.012512308545410633
531	0.01465210597962141
532	0.010338069871068
533	0.011435178108513355
534	0.01232084073126316
535	0.009348121471703053
536	0.009033970534801483
537	0.010469077154994011
538	0.011341731064021587
539	0.010447218082845211
540	0.013159597292542458
541	0.009941854514181614
542	0.008638701401650906
543	0.012435485608875751
544	0.011480381712317467
545	0.0077068316750228405
546	0.008405162021517754
547	0.009077727794647217
548	0.012773378752171993
549	0.014707702212035656
550	0.010337892919778824
551	0.006934288889169693
552	0.013958021998405457
553	0.010871196165680885
554	0.0072782994247972965
555	0.00881391204893589
556	0.009601247496902943
557	0.013107744045555592
558	0.016237447038292885
559	0.015049278736114502
560	0.02067243866622448
561	0.020940208807587624
562	0.022332772612571716
563	0.016505537554621696
564	0.01092145312577486
565	0.013997946865856647
566	0.010395144112408161
567	0.0071131088770926
568	0.006086691748350859
569	0.010948657058179379
570	0.009793427772819996
571	0.01184659730643034
572	0.011900904588401318
573	0.012303476221859455
574	0.012535168789327145
575	0.01149681955575943
576	0.010414551012217999
577	0.008520679548382759
578	0.008956489153206348
579	0.00743128964677453
580	0.009273040108382702
581	0.008967414498329163
582	0.008257160894572735
583	0.009257147088646889
584	0.011072462424635887
585	0.012083354406058788
586	0.011312688700854778
587	0.01440636720508337
588	0.013462386094033718
589	0.012067443691194057
590	0.01274842768907547
591	0.013551023788750172
592	0.011905863881111145
593	0.013953492045402527
594	0.010631384328007698
595	0.010380564257502556
596	0.010051732882857323
597	0.011434878222644329
598	0.012297644279897213
599	0.01097680814564228
600	0.00825994648039341
601	0.01555636990815401
602	0.009911937639117241
603	0.008927351795136929
604	0.01410955935716629
605	0.011802593246102333
606	0.013958925381302834
607	0.012260793708264828
608	0.013030389323830605
609	0.011374760419130325
610	0.011100421659648418
611	0.014103055000305176
612	0.012183653190732002
613	0.012050772085785866
614	0.010187134146690369
615	0.011423504911363125
616	0.010952404700219631
617	0.011589503847062588
618	0.012749135494232178
619	0.011269188486039639
620	0.010010200552642345
621	0.012570393271744251
622	0.011127902194857597
623	0.010574840940535069
624	0.007660594768822193
625	0.007950822822749615
626	0.011968403123319149
627	0.009548254311084747
628	0.012355203740298748
629	0.007644354831427336
630	0.012893619947135448
631	0.012060783803462982
632	0.01427434105426073
633	0.014332294464111328
634	0.013922682963311672
635	0.013954440131783485
636	0.009381224401295185
637	0.00991660263389349
638	0.009643055498600006
639	0.0136503791436553
640	0.011829464696347713
641	0.00972678791731596
642	0.011597593314945698
643	0.013128930702805519
644	0.009723312221467495
645	0.012319992296397686
646	0.01599881425499916
647	0.013107172213494778
648	0.01184453722089529
649	0.012972940690815449
650	0.014734524302184582
651	0.012705949135124683
652	0.01098125334829092
653	0.012016846798360348
654	0.011905426159501076
655	0.012669366784393787
656	0.01035585068166256
657	0.012430197559297085
658	0.012462135404348373
659	0.012600265443325043
660	0.012191801331937313
661	0.012659682892262936
662	0.010608980432152748
663	0.012436524033546448
664	0.010962201282382011
665	0.010676880367100239
666	0.010432706214487553
667	0.011868800036609173
668	0.012127790600061417
669	0.012681148946285248
670	0.013180434703826904
671	0.013604891486465931
672	0.009725174866616726
673	0.01092806551605463
674	0.011669524013996124
675	0.012187883257865906
676	0.014414387755095959
677	0.01120061706751585
678	0.013920013792812824
679	0.015543087385594845
680	0.013434397988021374
681	0.012115094810724258
682	0.010912022553384304
683	0.011255793273448944
684	0.009531798772513866
685	0.009249440394341946
686	0.009591259062290192
687	0.011176836676895618
688	0.009567860513925552
689	0.013396437279880047
690	0.011637520976364613
691	0.00901328306645155
692	0.013003602623939514
693	0.008905651047825813
694	0.011083998717367649
695	0.011068827472627163
696	0.00993762444704771
697	0.007952566258609295
698	0.009521186351776123
699	0.010489421896636486
700	0.009197480976581573
701	0.012135335244238377
702	0.00916525349020958
703	0.00969014223664999
704	0.012238656170666218
705	0.01755201444029808
706	0.0069750710390508175
707	0.006430904846638441
708	0.009362543933093548
709	0.011975827626883984
710	0.010394073091447353
711	0.009392635896801949
712	0.01193720381706953
713	0.010888817720115185
714	0.012449030764400959
715	0.013148942962288857
716	0.010966143570840359
717	0.013170517981052399
718	0.010983876883983612
719	0.012208736501634121
720	0.014490385539829731
721	0.016476145014166832
722	0.016553251072764397
723	0.016860580071806908
724	0.021298503503203392
725	0.015806345269083977
726	0.016492649912834167
727	0.018066873773932457
728	0.013260525651276112
729	0.019885791465640068
730	0.01818760111927986
731	0.016779927536845207
732	0.01514263916760683
733	0.013956824317574501
734	0.013105520978569984
735	0.019315917044878006
736	0.01737118884921074
737	0.019603513181209564
738	0.016643865033984184
739	0.022056803107261658
740	0.017569804564118385
741	0.025069117546081543
742	0.018994590267539024
743	0.017212120816111565
744	0.008982164785265923
745	0.010292574763298035
746	0.00878443568944931
747	0.014225022867321968
748	0.012784053571522236
749	0.009086847305297852
750	0.010182666592299938
751	0.013768945820629597
752	0.010533875785768032
753	0.011288548819720745
754	0.010133130475878716
755	0.011502258479595184
756	0.01008312962949276
757	0.010543507523834705
758	0.011277668178081512
759	0.007952974177896976
760	0.009799383580684662
761	0.011697700247168541
762	0.009974643588066101
763	0.00918652769178152
764	0.009912309236824512
765	0.010152127593755722
766	0.008235960267484188
767	0.010487151332199574
768	0.008633242920041084
769	0.01365303248167038
770	0.01373736560344696
771	0.0121017349883914
772	0.011534382589161396
773	0.009933637455105782
774	0.009893844835460186
775	0.006229917053133249
776	0.005446156952530146
777	0.006794384215027094
778	0.007545292377471924
779	0.005571846850216389
780	0.0057471804320812225
781	0.005776979029178619
782	0.006883685477077961
783	0.007317850831896067
784	0.007894983515143394
785	0.007227641995996237
786	0.007255095522850752
787	0.005402071867138147
788	0.005837169475853443
789	0.006253341678529978
790	0.007449246942996979
791	0.005909582134336233
792	0.015745805576443672
793	0.014607307501137257
794	0.022973304614424706
795	0.012149914167821407
796	0.010776445269584656
797	0.008654179982841015
798	0.009443487040698528
799	0.008176549337804317
800	0.006426933687180281
801	0.005788702052086592
802	0.0045728436671197414
803	0.007636484690010548
804	0.007209440227597952
805	0.007718122098594904
806	0.006754352245479822
807	0.007433427032083273
808	0.005489226430654526
809	0.006129941437393427
810	0.008925470523536205
811	0.009265494532883167
812	0.007273431401699781
813	0.009300158359110355
814	0.009020957164466381
815	0.006490168161690235
816	0.010546533390879631
817	0.005167694296687841
818	0.00492481142282486
819	0.00498086167499423
820	0.004830644465982914
821	0.006660695653408766
822	0.0050672744400799274
823	0.00699577433988452
824	0.005691814702004194
825	0.006259432528167963
826	0.008120166137814522
827	0.007754907011985779
828	0.007331691682338715
829	0.005769559647887945
830	0.005790970753878355
831	0.0056294328533113
832	0.004766072612255812
833	0.00462949788197875
834	0.003831196576356888
835	0.004511830396950245
836	0.005245127249509096
837	0.006338469684123993
838	0.005609528627246618
839	0.006159861572086811
840	0.005343979690223932
841	0.006675287615507841
842	0.007963981479406357
843	0.007528404239565134
844	0.009629896841943264
845	0.007183939218521118
846	0.00827851053327322
847	0.009510672651231289
848	0.008719177916646004
849	0.011827505193650723
850	0.01151468139141798
851	0.008238825015723705
852	0.006529463920742273
853	0.006212345324456692
854	0.00623965123668313
855	0.005570658016949892
856	0.004599063191562891
857	0.005701601505279541
858	0.0065912529826164246
859	0.006082717329263687
860	0.005609233397990465
861	0.007675683591514826
862	0.007398364599794149
863	0.006323623936623335
864	0.005492964759469032
865	0.005528296809643507
866	0.005829906091094017
867	0.004962970968335867
868	0.0031765811145305634
869	0.00468241423368454
870	0.004582140129059553
871	0.0037284584250301123
872	0.004183814860880375
873	0.0034345053136348724
874	0.0034227787982672453
875	0.0030962845776230097
876	0.0038465477991849184
877	0.00411115912720561
878	0.003855933202430606
879	0.003652905346825719
880	0.004036305006593466
881	0.0037235827185213566
882	0.004706609528511763
883	0.005072546191513538
884	0.005171251483261585
885	0.004775607027113438
886	0.00478917034342885
887	0.0048614502884447575
888	0.006201155949383974
889	0.004629993345588446
890	0.004172012209892273
891	0.004077294375747442
892	0.0048487307503819466
893	0.00520772859454155
894	0.004208359867334366
895	0.0048890854232013226
896	0.004122649785131216
897	0.004664480686187744
898	0.003322077915072441
899	0.0033980649895966053
900	0.002746316371485591
901	0.0036445173900574446
902	0.0026091118343174458
903	0.003135823179036379
904	0.0031847283244132996
905	0.0033513852395117283
906	0.0031223278492689133
907	0.0037668850272893906
908	0.0030365833081305027
909	0.0036869351752102375
910	0.0038644582964479923
911	0.004166223108768463
912	0.0031663235276937485
913	0.004307772032916546
914	0.003691586432978511
915	0.003833178896456957
916	0.0034906857181340456
917	0.004531893879175186
918	0.0052243187092244625
919	0.006031432189047337
920	0.005419607739895582
921	0.005165373906493187
922	0.004981887526810169
923	0.005786506459116936
924	0.0057341051287949085
925	0.006600925233215094
926	0.005631753709167242
927	0.005687052384018898
928	0.006560593377798796
929	0.006675533950328827
930	0.006074214819818735
931	0.00619476055726409
932	0.00751891965046525
933	0.006255915854126215
934	0.008225871250033379
935	0.008019942790269852
936	0.008800679817795753
937	0.007051475346088409
938	0.007747586350888014
939	0.012280172668397427
940	0.010227734223008156
941	0.009904484264552593
942	0.010379462502896786
943	0.016607603058218956
944	0.018921423703432083
945	0.01806735061109066
946	0.02702592872083187
947	0.02310110442340374
948	0.052440207451581955
949	0.04292351007461548
950	0.032386548817157745
951	0.03321352228522301
952	0.02463575452566147
953	0.024456627666950226
954	0.019681448116898537
955	0.03430179879069328
956	0.04807392880320549
957	0.2479441612958908
958	0.40259161591529846
959	0.39041170477867126
960	0.3372053802013397
961	0.4155280292034149
962	0.3946826159954071
963	0.4386936128139496
964	0.28926271200180054
965	0.3613449037075043
966	0.6389650106430054
967	0.3344514071941376
968	0.2893414795398712
969	0.11386007070541382
970	0.0056631905026733875
971	0.012298665009438992
972	0.03511003777384758
973	0.020277775824069977
974	0.011331203393638134
975	0.010629410855472088
976	0.008893952704966068
977	0.011313870549201965
978	0.009955517947673798
979	0.014122786931693554
980	0.017978746443986893
981	0.02228953316807747
982	0.023468051105737686
983	0.013249427080154419
984	0.013366465456783772
985	0.019340811297297478
986	0.0197188388556242
987	0.015831025317311287
988	0.011099249124526978
989	0.01412183791399002
990	0.01888655498623848
991	0.016268035396933556
992	0.016502974554896355
993	0.01186894066631794
994	0.017626387998461723
995	0.016322536394000053
996	0.010254851542413235
997	0.012269879691302776
998	0.013648362830281258
999	0.03344283998012543
1000	0.056159354746341705
1001	0.07940246909856796
1002	0.019440867006778717
1003	0.018076216802001
1004	0.012542813085019588
1005	0.01375947892665863
1006	0.014494262635707855
1007	0.016913598403334618
1008	0.01784565858542919
1009	0.021015776321291924
1010	0.027323633432388306
1011	0.06941908597946167
1012	0.07600846141576767
1013	0.15982197225093842
1014	0.12196487188339233
1015	0.16270016133785248
1016	0.36135607957839966
1017	0.4098542332649231
1018	0.4308941066265106
1019	0.12378805130720139
1020	0.03305429965257645
1021	0.048948101699352264
1022	0.007841809652745724
1023	0.010003462433815002
1024	0.0075921774841845036
1025	0.00991105753928423
1026	0.008464345708489418
1027	0.010198037140071392
1028	0.009408026933670044
1029	0.011400820687413216
1030	0.03643467649817467
1031	0.36921223998069763
1032	0.6973498463630676
1033	0.7703319787979126
1034	0.9415258765220642
1035	0.9333589673042297
1036	0.9730121493339539
1037	0.8797170519828796
1038	0.9242987036705017
1039	0.8712448477745056
1040	0.9095859527587891
1041	0.8854468464851379
1042	0.8089491128921509
1043	0.6288789510726929
1044	0.3146781623363495
1045	0.3055635094642639
1046	0.22929058969020844
1047	0.2606871426105499
1048	0.5384662747383118
1049	0.7445361018180847
1050	0.6779630780220032
1051	0.6154956221580505
1052	0.16844525933265686
1053	0.05613185092806816
1054	0.09987734258174896
1055	0.13225023448467255
1056	0.08906573057174683
1057	0.17802686989307404
1058	0.18303702771663666
1059	0.1577378511428833
1060	0.042975135147571564
1061	0.08041840046644211
1062	0.01981031894683838
1063	0.018222037702798843
1064	0.019053827971220016
1065	0.02531164325773716
1066	0.016398629173636436
1067	0.02668715827167034
1068	0.019509287551045418
1069	0.023797744885087013
1070	0.026288921013474464
1071	0.017497044056653976
1072	0.011669221334159374
1073	0.010909649543464184
1074	0.010133356787264347
1075	0.010108395479619503
1076	0.013828280381858349
1077	0.013030295260250568
1078	0.014639796689152718
1079	0.018069816753268242
1080	0.012542563490569592
1081	0.016289804130792618
1082	0.011161829344928265
1083	0.010988614521920681
1084	0.011320654302835464
1085	0.009197505190968513
1086	0.007206764072179794
1087	0.007761120796203613
1088	0.0073820180259644985
1089	0.007724780589342117
1090	0.007118897046893835
1091	0.011099589057266712
1092	0.010096031241118908
1093	0.006900526117533445
1094	0.0069661871530115604
1095	0.005310774780809879
1096	0.009616035036742687
1097	0.008551913313567638
1098	0.006442749407142401
1099	0.0073391953483223915
1100	0.0056277052499353886
1101	0.005061582662165165
1102	0.0044759283773601055
1103	0.005045840051025152
1104	0.004849444143474102
1105	0.004312887322157621
1106	0.004692538175731897
1107	0.005598470102995634
1108	0.005839730147272348
1109	0.003904586425051093
1110	0.003978432156145573
1111	0.005451498087495565
1112	0.0047934167087078094
1113	0.004655872937291861
1114	0.004433714784681797
1115	0.004627049434930086
1116	0.004238660912960768
1117	0.006161960307508707
1118	0.006154628004878759
1119	0.006093417759984732
1120	0.00560692697763443
1121	0.007313722278922796
1122	0.009284666739404202
1123	0.00849801953881979
1124	0.007562865503132343
1125	0.006827972829341888
1126	0.00937782134860754
1127	0.007261446211487055
1128	0.006274621468037367
1129	0.006668916437774897
1130	0.00821647234261036
1131	0.006333270110189915
1132	0.006358688231557608
1133	0.0063368477858603
1134	0.004822990857064724
1135	0.005836478900164366
1136	0.006221532355993986
1137	0.005431076046079397
1138	0.004392243456095457
1139	0.006310261785984039
1140	0.005691332742571831
1141	0.005232363473623991
1142	0.004458288196474314
1143	0.004897281061857939
1144	0.005073108710348606
1145	0.0050330557860434055
1146	0.005322272423654795
1147	0.005073673091828823
1148	0.0039638797752559185
1149	0.004191580694168806
1150	0.004025134723633528
1151	0.0036246792878955603
1152	0.004195751156657934
1153	0.002935812110081315
1154	0.0023982685524970293
1155	0.0028637766372412443
1156	0.0028795695398002863
1157	0.003740845713764429
1158	0.00281702633947134
1159	0.0033253722358494997
1160	0.0031914866995066404
1161	0.0033767696004360914
1162	0.0031112118158489466
1163	0.0029603613074868917
1164	0.004850557539612055
1165	0.004371047485619783
1166	0.003673352301120758
1167	0.004278987646102905
1168	0.004881922621279955
1169	0.005633342545479536
1170	0.004755351226776838
1171	0.00485971849411726
1172	0.0068557001650333405
1173	0.0056823804043233395
1174	0.006200888194143772
1175	0.007151381112635136
1176	0.006188482046127319
1177	0.0056297616101801395
1178	0.00765492906793952
1179	0.007929964922368526
1180	0.009435713291168213
1181	0.007407070137560368
1182	0.006343288812786341
1183	0.009806661866605282
1184	0.00729479780420661
1185	0.011124766431748867
1186	0.0073805334977805614
1187	0.0072431485168635845
1188	0.005966793280094862
1189	0.004287948366254568
1190	0.0045784516260027885
1191	0.004865570459514856
1192	0.0034136732574552298
1193	0.005426898133009672
1194	0.004900004249066114
1195	0.005407253280282021
1196	0.00521118612959981
1197	0.007757760118693113
1198	0.0076539888978004456
1199	0.008979275822639465
1200	0.006742602679878473
1201	0.005683187395334244
1202	0.007520135026425123
1203	0.0057603465393185616
1204	0.00709325959905982
1205	0.008147741667926311
1206	0.006896899547427893
1207	0.007728380151093006
1208	0.004850936587899923
1209	0.005993928760290146
1210	0.004988800268620253
1211	0.007377383299171925
1212	0.006087241228669882
1213	0.007484485395252705
1214	0.006717862095683813
1215	0.008727318607270718
1216	0.007532767951488495
1217	0.010733810253441334
1218	0.009030738845467567
1219	0.007699069567024708
1220	0.006203826516866684
1221	0.005858415272086859
1222	0.005631338804960251
1223	0.005799409002065659
1224	0.0047752768732607365
1225	0.0057246144860982895
1226	0.004678895231336355
1227	0.004739887081086636
1228	0.006667905952781439
1229	0.006810113787651062
1230	0.006089876871556044
1231	0.0067877634428441525
1232	0.006172569002956152
1233	0.005958781577646732
1234	0.008339191786944866
1235	0.004858269821852446
1236	0.004545140545815229
1237	0.005023367237299681
1238	0.00578881474211812
1239	0.0073249503038823605
1240	0.00408939179033041
1241	0.006604541093111038
1242	0.005618792027235031
1243	0.004759587347507477
1244	0.00547638488933444
1245	0.004591324366629124
1246	0.0053176358342170715
1247	0.005530630704015493
1248	0.005968961399048567
1249	0.005906546022742987
1250	0.005581551697105169
1251	0.0049196756444871426
1252	0.004578921478241682
1253	0.0036071098875254393
1254	0.004506074823439121
1255	0.004307876341044903
1256	0.004872693680226803
1257	0.004161408636718988
1258	0.004254578147083521
1259	0.003993628546595573
1260	0.0043343896977603436
1261	0.004797917790710926
1262	0.005129027646034956
1263	0.0043991790153086185
1264	0.004367126617580652
1265	0.00406184047460556
1266	0.004384248983114958
1267	0.004129705484956503
1268	0.0050740656442940235
1269	0.007017485797405243
1270	0.005441773217171431
1271	0.005115989595651627
1272	0.004119430668652058
1273	0.004730457905679941
1274	0.00501589197665453
1275	0.0044319103471934795
1276	0.004441052209585905
1277	0.0052223606035113335
1278	0.0050881835632026196
1279	0.00451583182439208
1280	0.005013426300138235
1281	0.004682097118347883
1282	0.005164966452866793
1283	0.0047120628878474236
1284	0.0047401124611496925
1285	0.0049443901516497135
1286	0.004895482212305069
1287	0.006125856190919876
1288	0.0059716105461120605
1289	0.006350984331220388
1290	0.006942220032215118
1291	0.009118299931287766
1292	0.006233732681721449
1293	0.005561963655054569
1294	0.006147516891360283
1295	0.005185648798942566
1296	0.00657059857621789
1297	0.007907681167125702
1298	0.007601653225719929
1299	0.005848587956279516
1300	0.0039388458244502544
1301	0.004245856776833534
1302	0.003389755729585886
1303	0.0030920712742954493
1304	0.0028970700222998857
1305	0.0035787213128060102
1306	0.0046302154660224915
1307	0.0037743374705314636
1308	0.004513874650001526
1309	0.004069140646606684
1310	0.0037593652959913015
1311	0.0033434180077165365
1312	0.003643215401098132
1313	0.0044250707142055035
1314	0.003277330892160535
1315	0.003756578778848052
1316	0.0033509049098938704
1317	0.004096534568816423
1318	0.0033393928315490484
1319	0.003687342396005988
1320	0.004432992544025183
1321	0.0044080717489123344
1322	0.0034710962790995836
1323	0.005085961427539587
1324	0.004605123773217201
1325	0.004498154856264591
1326	0.004859901499003172
1327	0.006096675526350737
1328	0.004026033449918032
1329	0.005478008184581995
1330	0.006220679264515638
1331	0.004898546263575554
1332	0.004549006465822458
1333	0.004237583372741938
1334	0.004648486617952585
1335	0.007475841324776411
1336	0.010069186799228191
1337	0.01797681488096714
1338	0.02480168454349041
1339	0.03278672322630882
1340	0.028561163693666458
1341	0.03243587538599968
1342	0.01698385924100876
1343	0.08760936558246613
1344	0.12256302684545517
1345	0.11997707188129425
1346	0.21158559620380402
1347	0.0220408346503973
1348	0.017598949372768402
1349	0.04302656650543213
1350	0.011210163123905659
1351	0.020743755623698235
1352	0.016047630459070206
1353	0.012280886061489582
1354	0.012610155157744884
1355	0.008825231343507767
1356	0.00863198097795248
1357	0.009647644124925137
1358	0.012256092391908169
1359	0.013695687055587769
1360	0.012693963013589382
1361	0.01803871989250183
1362	0.014506550505757332
1363	0.017121434211730957
1364	0.02008930779993534
1365	0.022922275587916374
1366	0.023231811821460724
1367	0.01487709116190672
1368	0.010941728949546814
1369	0.01171026099473238
1370	0.020127348601818085
1371	0.019266733899712563
1372	0.016208050772547722
1373	0.017146963626146317
1374	0.01649346388876438
1375	0.01563233695924282
1376	0.02225935086607933
1377	0.028162986040115356
1378	0.0316389836370945
1379	0.022770684212446213
1380	0.01338929869234562
1381	0.014356723986566067
1382	0.013305887579917908
1383	0.023602982982993126
1384	0.012589380145072937
1385	0.011176730506122112
1386	0.009870203211903572
1387	0.012186869978904724
1388	0.011280214414000511
1389	0.01701250486075878
1390	0.013412132859230042
1391	0.013804477639496326
1392	0.015827510505914688
1393	0.008956975303590298
1394	0.01296327169984579
1395	0.008341058157384396
1396	0.0053541287779808044
1397	0.009288541972637177
1398	0.007529479917138815
1399	0.005482727196067572
1400	0.008505923673510551
1401	0.006406010128557682
1402	0.00804217904806137
1403	0.008929803036153316
1404	0.00709723262116313
1405	0.00656750425696373
1406	0.012739929370582104
1407	0.007763143163174391
1408	0.010388217866420746
1409	0.011885586194694042
1410	0.016444552689790726
1411	0.01611156016588211
1412	0.012029125355184078
1413	0.010810724459588528
1414	0.013888581655919552
1415	0.010872182436287403
1416	0.009735100902616978
1417	0.0074935974553227425
1418	0.005618469323962927
1419	0.009835747070610523
1420	0.007523421198129654
1421	0.005729374010115862
1422	0.011847127228975296
1423	0.011021404527127743
1424	0.006870351731777191
1425	0.007557594683021307
1426	0.007053821813315153
1427	0.005873447749763727
1428	0.008712111972272396
1429	0.008079065941274166
1430	0.0066754925064742565
1431	0.007704723626375198
1432	0.008665738627314568
1433	0.011590274050831795
1434	0.01217117439955473
1435	0.013833324424922466
1436	0.00832436978816986
1437	0.007712740451097488
1438	0.007202723063528538
1439	0.0074904561042785645
1440	0.010520050302147865
1441	0.012580481357872486
1442	0.00913538783788681
1443	0.011264837346971035
1444	0.009255729615688324
1445	0.011433822102844715
1446	0.009029202163219452
1447	0.011389178223907948
1448	0.010272780433297157
1449	0.011614297516644001
1450	0.01403012778609991
1451	0.011392797343432903
1452	0.008470222353935242
1453	0.006549059879034758
1454	0.0077498070895671844
1455	0.007400739472359419
1456	0.010148124769330025
1457	0.011183840222656727
1458	0.010800178162753582
1459	0.008556747809052467
1460	0.00740612018853426
1461	0.014719408936798573
1462	0.012627596035599709
1463	0.010888593271374702
1464	0.015159256756305695
1465	0.011708769015967846
1466	0.014735758304595947
1467	0.012284266762435436
1468	0.010747168213129044
1469	0.010808738879859447
1470	0.01149129867553711
1471	0.0119623439386487
1472	0.011425148695707321
1473	0.008121104910969734
1474	0.008882386609911919
1475	0.0076082549057900906
1476	0.00800397526472807
1477	0.007577171083539724
1478	0.009878873825073242
1479	0.007328964304178953
1480	0.008117921650409698
1481	0.008578188717365265
1482	0.009378435090184212
1483	0.006452201399952173
1484	0.007212027441710234
1485	0.006396736484020948
1486	0.005470628384500742
1487	0.005743025802075863
1488	0.005915979854762554
1489	0.005073659587651491
1490	0.007659752853214741
1491	0.0057876743376255035
1492	0.006960931699723005
1493	0.006926377769559622
1494	0.0065470063127577305
1495	0.006916704121977091
1496	0.00695927906781435
1497	0.005734490696340799
1498	0.0053792051039636135
1499	0.006162927020341158
1500	0.005708122160285711
1501	0.0060190618969500065
1502	0.0070913988165557384
1503	0.0070813968777656555
1504	0.007869381457567215
1505	0.009477636776864529
1506	0.007284361403435469
1507	0.00647507980465889
1508	0.008751238696277142
1509	0.010081157088279724
1510	0.009470196440815926
1511	0.008232198655605316
1512	0.00956459529697895
1513	0.008503550663590431
1514	0.010029114782810211
1515	0.007639318238943815
1516	0.009848828427493572
1517	0.011743823066353798
1518	0.011266051791608334
1519	0.009166971780359745
1520	0.012635109014809132
1521	0.010945240966975689
1522	0.012145636603236198
1523	0.011765711009502411
1524	0.012242256663739681
1525	0.015410914085805416
1526	0.01180205401033163
1527	0.010090796276926994
1528	0.00991621520370245
1529	0.01317143626511097
1530	0.012928458862006664
1531	0.011684434488415718
1532	0.011131483130156994
1533	0.01268255989998579
1534	0.013226657174527645
1535	0.0119969816878438
1536	0.01614374853670597
1537	0.011856933124363422
1538	0.013276142068207264
1539	0.011731661856174469
1540	0.011574327014386654
1541	0.010007894597947598
1542	0.012609417550265789
1543	0.01332106627523899
1544	0.015074691735208035
1545	0.011801540851593018
1546	0.01244365330785513
1547	0.0112763661891222
1548	0.009483630768954754
1549	0.010566427372395992
1550	0.013082998804748058
1551	0.010157974436879158
1552	0.01176330354064703
1553	0.009200616739690304
1554	0.009374546818435192
1555	0.011052267625927925
1556	0.01098608411848545
1557	0.01054647658020258
1558	0.010460047982633114
1559	0.008256117813289165
1560	0.01087589468806982
1561	0.02059970237314701
1562	0.05059630423784256
1563	0.022506466135382652
1564	0.011405126191675663
1565	0.01444291602820158
1566	0.015497157350182533
1567	0.01568528264760971
1568	0.020345613360404968
1569	0.015137672424316406
1570	0.018151191994547844
1571	0.03991183638572693
1572	0.012305544689297676
1573	0.021428702399134636
1574	0.011671585030853748
1575	0.013011162169277668
1576	0.011586581356823444
1577	0.013867874629795551
1578	0.011383382603526115
1579	0.008688241243362427
1580	0.009390078485012054
1581	0.009676063433289528
1582	0.00928931962698698
1583	0.007927457801997662
1584	0.010586603544652462
1585	0.023669322952628136
1586	0.013726930133998394
1587	0.01803917996585369
1588	0.011757190339267254
1589	0.011848192662000656
1590	0.011928035877645016
1591	0.013838866725564003
1592	0.01181127317249775
1593	0.01669195666909218
1594	0.014921734109520912
1595	0.012705597095191479
1596	0.013733607716858387
1597	0.013268458656966686
1598	0.012672248296439648
1599	0.01088569313287735
1600	0.010144839063286781
1601	0.011051524430513382
1602	0.018247483298182487
1603	0.011614386923611164
1604	0.013855268247425556
1605	0.015372782945632935
1606	0.01817619614303112
1607	0.009551913477480412
1608	0.005320660769939423
1609	0.00763330003246665
1610	0.004750625696033239
1611	0.0059175994247198105
1612	0.007744187023490667
1613	0.004428637679666281
1614	0.006054587196558714
1615	0.008231619372963905
1616	0.008445248007774353
1617	0.008809811435639858
1618	0.005495928693562746
1619	0.007766015827655792
1620	0.010076302103698254
1621	0.003052679356187582
1622	0.004124499391764402
1623	0.0073518105782568455
1624	0.0069260611198842525
1625	0.006044709123671055
1626	0.004661764483898878
1627	0.01640273444354534
1628	0.011557238176465034
1629	0.008227452635765076
1630	0.010712048970162868
1631	0.00652879336848855
1632	0.006569848861545324
1633	0.010569028556346893
1634	0.01034933514893055
1635	0.009954968467354774
1636	0.01262193638831377
1637	0.013532151468098164
1638	0.014440812170505524
1639	0.014980203472077847
1640	0.012219063937664032
1641	0.015284215100109577
1642	0.013770920224487782
1643	0.015026007778942585
1644	0.015470454469323158
1645	0.01440530177205801
1646	0.011571976356208324
1647	0.0051441192626953125
1648	0.005466870032250881
1649	0.00924586970359087
1650	0.011426933109760284
1651	0.012756476178765297
1652	0.013356436975300312
1653	0.015918711200356483
1654	0.02295537106692791
1655	0.01680043898522854
1656	0.015542563982307911
1657	0.015592495910823345
1658	0.017281975597143173
1659	0.02175438217818737
1660	0.013917840085923672
1661	0.02270260825753212
1662	0.019262520596385002
1663	0.01551723200827837
1664	0.014354418031871319
1665	0.012230649590492249
1666	0.013048062101006508
1667	0.012605431489646435
1668	0.009228323586285114
1669	0.007605766411870718
1670	0.008430896326899529
1671	0.011166253127157688
1672	0.013426616787910461
1673	0.0162561796605587
1674	0.018718333914875984
1675	0.013653837144374847
1676	0.015273967757821083
1677	0.014988171868026257
1678	0.014046351425349712
1679	0.011519855819642544
1680	0.01672489009797573
1681	0.011904478073120117
1682	0.011752142570912838
1683	0.013359966687858105
1684	0.011545035056769848
1685	0.012583431787788868
1686	0.0110190873965621
1687	0.009959031827747822
1688	0.011622131802141666
1689	0.012722845189273357
1690	0.012635252438485622
1691	0.011968792416155338
1692	0.010051165707409382
1693	0.017977269366383553
1694	0.013359040021896362
1695	0.015471822582185268
1696	0.014893504790961742
1697	0.0128770861774683
1698	0.014681348577141762
1699	0.015295036137104034
1700	0.014706469140946865
1701	0.018190722912549973
1702	0.0136812599375844
1703	0.010332475416362286
1704	0.022205552086234093
1705	0.01720610447227955
1706	0.013659513555467129
1707	0.013392916880548
1708	0.009673728607594967
1709	0.01420140452682972
1710	0.015517479740083218
1711	0.008164400234818459
1712	0.010126868262887001
1713	0.015072613954544067
1714	0.017994815483689308
1715	0.020075766369700432
1716	0.014635100960731506
1717	0.01697356067597866
1718	0.013277298770844936
1719	0.014773467555642128
1720	0.011760671623051167
1721	0.012834168039262295
1722	0.013785961084067822
1723	0.01475514192134142
1724	0.013676941394805908
1725	0.012737752869725227
1726	0.01821204274892807
1727	0.012512442655861378
1728	0.014429384842514992
1729	0.009044584818184376
1730	0.006629009731113911
1731	0.010783455334603786
1732	0.008848688565194607
1733	0.009091902524232864
1734	0.009052536450326443
1735	0.00970213208347559
1736	0.009102928452193737
1737	0.0098157012835145
1738	0.015829239040613174
1739	0.012601593509316444
1740	0.0155017776414752
1741	0.017119893804192543
1742	0.010593189857900143
1743	0.013500005006790161
1744	0.015409693121910095
1745	0.01796451210975647
1746	0.014054450206458569
1747	0.01600481942296028
1748	0.016296833753585815
1749	0.0158716831356287
1750	0.016183247789740562
1751	0.016228249296545982
1752	0.018759801983833313
1753	0.01786082796752453
1754	0.01866156794130802
1755	0.020142463967204094
1756	0.01445628609508276
1757	0.016671273857355118
1758	0.015984153375029564
1759	0.01294721569865942
1760	0.012373331002891064
1761	0.01511690765619278
1762	0.015310421586036682
1763	0.021210521459579468
1764	0.01603911817073822
1765	0.018013322725892067
1766	0.016218189150094986
1767	0.015956323593854904
1768	0.019338609650731087
1769	0.020245561376214027
1770	0.020445197820663452
1771	0.01802687719464302
1772	0.01590220257639885
1773	0.012381678447127342
1774	0.011829804629087448
1775	0.008458663709461689
1776	0.008372664451599121
1777	0.012386555783450603
1778	0.009224732406437397
1779	0.01115856971591711
1780	0.010728579945862293
1781	0.009221411310136318
1782	0.012856170535087585
1783	0.013831636868417263
1784	0.012191712856292725
1785	0.01873873732984066
1786	0.015741314738988876
1787	0.014362526126205921
1788	0.015276091173291206
1789	0.015432903543114662
1790	0.016173576936125755
1791	0.015690434724092484
1792	0.011155561544001102
1793	0.01174143236130476
1794	0.013540542684495449
1795	0.009359164163470268
1796	0.009304366074502468
1797	0.005822446662932634
1798	0.009190290234982967
1799	0.0073750377632677555
1800	0.006430471781641245
1801	0.0070645431987941265
1802	0.005144712049514055
1803	0.004555988125503063
1804	0.005618271883577108
1805	0.006221180781722069
1806	0.005990985315293074
1807	0.005491293966770172
1808	0.0071766613982617855
1809	0.00584228103980422
1810	0.005379662849009037
1811	0.006077495403587818
1812	0.006450443062931299
1813	0.004373803734779358
1814	0.005765390582382679
1815	0.007079062517732382
1816	0.005283483769744635
1817	0.006273415870964527
1818	0.006470807828009129
1819	0.005265969317406416
1820	0.00499449297785759
1821	0.005477297585457563
1822	0.007379812654107809
1823	0.0074704596772789955
1824	0.008392088115215302
1825	0.005309795495122671
1826	0.007415307220071554
1827	0.00625277915969491
1828	0.006099026184529066
1829	0.007777179125696421
1830	0.006384423468261957
1831	0.01044432446360588
1832	0.013533941470086575
1833	0.014508123509585857
1834	0.016290880739688873
1835	0.010736827738583088
1836	0.014920026063919067
1837	0.014944481663405895
1838	0.012839841656386852
1839	0.011678173206746578
1840	0.01406310498714447
1841	0.019188378006219864
1842	0.016411611810326576
1843	0.011283722706139088
1844	0.016871875151991844
1845	0.015230861492455006
1846	0.009121795184910297
1847	0.009117121808230877
1848	0.006280067842453718
1849	0.0064533851109445095
1850	0.005068961530923843
1851	0.008069254457950592
1852	0.009584399871528149
1853	0.012682388536632061
1854	0.007146693300455809
1855	0.007198131177574396
1856	0.0059551652520895
1857	0.009480307810008526
1858	0.006576885469257832
1859	0.008548158220946789
1860	0.008655361831188202
1861	0.008744454942643642
1862	0.00906708836555481
1863	0.008589435368776321
1864	0.0064172567799687386
1865	0.0063241757452487946
1866	0.006825399585068226
1867	0.006108368281275034
1868	0.007837876677513123
1869	0.0060739172622561455
1870	0.0062669143080711365
1871	0.010087286122143269
1872	0.008041434921324253
1873	0.016370678320527077
1874	0.01425626128911972
1875	0.009619778953492641
1876	0.0072553725913167
1877	0.009562724269926548
1878	0.009865880012512207
1879	0.00927466619759798
1880	0.006629479117691517
1881	0.006030215881764889
1882	0.004238737281411886
1883	0.005479555111378431
1884	0.0046415734104812145
1885	0.0038139938842505217
1886	0.004083165433257818
1887	0.004105560015887022
1888	0.0037023243494331837
1889	0.003156060818582773
1890	0.003501171013340354
1891	0.004124144557863474
1892	0.0036555954720824957
1893	0.004181017633527517
1894	0.006209615617990494
1895	0.006711319088935852
1896	0.0037404296454042196
1897	0.004297460895031691
1898	0.004824245348572731
1899	0.004896738566458225
1900	0.004287117626518011
1901	0.003657413413748145
1902	0.004057972691953182
1903	0.004261945374310017
1904	0.005200378596782684
1905	0.00454075587913394
1906	0.004452329128980637
1907	0.005216335412114859
1908	0.004164832644164562
1909	0.004790937062352896
1910	0.005860967095941305
1911	0.005883644800633192
1912	0.003984253853559494
1913	0.0052975802682340145
1914	0.004219829570502043
1915	0.0045286002568900585
1916	0.0032533425837755203
1917	0.003369685960933566
1918	0.004021405708044767
1919	0.004116786178201437
1920	0.0038639649283140898
1921	0.004943781532347202
1922	0.006209038197994232
1923	0.005958942696452141
1924	0.004962006118148565
1925	0.004719567950814962
1926	0.00396714499220252
1927	0.005930913146585226
1928	0.0046232654713094234
1929	0.004470823798328638
1930	0.005499866791069508
1931	0.005488460883498192
1932	0.005678426008671522
1933	0.00853667501360178
1934	0.009128469973802567
1935	0.00524101359769702
1936	0.007910636253654957
1937	0.011722549796104431
1938	0.008496432565152645
1939	0.0068321749567985535
1940	0.006202460266649723
1941	0.006231330335140228
1942	0.007349297404289246
1943	0.0073064230382442474
1944	0.006572297308593988
1945	0.00825384259223938
1946	0.005614777561277151
1947	0.005738784093409777
1948	0.0043206969276070595
1949	0.006211110856384039
1950	0.005631440319120884
1951	0.006148297339677811
1952	0.007431435864418745
1953	0.007803347893059254
1954	0.005899760406464338
1955	0.006319816689938307
1956	0.006212191190570593
1957	0.006674202624708414
1958	0.005738266743719578
1959	0.00812105368822813
1960	0.008205309510231018
1961	0.006605775561183691
1962	0.006913069169968367
1963	0.005684733856469393
1964	0.004929478745907545
1965	0.0051771607249975204
1966	0.004422158934175968
1967	0.004133058246225119
1968	0.00342733901925385
1969	0.0031330485362559557
1970	0.002821330912411213
1971	0.003396953223273158
1972	0.0028354281093925238
1973	0.0030076124239712954
1974	0.004085685592144728
1975	0.0037773929070681334
1976	0.0029916397761553526
1977	0.0036784911062568426
1978	0.003161860629916191
1979	0.0037182511296123266
1980	0.004040876403450966
1981	0.0036750154104083776
1982	0.0035318273585289717
1983	0.0035262592136859894
1984	0.004378912504762411
1985	0.003807316767051816
1986	0.0039711808785796165
1987	0.006564429495483637
1988	0.004332798533141613
1989	0.005007036495953798
1990	0.004235406871885061
1991	0.004013271536678076
1992	0.004214758053421974
1993	0.004468086175620556
1994	0.004952607676386833
1995	0.004397101234644651
1996	0.00448822695761919
1997	0.0045938207767903805
1998	0.004208137281239033
1999	0.004300519824028015
2000	0.005731864366680384
2001	0.005706756841391325
2002	0.005422759801149368
2003	0.005998761393129826
2004	0.005485006608068943
2005	0.004425283521413803
2006	0.005182398948818445
2007	0.0054502226412296295
2008	0.005589425563812256
2009	0.005066031590104103
2010	0.005931069143116474
2011	0.007595747243613005
2012	0.006382964085787535
2013	0.010055998340249062
2014	0.013933651149272919
2015	0.014123073779046535
2016	0.01566242054104805
2017	0.01825958862900734
2018	0.019858498126268387
2019	0.01846395432949066
2020	0.019208287820219994
2021	0.01970420591533184
2022	0.020213697105646133
2023	0.013353821821510792
2024	0.017632922157645226
2025	0.017788123339414597
2026	0.01672983542084694
2027	0.015436864458024502
2028	0.012754415161907673
2029	0.015052097849547863
2030	0.013256395235657692
2031	0.017317498102784157
2032	0.020257262513041496
2033	0.015753820538520813
2034	0.015664933249354362
2035	0.019164016470313072
2036	0.017868882045149803
2037	0.022641513496637344
2038	0.021383745595812798
2039	0.020514918491244316
2040	0.024728119373321533
2041	0.014895190484821796
2042	0.020475206896662712
2043	0.04826168343424797
2044	0.04022369533777237
2045	0.037460651248693466
2046	0.0457027442753315
2047	0.04377255588769913
2048	0.04392752796411514
2049	0.03297396004199982
2050	0.04985475540161133
2051	0.02734534814953804
2052	0.04846552014350891
2053	0.06159711629152298
2054	0.04161921143531799
2055	0.023580901324748993
2056	0.01896013133227825
2057	0.020836343988776207
2058	0.02095778100192547
2059	0.013100731186568737
2060	0.012872814200818539
2061	0.013342089019715786
2062	0.012386753223836422
2063	0.012230473570525646
2064	0.014819654636085033
2065	0.014135563746094704
2066	0.012919760309159756
2067	0.015832282602787018
2068	0.012246388010680676
2069	0.015946080908179283
2070	0.019651180133223534
2071	0.014305991120636463
2072	0.01199332159012556
2073	0.014058304019272327
2074	0.011297806166112423
2075	0.0118644330650568
2076	0.011607124470174313
2077	0.01447050180286169
2078	0.011424296535551548
2079	0.009057260118424892
2080	0.011434665881097317
2081	0.01088666170835495
2082	0.008691194467246532
2083	0.010284150950610638
2084	0.007549563888460398
2085	0.010948307812213898
2086	0.009744551964104176
2087	0.008201579563319683
2088	0.012917018495500088
2089	0.020124955102801323
2090	0.015426534228026867
2091	0.00855216570198536
2092	0.010683730244636536
2093	0.012773443944752216
2094	0.013658721931278706
2095	0.010726628825068474
2096	0.009565195068717003
2097	0.009611660614609718
2098	0.009280587546527386
2099	0.007092643063515425
2100	0.006624368019402027
2101	0.005025380291044712
2102	0.004125810693949461
2103	0.005613753106445074
2104	0.005010160151869059
2105	0.005966050084680319
2106	0.0055150436237454414
2107	0.00451771542429924
2108	0.005033097695559263
2109	0.0030441239941865206
2110	0.004815279971808195
2111	0.00430153077468276
2112	0.004095337353646755
2113	0.0039547462947666645
2114	0.004914610646665096
2115	0.00534474104642868
2116	0.005063596647232771
2117	0.005178520921617746
2118	0.007141835521906614
2119	0.008141887374222279
2120	0.008245919831097126
2121	0.006343860179185867
2122	0.007845480926334858
2123	0.00779177388176322
2124	0.0057816575281322
2125	0.009178312495350838
2126	0.006726542953401804
2127	0.0067396508529782295
2128	0.0054128337651491165
2129	0.006098944693803787
2130	0.004799425136297941
2131	0.004121431149542332
2132	0.004298021551221609
2133	0.0040245964191854
2134	0.004340789746493101
2135	0.004205944482237101
2136	0.0041269464418292046
2137	0.004482036456465721
2138	0.0038928778376430273
2139	0.003966964781284332
2140	0.004419276956468821
2141	0.004195401445031166
2142	0.005449912045150995
2143	0.004865191411226988
2144	0.00458540627732873
2145	0.00496250344440341
2146	0.005740031599998474
2147	0.004907985217869282
2148	0.005819442216306925
2149	0.004746840335428715
2150	0.004114809446036816
2151	0.0039746398106217384
2152	0.0031218670774251223
2153	0.0040329741314053535
2154	0.0033863731659948826
2155	0.0032473579049110413
2156	0.003452206728979945
2157	0.004322028253227472
2158	0.003946279641240835
2159	0.004303884692490101
2160	0.004086627159267664
2161	0.003791670547798276
2162	0.005433223210275173
2163	0.004413601942360401
2164	0.0038329865783452988
2165	0.0048992084339261055
2166	0.003706923918798566
2167	0.0032102481927722692
2168	0.0033649608958512545
2169	0.003627654630690813
2170	0.0035589486360549927
2171	0.004512822721153498
2172	0.004452643450349569
2173	0.005430270917713642
2174	0.005651127081364393
2175	0.0053217485547065735
2176	0.007966000586748123
2177	0.00492119463160634
2178	0.0058287582360208035
2179	0.009520201943814754
2180	0.005291670095175505
2181	0.007624149322509766
2182	0.007328303065150976
2183	0.009575686417520046
2184	0.008790071122348309
2185	0.010388660244643688
2186	0.012282128445804119
2187	0.015020276419818401
2188	0.01473881583660841
2189	0.013781674206256866
2190	0.011751045472919941
2191	0.012358262203633785
2192	0.012013997882604599
2193	0.016108548268675804
2194	0.014482934959232807
2195	0.01633814349770546
2196	0.01269944291561842
2197	0.013713248074054718
2198	0.015566939488053322
2199	0.01241256482899189
2200	0.012651595287024975
2201	0.016664106398820877
2202	0.01895425096154213
2203	0.016066569834947586
2204	0.018508581444621086
2205	0.014792603440582752
2206	0.015157674439251423
2207	0.01165034156292677
2208	0.014947731979191303
2209	0.012018037959933281
2210	0.013098892755806446
2211	0.014241446740925312
2212	0.013052075169980526
2213	0.01842576265335083
2214	0.0255691260099411
2215	0.016646234318614006
2216	0.013819274492561817
2217	0.014766134321689606
2218	0.01580136828124523
2219	0.010586093179881573
2220	0.022311290726065636
2221	0.017488917335867882
2222	0.014694035053253174
2223	0.0173305906355381
2224	0.017311615869402885
2225	0.018695348873734474
2226	0.018375128507614136
2227	0.024133732542395592
2228	0.02212788537144661
2229	0.02440246008336544
2230	0.023572834208607674
2231	0.019411956891417503
2232	0.022398320958018303
2233	0.01985936239361763
2234	0.023174261674284935
2235	0.017138779163360596
2236	0.018443886190652847
2237	0.015781378373503685
2238	0.012338907457888126
2239	0.0115446662530303
2240	0.012540665455162525
2241	0.01390241738408804
2242	0.014676331542432308
2243	0.01595836877822876
2244	0.013507855124771595
2245	0.014858496375381947
2246	0.014993907883763313
2247	0.018554670736193657
2248	0.015461305156350136
2249	0.015749353915452957
2250	0.01526923943310976
2251	0.019091123715043068
2252	0.01639018952846527
2253	0.02408301644027233
2254	0.019168248400092125
2255	0.02064007893204689
2256	0.015734076499938965
2257	0.019606197252869606
2258	0.02006206475198269
2259	0.020343676209449768
2260	0.01507499534636736
2261	0.015199576504528522
2262	0.018604572862386703
2263	0.014634850434958935
2264	0.015565228648483753
2265	0.017721235752105713
2266	0.013988548889756203
2267	0.017181700095534325
2268	0.01377375889569521
2269	0.013126149773597717
2270	0.013425052165985107
2271	0.013276941142976284
2272	0.015804080292582512
2273	0.028042003512382507
2274	0.025095073506236076
2275	0.029691850766539574
2276	0.025513147935271263
2277	0.02778744511306286
2278	0.013546121306717396
2279	0.017016291618347168
2280	0.013380351476371288
2281	0.017927078530192375
2282	0.02056259848177433
2283	0.018747655674815178
2284	0.012395096011459827
2285	0.015024051070213318
2286	0.013180377893149853
2287	0.013395959511399269
2288	0.011975610628724098
2289	0.014596116729080677
2290	0.01816214621067047
2291	0.010381225496530533
2292	0.005686680320650339
2293	0.008379903621971607
2294	0.008685621432960033
2295	0.014117619954049587
2296	0.014936509542167187
2297	0.015108716674149036
2298	0.00748666375875473
2299	0.011302683502435684
2300	0.00925664883106947
2301	0.008679424412548542
2302	0.009014508686959743
2303	0.00797695480287075
2304	0.007469880860298872
2305	0.00441274419426918
2306	0.006288417614996433
2307	0.005628046113997698
2308	0.0071170516312122345
2309	0.005645287688821554
2310	0.0054829842410981655
2311	0.006739065051078796
2312	0.006481000687927008
2313	0.005881148390471935
2314	0.0055045620538294315
2315	0.008201471529901028
2316	0.008008960634469986
2317	0.011125634424388409
2318	0.008889514021575451
2319	0.006818610709160566
2320	0.00522224185988307
2321	0.007664285600185394
2322	0.0038363554049283266
2323	0.005305886268615723
2324	0.004432496149092913
2325	0.005136029329150915
2326	0.005701045971363783
2327	0.009671200066804886
2328	0.00933809857815504
2329	0.015785759314894676
2330	0.0141669986769557
2331	0.011172606609761715
2332	0.015435579232871532
2333	0.012978161685168743
2334	0.0045982408337295055
2335	0.009270217269659042
2336	0.007681954186409712
2337	0.010429640300571918
2338	0.014396770857274532
2339	0.02357889525592327
2340	0.009616496972739697
2341	0.015380007214844227
2342	0.01486814022064209
2343	0.015332228504121304
2344	0.009289438836276531
2345	0.00816632155328989
2346	0.006154718343168497
2347	0.009019684977829456
2348	0.012384327128529549
2349	0.014600934460759163
2350	0.011319629848003387
2351	0.019782645627856255
2352	0.022383151575922966
2353	0.018580693751573563
2354	0.013585693202912807
2355	0.009688717313110828
2356	0.010780304670333862
2357	0.013630655594170094
2358	0.017148056998848915
2359	0.014285928569734097
2360	0.010433980263769627
2361	0.015779398381710052
2362	0.016346588730812073
2363	0.010233159177005291
2364	0.00989173911511898
2365	0.008633318357169628
2366	0.009516336023807526
2367	0.013008931651711464
2368	0.010683435946702957
2369	0.008070220239460468
2370	0.006691229995340109
2371	0.007614937610924244
2372	0.008051891811192036
2373	0.00788856204599142
2374	0.006302184890955687
2375	0.0050425766967237
2376	0.004499257542192936
2377	0.0044294665567576885
2378	0.004645120352506638
2379	0.004573366604745388
2380	0.004984466824680567
2381	0.004358958452939987
2382	0.004702896345406771
2383	0.005441518034785986
2384	0.006021174136549234
2385	0.005639060866087675
2386	0.005293108522891998
2387	0.004972150083631277
2388	0.006007250398397446
2389	0.007938556373119354
2390	0.007297236006706953
2391	0.008394410833716393
2392	0.007363698910921812
2393	0.007682193070650101
2394	0.008034023456275463
2395	0.010705847293138504
2396	0.009799358434975147
2397	0.016101155430078506
2398	0.01752568781375885
2399	0.013802881352603436
2400	0.01175350695848465
2401	0.013784251175820827
2402	0.01107844803482294
2403	0.010629747062921524
2404	0.011056703515350819
2405	0.009850909933447838
2406	0.007228377740830183
2407	0.008103745989501476
2408	0.006431993097066879
2409	0.007488682866096497
2410	0.012212756089866161
2411	0.01329873688519001
2412	0.005410403944551945
2413	0.007016228046268225
2414	0.006944343447685242
2415	0.011633023619651794
2416	0.008735927753150463
2417	0.009485754184424877
2418	0.008647315204143524
2419	0.012166122905910015
2420	0.007114106323570013
2421	0.005938323680311441
2422	0.006478428840637207
2423	0.007152630481868982
2424	0.006251971703022718
2425	0.007278318051248789
2426	0.0058721317909657955
2427	0.005817101802676916
2428	0.006534177344292402
2429	0.004538856912404299
2430	0.005028613843023777
2431	0.006888602860271931
2432	0.006667045410722494
2433	0.005779807921499014
2434	0.006540703121572733
2435	0.009285449981689453
2436	0.007788577117025852
2437	0.010029921308159828
2438	0.0066114203073084354
2439	0.006732723210006952
2440	0.005895968060940504
2441	0.006518928799778223
2442	0.007044024765491486
2443	0.009098771028220654
2444	0.006858426611870527
2445	0.0057454900816082954
2446	0.007301792502403259
2447	0.006301358342170715
2448	0.005674342159181833
2449	0.00610487861558795
2450	0.006399760488420725
2451	0.005518669728189707
2452	0.00497664837166667
2453	0.00486862612888217
2454	0.006532635074108839
2455	0.006418098695576191
2456	0.006451213266700506
2457	0.005216833204030991
2458	0.005136425141245127
2459	0.006931122392416
2460	0.009855481795966625
2461	0.00586050096899271
2462	0.005186429712921381
2463	0.007201106287539005
2464	0.005355136003345251
2465	0.006377439945936203
2466	0.00565086817368865
2467	0.004053154494613409
2468	0.004781157709658146
2469	0.00636393902823329
2470	0.006524641998112202
2471	0.00797901302576065
2472	0.005158637650310993
2473	0.005102380644530058
2474	0.004479473922401667
2475	0.004674556199461222
2476	0.004982305224984884
2477	0.005447614938020706
2478	0.0049273185431957245
2479	0.004972543567419052
2480	0.006272861268371344
2481	0.005215873476117849
2482	0.004606644157320261
2483	0.005833432078361511
2484	0.004283275455236435
2485	0.004799933638423681
2486	0.004761147778481245
2487	0.005078957416117191
2488	0.004788603167980909
2489	0.004683067090809345
2490	0.00628334004431963
2491	0.004179737530648708
2492	0.0040945312939584255
2493	0.004082314670085907
2494	0.003712667617946863
2495	0.005186115857213736
2496	0.004155758768320084
2497	0.005130582954734564
2498	0.005414373707026243
2499	0.005944524891674519
2500	0.003947614226490259
2501	0.0051346286199986935
2502	0.004965139087289572
2503	0.004810927901417017
2504	0.004615226294845343
2505	0.004307935014367104
2506	0.004453551024198532
2507	0.0032986446749418974
2508	0.003953570034354925
2509	0.004128879867494106
2510	0.004651916213333607
2511	0.004627196118235588
2512	0.005642059724777937
2513	0.00452624773606658
2514	0.0050200908444821835
2515	0.004492349922657013
2516	0.004402724094688892
2517	0.005278820637613535
2518	0.005371937528252602
2519	0.005612564738839865
2520	0.004105924163013697
2521	0.005347704980522394
2522	0.004273447673767805
2523	0.004308401606976986
2524	0.0044233831577003
2525	0.005251108668744564
2526	0.003966564778238535
2527	0.004670335445553064
2528	0.004836684558540583
2529	0.0033878572285175323
2530	0.0037433933466672897
2531	0.004319197032600641
2532	0.0031668224837630987
2533	0.0036299743223935366
2534	0.0031205476261675358
2535	0.003087778342887759
2536	0.003994304686784744
2537	0.002969016321003437
2538	0.0031919933389872313
2539	0.0035633083898574114
2540	0.003572701010853052
2541	0.0032566399313509464
2542	0.0039663719944655895
2543	0.003982740454375744
2544	0.004492248874157667
2545	0.004498786758631468
2546	0.004709060303866863
2547	0.00416211923584342
2548	0.005786009598523378
2549	0.004478450398892164
2550	0.005749206990003586
2551	0.0068824440240859985
2552	0.006946577224880457
2553	0.007823851890861988
2554	0.005639761686325073
2555	0.00784031581133604
2556	0.005250467453151941
2557	0.006048445124179125
2558	0.00625547906383872
2559	0.008113223128020763
2560	0.007125608157366514
2561	0.010991367511451244
2562	0.010641706176102161
2563	0.012425526045262814
2564	0.030974049121141434
2565	0.02027510665357113
2566	0.03172139450907707
2567	0.04070798680186272
2568	0.36046329140663147
2569	0.3675236701965332
2570	0.40629062056541443
2571	0.7024083137512207
2572	0.18549922108650208
2573	0.11095791310071945
2574	0.12953023612499237
2575	0.09948111325502396
2576	0.08052089065313339
2577	0.10486059635877609
2578	0.04916320741176605
2579	0.23250439763069153
2580	0.14106598496437073
2581	0.0646127238869667
2582	0.13774636387825012
2583	0.23056626319885254
2584	0.5174848437309265
2585	0.4965415894985199
2586	0.4699951708316803
2587	0.6542786955833435
2588	0.6634589433670044
2589	0.5245935320854187
2590	0.5133758783340454
2591	0.5676321983337402
2592	0.7368674874305725
2593	0.711223304271698
2594	0.6407343745231628
2595	0.607556164264679
2596	0.7499939203262329
2597	0.8036087155342102
2598	0.6752598881721497
2599	0.9342575073242188
2600	0.8087363243103027
2601	0.7640928626060486
2602	0.8077371716499329
2603	0.7146236896514893
2604	0.8617841601371765
2605	0.7503107190132141
2606	0.6566958427429199
2607	0.7177979350090027
2608	0.8056065440177917
2609	0.6513442993164062
2610	0.8246675729751587
2611	0.9150750041007996
2612	0.8552112579345703
2613	0.8762402534484863
2614	0.8315202593803406
2615	0.8970058560371399
2616	0.8369125723838806
2617	0.8948202133178711
2618	0.8609660267829895
2619	0.8158375024795532
2620	0.8888717889785767
2621	0.8562753796577454
2622	0.8323599696159363
2623	0.9171304702758789
2624	0.8321863412857056
2625	0.8411669135093689
2626	0.9222720265388489
2627	0.9061415791511536
2628	0.7923351526260376
2629	0.7295995950698853
2630	0.7954279184341431
2631	0.9467104077339172
2632	0.8464027643203735
2633	0.8915084004402161
2634	0.8192135691642761
2635	0.8741006255149841
2636	0.7768550515174866
2637	0.784717857837677
2638	0.796103298664093
2639	0.821599006652832
2640	0.7769526839256287
2641	0.7625278830528259
2642	0.7275949120521545
2643	0.8711361289024353
2644	0.7003439664840698
2645	0.735705554485321
2646	0.7800079584121704
2647	0.6745810508728027
2648	0.6782211661338806
2649	0.6697263717651367
2650	0.7428987622261047
2651	0.78152996301651
2652	0.6441966891288757
2653	0.6690373420715332
2654	0.7113869786262512
2655	0.5305496454238892
2656	0.6383044123649597
2657	0.6644987463951111
2658	0.3077021837234497
2659	0.044909119606018066
2660	0.03237215429544449
2661	0.012916077859699726
2662	0.009954412467777729
2663	0.010166829451918602
2664	0.009675318375229836
2665	0.00643849978223443
2666	0.00733058899641037
2667	0.007388637401163578
2668	0.008021477609872818
2669	0.007802378386259079
2670	0.005981404334306717
2671	0.009358433075249195
2672	0.01019048411399126
2673	0.009819477796554565
2674	0.010672739706933498
2675	0.012436567805707455
2676	0.012329258024692535
2677	0.014368223957717419
2678	0.011500966735184193
2679	0.01143550779670477
2680	0.01001566182821989
2681	0.01084457989782095
2682	0.009911375120282173
2683	0.014742349274456501
2684	0.011308359913527966
2685	0.012941938824951649
2686	0.01125225331634283
2687	0.009411088190972805
2688	0.009714883752167225
2689	0.011224992573261261
2690	0.008606701157987118
2691	0.01152102556079626
2692	0.007059463765472174
2693	0.008013035170733929
2694	0.007415601518005133
2695	0.006991839502006769
2696	0.0051989685744047165
2697	0.0034697093069553375
2698	0.004578460939228535
2699	0.005181183107197285
2700	0.004640272352844477
2701	0.004743912257254124
2702	0.003748831572011113
2703	0.003993076737970114
2704	0.004489349666982889
2705	0.0045965262688696384
2706	0.004993623588234186
2707	0.005386327393352985
2708	0.00656513124704361
2709	0.005734288599342108
2710	0.006102524697780609
2711	0.005430646240711212
2712	0.00699427118524909
2713	0.006673064082860947
2714	0.007003802340477705
2715	0.006599403917789459
2716	0.005852600559592247
2717	0.005917862989008427
2718	0.003948031459003687
2719	0.004071822389960289
2720	0.0032325387001037598
2721	0.004200988449156284
2722	0.004725566599518061
2723	0.004839485045522451
2724	0.0030833010096102953
2725	0.0039311847649514675
2726	0.0035727471113204956
2727	0.0037330687046051025
2728	0.0038607486058026552
2729	0.004041831474751234
2730	0.004470264073461294
2731	0.0046793436631560326
2732	0.004003428854048252
2733	0.004442975856363773
2734	0.004659990780055523
2735	0.004805568605661392
2736	0.003993277903646231
2737	0.004879801068454981
2738	0.003911713603883982
2739	0.00447540869936347
2740	0.004795732442289591
2741	0.005334446672350168
2742	0.00724816182628274
2743	0.005369949154555798
2744	0.004502159543335438
2745	0.005308439023792744
2746	0.005316786468029022
2747	0.005719677545130253
2748	0.005716344341635704
2749	0.0051801204681396484
2750	0.0062395925633609295
2751	0.007344148587435484
2752	0.006055242381989956
2753	0.00829673558473587
2754	0.006739811040461063
2755	0.006229865830391645
2756	0.007225758861750364
2757	0.0059664188884198666
2758	0.005956278648227453
2759	0.006068515125662088
2760	0.006991995964199305
2761	0.00806430447846651
2762	0.009805629961192608
2763	0.014502570033073425
2764	0.014708003960549831
2765	0.01890871487557888
2766	0.020659957081079483
2767	0.028691796585917473
2768	0.03484275937080383
2769	0.047218549996614456
2770	0.10119646787643433
2771	0.18713229894638062
2772	0.12366916984319687
2773	0.252340167760849
2774	0.1705986112356186
2775	0.35639873147010803
2776	0.24771635234355927
2777	0.24698173999786377
2778	0.3556070029735565
2779	0.39683592319488525
2780	0.4800277650356293
2781	0.2011433094739914
2782	0.12074227631092072
2783	0.13647373020648956
2784	0.10913512855768204
2785	0.08460231870412827
2786	0.05748124048113823
2787	0.06933365017175674
2788	0.05458041653037071
2789	0.020639626309275627
2790	0.02962859347462654
2791	0.022009391337633133
2792	0.015374233014881611
2793	0.017511669546365738
2794	0.021801484748721123
2795	0.0173870250582695
2796	0.01758524589240551
2797	0.0191371850669384
2798	0.031203899532556534
2799	0.020746108144521713
2800	0.02560027875006199
2801	0.023234209045767784
2802	0.019086549058556557
2803	0.0185676421970129
2804	0.016152398660779
2805	0.021151067689061165
2806	0.010500050149857998
2807	0.011761173605918884
2808	0.01758483611047268
2809	0.009099465794861317
2810	0.013823851011693478
2811	0.01823684573173523
2812	0.016373205929994583
2813	0.015200152061879635
2814	0.016765182837843895
2815	0.011345877312123775
2816	0.012900002300739288
2817	0.01810157112777233
2818	0.012712228111922741
2819	0.018118787556886673
2820	0.02264839969575405
2821	0.03135490044951439
2822	0.021860776469111443
2823	0.03802454471588135
2824	0.08595579862594604
2825	0.14418555796146393
2826	0.18432195484638214
2827	0.27473321557044983
2828	0.12751351296901703
2829	0.20124855637550354
2830	0.2645517885684967
2831	0.12079854309558868
2832	0.09734649956226349
2833	0.2108420431613922
2834	0.4213477075099945
2835	0.28347697854042053
2836	0.23598909378051758
2837	0.32295963168144226
2838	0.4178767204284668
2839	0.4014509320259094
2840	0.4927816390991211
2841	0.36984559893608093
2842	0.36885371804237366
2843	0.5776039361953735
2844	0.6746634840965271
2845	0.531571090221405
2846	0.7154660224914551
2847	0.8428775668144226
2848	0.8914312720298767
2849	0.8129011392593384
2850	0.9204153418540955
2851	0.9043675661087036
2852	0.8812902569770813
2853	0.8574606776237488
2854	0.7298530340194702
2855	0.4944829046726227
2856	0.6980285048484802
2857	0.7100939154624939
2858	0.8097610473632812
2859	0.8402402997016907
2860	0.8594264388084412
2861	0.9171642661094666
2862	0.9277706146240234
2863	0.9227844476699829
2864	0.7225081920623779
2865	0.7285683751106262
2866	0.2914106547832489
2867	0.37720975279808044
2868	0.09502910822629929
2869	0.38887321949005127
2870	0.6598833799362183
2871	0.33692243695259094
2872	0.8914968371391296
2873	0.9619266390800476
2874	0.9450432658195496
2875	0.9922389388084412
2876	0.9849346280097961
2877	0.9332334399223328
2878	0.9338437914848328
2879	0.9502161145210266
2880	0.985852062702179
2881	0.9831506609916687
2882	0.9744753241539001
2883	0.9909607172012329
2884	0.9862529039382935
2885	0.9928089380264282
2886	0.9891386032104492
2887	0.9941792488098145
2888	0.9791725277900696
2889	0.9907070398330688
2890	0.9901626706123352
2891	0.9876737594604492
2892	0.9914544224739075
2893	0.9827423095703125
2894	0.983676552772522
2895	0.9799327850341797
2896	0.9467272758483887
2897	0.9752089381217957
2898	0.9837846755981445
2899	0.9756245017051697
2900	0.97139972448349
2901	0.9769590497016907
2902	0.9929205179214478
2903	0.9932466745376587
2904	0.9900637865066528
2905	0.9751764535903931
2906	0.9006592035293579
2907	0.8732585906982422
2908	0.7544680237770081
2909	0.35735198855400085
2910	0.12252380698919296
2911	0.07266264408826828
2912	0.02417374588549137
2913	0.013895007781684399
2914	0.012330963276326656
2915	0.017757270485162735
2916	0.014103955589234829
2917	0.009541520848870277
2918	0.011914125643670559
2919	0.012392563745379448
2920	0.01703011244535446
2921	0.016281262040138245
2922	0.014004630036652088
2923	0.01763032004237175
2924	0.01879904977977276
2925	0.022307580336928368
2926	0.024391833692789078
2927	0.03991392254829407
2928	0.03958506882190704
2929	0.015135775320231915
2930	0.038282766938209534
2931	0.030100036412477493
2932	0.029205555096268654
2933	0.025797057896852493
2934	0.03546231612563133
2935	0.02638236992061138
2936	0.01768050156533718
2937	0.019945716485381126
2938	0.018099352717399597
2939	0.01649291254580021
2940	0.018136436119675636
2941	0.022227603942155838
2942	0.016730820760130882
2943	0.011546090245246887
2944	0.01547494437545538
2945	0.010222009383141994
2946	0.011401832103729248
2947	0.011864530853927135
2948	0.011252245865762234
2949	0.01552148163318634
2950	0.01409353781491518
2951	0.007539384067058563
2952	0.0076390462927520275
2953	0.005895459558814764
2954	0.010795923881232738
2955	0.007972183637320995
2956	0.00811125710606575
2957	0.00633996119722724
2958	0.00679689971730113
2959	0.008034844882786274
2960	0.008794455789029598
2961	0.013065832667052746
2962	0.00920344702899456
2963	0.010426784865558147
2964	0.008230547420680523
2965	0.007228302303701639
2966	0.00803701113909483
2967	0.007305939681828022
2968	0.010044961236417294
2969	0.006660885643213987
2970	0.007833580486476421
2971	0.007453837897628546
2972	0.008636528626084328
2973	0.00564875453710556
2974	0.007479153107851744
2975	0.00800257083028555
2976	0.016424313187599182
2977	0.010452614165842533
2978	0.012455982156097889
2979	0.012134095653891563
2980	0.010018691420555115
2981	0.012643623165786266
2982	0.010364494286477566
2983	0.0137562844902277
2984	0.013539845123887062
2985	0.01559352781623602
2986	0.015298607759177685
2987	0.017061308026313782
2988	0.013093153946101665
2989	0.011479214765131474
2990	0.013449589721858501
2991	0.013612903654575348
2992	0.011203402653336525
2993	0.00876630563288927
2994	0.008926396258175373
2995	0.013623927719891071
2996	0.008365912362933159
2997	0.007586934603750706
2998	0.008096680976450443
2999	0.006984295789152384
3000	0.0073058414272964
3001	0.009258659556508064
3002	0.011342058889567852
3003	0.007530218455940485
3004	0.00793268159031868
3005	0.006247236859053373
3006	0.005738960579037666
3007	0.005687701981514692
3008	0.006984056439250708
3009	0.006854648236185312
3010	0.004381497856229544
3011	0.004871212411671877
3012	0.004117642994970083
3013	0.005414182785898447
3014	0.005038033705204725
3015	0.005183495115488768
3016	0.00457652797922492
3017	0.0053861187770962715
3018	0.004723057150840759
3019	0.00546666095033288
3020	0.005234457552433014
3021	0.005335315130650997
3022	0.004924207925796509
3023	0.005472899880260229
3024	0.0056265234015882015
3025	0.004851738456636667
3026	0.00473770359531045
3027	0.00567080220207572
3028	0.0053232586942613125
3029	0.00562006700783968
3030	0.00500785605981946
3031	0.007815106771886349
3032	0.006258498877286911
3033	0.0056872558780014515
3034	0.006112055853009224
3035	0.005852553993463516
3036	0.006568090058863163
3037	0.006639178842306137
3038	0.006168798077851534
3039	0.0056474036537110806
3040	0.005085932556539774
3041	0.005362271331250668
3042	0.006277310196310282
3043	0.005421220790594816
3044	0.008363611996173859
3045	0.005570393055677414
3046	0.005772362928837538
3047	0.005475474987179041
3048	0.005259914789348841
3049	0.006528377067297697
3050	0.007766617927700281
3051	0.006009287666529417
3052	0.0057672434486448765
3053	0.007960054092109203
3054	0.006532024126499891
3055	0.007263083942234516
3056	0.008100608363747597
3057	0.010573050938546658
3058	0.009798909537494183
3059	0.012450120411813259
3060	0.010644705966114998
3061	0.01323858555406332
3062	0.013077779673039913
3063	0.014849982224404812
3064	0.03636674955487251
3065	0.021318430081009865
3066	0.02115633338689804
3067	0.051326967775821686
3068	0.04754960164427757
3069	0.05251793935894966
3070	0.15095236897468567
3071	0.09440799802541733
3072	0.17859585583209991
3073	0.12502184510231018
3074	0.38279613852500916
3075	0.271313339471817
3076	0.4823701083660126
3077	0.6920740008354187
3078	0.28218433260917664
3079	0.26416608691215515
3080	0.19787921011447906
3081	0.07604583352804184
3082	0.06631133705377579
3083	0.4437601566314697
3084	0.21566343307495117
3085	0.01668206788599491
3086	0.015784626826643944
3087	0.020748144015669823
3088	0.011295384727418423
3089	0.010443075560033321
3090	0.014506490901112556
3091	0.012403038330376148
3092	0.01150965690612793
3093	0.02655024640262127
3094	0.03328622505068779
3095	0.06272722780704498
3096	0.35964280366897583
3097	0.5887562036514282
3098	0.6806456446647644
3099	0.6254481673240662
3100	0.7029613852500916
3101	0.7686865925788879
3102	0.8615673184394836
3103	0.839978039264679
3104	0.5203624963760376
3105	0.8108701705932617
3106	0.4250496029853821
3107	0.22486619651317596
3108	0.05776176601648331
3109	0.11723561584949493
3110	0.01692630723118782
3111	0.009906845167279243
3112	0.013502473011612892
3113	0.014377608895301819
3114	0.02185925655066967
3115	0.021760037168860435
3116	0.020672304555773735
3117	0.021769924089312553
3118	0.041308172047138214
3119	0.07291349023580551
3120	0.054663289338350296
3121	0.18172848224639893
3122	0.3388924300670624
3123	0.3858460485935211
3124	0.3037090301513672
3125	0.11465064436197281
3126	0.08159499615430832
3127	0.17461638152599335
3128	0.11810745298862457
3129	0.22371569275856018
3130	0.3910517394542694
3131	0.5043985247612
3132	0.6783871650695801
3133	0.714610755443573
3134	0.6199904680252075
3135	0.4678889214992523
3136	0.4086640477180481
3137	0.376049667596817
3138	0.3735484778881073
3139	0.38227686285972595
3140	0.11976289749145508
3141	0.23902693390846252
3142	0.12395825237035751
3143	0.1592176854610443
3144	0.03588158264756203
3145	0.17131511867046356
3146	0.19776223599910736
3147	0.0866321325302124
3148	0.2967771589756012
3149	0.26452764868736267
3150	0.18235747516155243
3151	0.22192513942718506
3152	0.13215558230876923
3153	0.35234948992729187
3154	0.13601715862751007
3155	0.10254048556089401
3156	0.03329207003116608
3157	0.010836560279130936
3158	0.011905687861144543
3159	0.014282290823757648
3160	0.016308831050992012
3161	0.010568640194833279
3162	0.010379341430962086
3163	0.013518673367798328
3164	0.010860119014978409
3165	0.0077571929432451725
3166	0.017514148727059364
3167	0.015509373508393764
3168	0.021889831870794296
3169	0.01751093566417694
3170	0.018784618005156517
3171	0.017302175983786583
3172	0.015294781886041164
3173	0.011382374912500381
3174	0.00797859113663435
3175	0.01062692329287529
3176	0.010059374384582043
3177	0.020205507054924965
3178	0.015376055613160133
3179	0.018404889851808548
3180	0.016244297847151756
3181	0.017605511471629143
3182	0.012519599869847298
3183	0.010734929703176022
3184	0.006842027883976698
3185	0.008551022969186306
3186	0.009523475542664528
3187	0.007022724486887455
3188	0.007627108599990606
3189	0.009418114088475704
3190	0.01036779023706913
3191	0.00938420556485653
3192	0.005924450233578682
3193	0.0055168732069432735
3194	0.00935926754027605
3195	0.0052591413259506226
3196	0.008417588658630848
3197	0.006920383777469397
3198	0.004721061792224646
3199	0.010464285500347614
3200	0.011905244551599026
3201	0.013295354321599007
3202	0.0113131795078516
3203	0.010870599187910557
3204	0.007191517855972052
3205	0.009566517546772957
3206	0.009382081218063831
3207	0.006164626684039831
3208	0.0051442538388073444
3209	0.005961732938885689
3210	0.00555896433070302
3211	0.012226864695549011
3212	0.007074703462421894
3213	0.010992515832185745
3214	0.014090790413320065
3215	0.012972193770110607
3216	0.01018285658210516
3217	0.0109091242775321
3218	0.010655847378075123
3219	0.012116425670683384
3220	0.017610371112823486
3221	0.030312765389680862
3222	0.02374250255525112
3223	0.051116716116666794
3224	0.022377455607056618
3225	0.021709425374865532
3226	0.03017875924706459
3227	0.03750253841280937
3228	0.025013519451022148
3229	0.0174084659665823
3230	0.00933546107262373
3231	0.009117207489907742
3232	0.011066420935094357
3233	0.012869365513324738
3234	0.006199024152010679
3235	0.006452391389757395
3236	0.012425838969647884
3237	0.011292937211692333
3238	0.010804657824337482
3239	0.015940571203827858
3240	0.010047274641692638
3241	0.011859542690217495
3242	0.015649903565645218
3243	0.015420210547745228
3244	0.010425101034343243
3245	0.009482055902481079
3246	0.011808285489678383
3247	0.0155078349635005
3248	0.01544844638556242
3249	0.021297059953212738
3250	0.02394450642168522
3251	0.03223272040486336
3252	0.014259095303714275
3253	0.012883597984910011
3254	0.023278577253222466
3255	0.02167869172990322
3256	0.010551385581493378
3257	0.009532466530799866
3258	0.0070724161341786385
3259	0.00976423267275095
3260	0.015612713061273098
3261	0.012483333237469196
3262	0.008270226418972015
3263	0.01975237764418125
3264	0.03250565752387047
3265	0.008454734459519386
3266	0.010797697119414806
3267	0.011610634624958038
3268	0.006727165076881647
3269	0.006618735380470753
3270	0.008933051489293575
3271	0.014002840034663677
3272	0.007236064411699772
3273	0.011530885472893715
3274	0.008280864916741848
3275	0.013094911351799965
3276	0.01122372504323721
3277	0.014789792709052563
3278	0.015465222299098969
3279	0.013848378323018551
3280	0.010212383233010769
3281	0.015246033668518066
3282	0.013766187243163586
3283	0.015150557272136211
3284	0.009745103307068348
3285	0.01650911383330822
3286	0.020050356164574623
3287	0.009118839167058468
3288	0.007385609205812216
3289	0.009408471174538136
3290	0.009510609321296215
3291	0.014452355913817883
3292	0.012397131882607937
3293	0.010902903974056244
3294	0.008824490010738373
3295	0.008699138648808002
3296	0.009025110863149166
3297	0.012628776021301746
3298	0.010908732190728188
3299	0.01422893162816763
3300	0.007725910749286413
3301	0.012719923630356789
3302	0.010732005350291729
3303	0.01331352349370718
3304	0.014667118899524212
3305	0.014639061875641346
3306	0.02189202606678009
3307	0.013312499038875103
3308	0.011205594055354595
3309	0.011811223812401295
3310	0.009272943250834942
3311	0.006574742496013641
3312	0.0069063641130924225
3313	0.011080640368163586
3314	0.008216200396418571
3315	0.007277318276464939
3316	0.005926992744207382
3317	0.006946961861103773
3318	0.007589759770780802
3319	0.0063475146889686584
3320	0.00694010267034173
3321	0.008700527250766754
3322	0.006175474729388952
3323	0.00785245280712843
3324	0.005302362143993378
3325	0.008158913813531399
3326	0.00541308568790555
3327	0.008765687234699726
3328	0.00798595417290926
3329	0.008758766576647758
3330	0.007281027734279633
3331	0.007026694715023041
3332	0.006830119993537664
3333	0.007398882415145636
3334	0.0080233383923769
3335	0.006298440974205732
3336	0.006222722120583057
3337	0.006238046567887068
3338	0.006219030823558569
3339	0.005922185722738504
3340	0.005427510943263769
3341	0.005307924002408981
3342	0.0037410513032227755
3343	0.004860205110162497
3344	0.005917046684771776
3345	0.006296367384493351
3346	0.007607621140778065
3347	0.005082427989691496
3348	0.0044411285780370235
3349	0.005804953631013632
3350	0.007187444716691971
3351	0.007135435473173857
3352	0.005924159195274115
3353	0.005798360798507929
3354	0.004838337656110525
3355	0.005415575113147497
3356	0.004698656033724546
3357	0.004891499411314726
3358	0.004139788914471865
3359	0.004523378796875477
3360	0.005365454591810703
3361	0.005308717489242554
3362	0.005280875600874424
3363	0.005509666632860899
3364	0.005396449472755194
3365	0.003663388779386878
3366	0.0037869929801672697
3367	0.004656091798096895
3368	0.00423277635127306
3369	0.004892969038337469
3370	0.004490674939006567
3371	0.004885958973318338
3372	0.004235190339386463
3373	0.004241816233843565
3374	0.005030307453125715
3375	0.006004854571074247
3376	0.0049989656545221806
3377	0.005132095888257027
3378	0.005074367858469486
3379	0.005677903536707163
3380	0.005283945240080357
3381	0.005352394189685583
3382	0.005288451910018921
3383	0.005346093326807022
3384	0.006653844844549894
3385	0.0069558932445943356
3386	0.010507159866392612
3387	0.008311769925057888
3388	0.0077563063241541386
3389	0.007347507867962122
3390	0.006530094891786575
3391	0.006418503355234861
3392	0.010262708179652691
3393	0.007829871959984303
3394	0.010787146165966988
3395	0.010693266987800598
3396	0.009547360241413116
3397	0.010552222840487957
3398	0.011769632808864117
3399	0.011697309091687202
3400	0.010700071230530739
3401	0.011349138803780079
3402	0.008266325108706951
3403	0.010515769012272358
3404	0.008574244566261768
3405	0.0077477130107581615
3406	0.004407165106385946
3407	0.00515265017747879
3408	0.006919950246810913
3409	0.006525299046188593
3410	0.0068881013430655
3411	0.007049247156828642
3412	0.006151852197945118
3413	0.007052132394164801
3414	0.005568525288254023
3415	0.005412417463958263
3416	0.00514846621081233
3417	0.00560704804956913
3418	0.006175858434289694
3419	0.006615649908781052
3420	0.006291128229349852
3421	0.007959047332406044
3422	0.006855426821857691
3423	0.00845074187964201
3424	0.006356903817504644
3425	0.0069749439135193825
3426	0.006874302867799997
3427	0.00445558549836278
3428	0.0044069900177419186
3429	0.005296236369758844
3430	0.004588359966874123
3431	0.005488754715770483
3432	0.005488214548677206
3433	0.005183717701584101
3434	0.005955678876489401
3435	0.007580255623906851
3436	0.005498803686350584
3437	0.0061369347386062145
3438	0.008605803363025188
3439	0.006534108426421881
3440	0.005618271417915821
3441	0.006712646689265966
3442	0.006840422749519348
3443	0.005443294532597065
3444	0.004663053900003433
3445	0.005219997838139534
3446	0.005885033402591944
3447	0.008431864902377129
3448	0.006873909384012222
3449	0.0076984441839158535
3450	0.0069153569638729095
3451	0.007877266965806484
3452	0.008505932055413723
3453	0.010378064587712288
3454	0.009631152264773846
3455	0.007988943718373775
3456	0.007327754981815815
3457	0.0074345120228827
3458	0.008684374392032623
3459	0.008879146538674831
3460	0.008316048420965672
3461	0.00828956812620163
3462	0.008971731178462505
3463	0.010997730307281017
3464	0.007572847884148359
3465	0.00795668177306652
3466	0.010447618551552296
3467	0.009380483999848366
3468	0.00967413280159235
3469	0.010436272248625755
3470	0.00807711947709322
3471	0.010388384573161602
3472	0.009237810038030148
3473	0.010474703274667263
3474	0.008807656355202198
3475	0.013504847884178162
3476	0.01350734569132328
3477	0.014992129988968372
3478	0.016270523890852928
3479	0.020431263372302055
3480	0.018225910142064095
3481	0.022378770634531975
3482	0.02375859022140503
3483	0.025629384443163872
3484	0.025244688615202904
3485	0.03345780447125435
3486	0.03011970780789852
3487	0.02362816594541073
3488	0.02504683844745159
3489	0.02103167213499546
3490	0.018102917820215225
3491	0.019995033740997314
3492	0.020478392019867897
3493	0.02011716738343239
3494	0.02273206226527691
3495	0.017504993826150894
3496	0.019590353593230247
3497	0.021964281797409058
3498	0.01905730925500393
3499	0.018104925751686096
3500	0.014838998205959797
3501	0.015996677801012993
3502	0.02853870950639248
3503	0.025773022323846817
3504	0.02767193131148815
3505	0.03902118653059006
3506	0.03253650292754173
3507	0.02860606648027897
3508	0.024671880528330803
3509	0.027046000584959984
3510	0.02704259194433689
3511	0.022655656561255455
3512	0.027817992493510246
3513	0.02936563454568386
3514	0.027108658105134964
3515	0.03393254429101944
3516	0.025835616514086723
3517	0.028912324458360672
3518	0.034773584455251694
3519	0.03510630875825882
3520	0.023316875100135803
3521	0.0282585471868515
3522	0.03093673847615719
3523	0.030420029535889626
3524	0.031384389847517014
3525	0.041061367839574814
3526	0.04620972275733948
3527	0.046318646520376205
3528	0.030611922964453697
3529	0.03321092948317528
3530	0.03969476372003555
3531	0.017845377326011658
3532	0.014423000626266003
3533	0.017863797023892403
3534	0.015934141352772713
3535	0.020743733271956444
3536	0.013059674762189388
3537	0.014585250988602638
3538	0.015658700838685036
3539	0.01657874323427677
3540	0.010206637904047966
3541	0.014082801528275013
3542	0.013531850650906563
3543	0.01594780944287777
3544	0.018054181709885597
3545	0.19736070930957794
3546	0.19010299444198608
3547	0.24275076389312744
3548	0.34369200468063354
3549	0.20268093049526215
3550	0.28963062167167664
3551	0.22255991399288177
3552	0.12353139370679855
3553	0.1441996544599533
3554	0.03930137678980827
3555	0.014231217093765736
3556	0.012857726775109768
3557	0.013469603843986988
3558	0.014071694575250149
3559	0.014896276406943798
3560	0.01242906879633665
3561	0.016707828268408775
3562	0.015363002195954323
3563	0.016561109572649002
3564	0.01680450700223446
3565	0.02054710127413273
3566	0.014732440002262592
3567	0.01689734496176243
3568	0.016939399763941765
3569	0.01952669769525528
3570	0.01654144562780857
3571	0.016251370310783386
3572	0.021181311458349228
3573	0.022606581449508667
3574	0.017488453537225723
3575	0.015896296128630638
3576	0.010336712002754211
3577	0.007135263178497553
3578	0.005957670509815216
3579	0.008053294382989407
3580	0.017994040623307228
3581	0.02039920724928379
3582	0.015773333609104156
3583	0.011280104517936707
3584	0.012568692676723003
3585	0.010198398493230343
3586	0.0077000209130346775
3587	0.01024030800908804
3588	0.01460886001586914
3589	0.01194935292005539
3590	0.007869464345276356
3591	0.0063276044093072414
3592	0.007996194064617157
3593	0.011864325031638145
3594	0.00582674378529191
3595	0.007032845169305801
3596	0.00811073835939169
3597	0.007900292985141277
3598	0.009356589056551456
3599	0.008702358230948448
3600	0.006836140062659979
3601	0.005733672529459
3602	0.007639375980943441
3603	0.006927057635039091
3604	0.004488007631152868
3605	0.008121530525386333
3606	0.006558304186910391
3607	0.008532242849469185
3608	0.00872464943677187
3609	0.008887032978236675
3610	0.008633982390165329
3611	0.009052044712007046
3612	0.00913610216230154
3613	0.008497344329953194
3614	0.012512454763054848
3615	0.01185570191591978
3616	0.005234012845903635
3617	0.006798997521400452
3618	0.006564234383404255
3619	0.006963996682316065
3620	0.006425929255783558
3621	0.007569259498268366
3622	0.005723065230995417
3623	0.006433671806007624
3624	0.0041115921922028065
3625	0.0036350362934172153
3626	0.005796373821794987
3627	0.008048047311604023
3628	0.006780682597309351
3629	0.008108622394502163
3630	0.006339240353554487
3631	0.003996747080236673
3632	0.004920256324112415
3633	0.007764449808746576
3634	0.008093373849987984
3635	0.007246514316648245
3636	0.005420429166406393
3637	0.00650153448805213
3638	0.006735194008797407
3639	0.007685043849050999
3640	0.009492212906479836
3641	0.007565736770629883
3642	0.00775562971830368
3643	0.008409266360104084
3644	0.007668378297239542
3645	0.008908114396035671
3646	0.008288479410111904
3647	0.006226179655641317
3648	0.00524180056527257
3649	0.006573950406163931
3650	0.006228016223758459
3651	0.005239482969045639
3652	0.005288500338792801
3653	0.006240141578018665
3654	0.00608030054718256
3655	0.0074378191493451595
3656	0.0054595209658145905
3657	0.004568084608763456
3658	0.005527521949261427
3659	0.004987614694982767
3660	0.005161134526133537
3661	0.004936777986586094
3662	0.005286139901727438
3663	0.005862338002771139
3664	0.004854394588619471
3665	0.00542770279571414
3666	0.004111035261303186
3667	0.004747122526168823
3668	0.005181230138987303
3669	0.005576063878834248
3670	0.004487094469368458
3671	0.005150545388460159
3672	0.005631651263684034
3673	0.004944858606904745
3674	0.004014397040009499
3675	0.004333968739956617
3676	0.00497923931106925
3677	0.0040087029337882996
3678	0.0035053950268775225
3679	0.00353138311766088
3680	0.0038377095479518175
3681	0.004853900521993637
3682	0.00474943220615387
3683	0.0056313322857022285
3684	0.005414954852312803
3685	0.005045941565185785
3686	0.0049642957746982574
3687	0.005947315599769354
3688	0.004893756005913019
3689	0.005020752549171448
3690	0.005470116622745991
3691	0.006067571230232716
3692	0.005500133614987135
3693	0.006179983261972666
3694	0.007156758103519678
3695	0.006948057562112808
3696	0.006856139283627272
3697	0.007610544562339783
3698	0.006785990204662085
3699	0.0075296321883797646
3700	0.005903528071939945
3701	0.006863688118755817
3702	0.0058545866049826145
3703	0.005548710934817791
3704	0.004739929921925068
3705	0.005143832415342331
3706	0.004649227950721979
3707	0.004038634244352579
3708	0.004221487324684858
3709	0.003417595522478223
3710	0.003910823725163937
3711	0.005298329051584005
3712	0.006798672955483198
3713	0.004852280020713806
3714	0.005951825994998217
3715	0.005377391818910837
3716	0.00352072692476213
3717	0.0031837658025324345
3718	0.004423273261636496
3719	0.0045064277946949005
3720	0.005119155626744032
3721	0.004732373636215925
3722	0.00440357718616724
3723	0.005351855885237455
3724	0.006893567740917206
3725	0.0048512862995266914
3726	0.004563665483146906
3727	0.004793334752321243
3728	0.004212174564599991
3729	0.0051422021351754665
3730	0.005333335604518652
3731	0.004704836290329695
3732	0.0037033394910395145
3733	0.0044078221544623375
3734	0.004493003245443106
3735	0.004792721476405859
3736	0.005580870900303125
3737	0.005022208206355572
3738	0.005656585097312927
3739	0.005038986913859844
3740	0.005656152963638306
3741	0.004778316244482994
3742	0.0033811868634074926
3743	0.004151439759880304
3744	0.0038807105738669634
3745	0.004203071817755699
3746	0.00534850312396884
3747	0.004824528936296701
3748	0.004458119627088308
3749	0.005060482304543257
3750	0.005144027993083
3751	0.004596238024532795
3752	0.005234254989773035
3753	0.005273308604955673
3754	0.005241600796580315
3755	0.004900548607110977
3756	0.005953324493020773
3757	0.004418829921633005
3758	0.0051772575825452805
3759	0.00587259978055954
3760	0.007441184017807245
3761	0.015478703193366528
3762	0.015557128004729748
3763	0.02247500792145729
3764	0.03639955446124077
3765	0.06489842385053635
3766	0.032108765095472336
3767	0.02147774212062359
3768	0.011457012966275215
3769	0.013385235331952572
3770	0.013537866063416004
3771	0.01516813039779663
3772	0.015905622392892838
3773	0.019650287926197052
3774	0.020907171070575714
3775	0.018749138340353966
3776	0.05597197636961937
3777	0.04091145843267441
3778	0.053328849375247955
3779	0.08570974320173264
3780	0.10524993389844894
3781	0.15313072502613068
3782	0.08294504135847092
3783	0.1216961145401001
3784	0.11915578693151474
3785	0.23903179168701172
3786	0.37845578789711
3787	0.4018649160861969
3788	0.5282449126243591
3789	0.48564624786376953
3790	0.5211001038551331
3791	0.4429636001586914
3792	0.5242347121238708
3793	0.6715850234031677
3794	0.7097339034080505
3795	0.7042899131774902
3796	0.793250560760498
3797	0.6773671507835388
3798	0.573871910572052
3799	0.6892837882041931
3800	0.6501269340515137
3801	0.8183631896972656
3802	0.78562992811203
3803	0.8135985732078552
3804	0.7321627736091614
3805	0.7163382172584534
3806	0.6139888167381287
3807	0.8715114593505859
3808	0.9476594924926758
3809	0.9282366633415222
3810	0.8479138612747192
3811	0.8711462020874023
3812	0.8896260261535645
3813	0.8996571898460388
3814	0.8187875747680664
3815	0.7419573068618774
3816	0.656660258769989
3817	0.7506141066551208
3818	0.8285415768623352
3819	0.8902932405471802
3820	0.9491980671882629
3821	0.8219603896141052
3822	0.8076803088188171
3823	0.8525392413139343
3824	0.8970217108726501
3825	0.9206345677375793
3826	0.9274395108222961
3827	0.954052746295929
3828	0.8919607996940613
3829	0.9343163371086121
3830	0.7834131121635437
3831	0.03177830949425697
3832	0.01599215902388096
3833	0.019193384796380997
