frame	prob
0	0.0027006014715880156
1	0.0034874596167355776
2	0.003221549792215228
3	0.003031515283510089
4	0.0021153180859982967
5	0.002585161942988634
6	0.002914329757913947
7	0.0036154487170279026
8	0.0034289422910660505
9	0.004681026097387075
10	0.004963382612913847
11	0.004076761193573475
12	0.003330752719193697
13	0.0038239657878875732
14	0.004548412747681141
15	0.004496049135923386
16	0.004257668741047382
17	0.004709612112492323
18	0.004862532019615173
19	0.00515711260959506
20	0.006087126210331917
21	0.005788272712379694
22	0.005498640704900026
23	0.006550506688654423
24	0.006126583553850651
25	0.005287548061460257
26	0.005769224371761084
27	0.005871783941984177
28	0.0050489348359405994
29	0.0045716846361756325
30	0.006151598412543535
31	0.005282584112137556
32	0.0053243087604641914
33	0.0045406692661345005
34	0.004157341551035643
35	0.003325609490275383
36	0.004271215759217739
37	0.005569935776293278
38	0.00426869560033083
39	0.006411631591618061
40	0.007226331625133753
41	0.007431040983647108
42	0.005965454038232565
43	0.00710365129634738
44	0.007287952583283186
45	0.0062300232239067554
46	0.005892153363674879
47	0.006223929114639759
48	0.00612951023504138
49	0.00580599857494235
50	0.005179455038160086
51	0.006640711333602667
52	0.00669533247128129
53	0.006792131345719099
54	0.007509526796638966
55	0.005544386804103851
56	0.006676536053419113
57	0.005359290633350611
58	0.006729289889335632
59	0.007619071286171675
60	0.005691636819392443
61	0.006123977713286877
62	0.0057459669187664986
63	0.006888581905514002
64	0.006499347742646933
65	0.007915044203400612
66	0.007583643775433302
67	0.005233743693679571
68	0.005953115411102772
69	0.006056832615286112
70	0.006359069142490625
71	0.0077363490127027035
72	0.006166932638734579
73	0.00860568042844534
74	0.010083918459713459
75	0.008424326777458191
76	0.006993547081947327
77	0.007552982773631811
78	0.007738734129816294
79	0.007996666245162487
80	0.006143028847873211
81	0.009355971589684486
82	0.010018201544880867
83	0.009467902593314648
84	0.010934355668723583
85	0.01204127911478281
86	0.01141013391315937
87	0.01952679455280304
88	0.01515971776098013
89	0.022764891386032104
90	0.02398204244673252
91	0.03101106360554695
92	0.02118787355720997
93	0.05395137891173363
94	0.05167878791689873
95	0.05233348533511162
96	0.06621546298265457
97	0.08306003361940384
98	0.0684533640742302
99	0.15648384392261505
100	0.07121217250823975
101	0.10814420133829117
102	0.11130671948194504
103	0.06952814012765884
104	0.059023868292570114
105	0.08790585398674011
106	0.06671222299337387
107	0.07106677442789078
108	0.05902582406997681
109	0.10774564743041992
110	0.06698243319988251
111	0.09800959378480911
112	0.13063834607601166
113	0.13492733240127563
114	0.11600171774625778
115	0.11313813179731369
116	0.10172443836927414
117	0.19153741002082825
118	0.13156473636627197
119	0.07820185273885727
120	0.06702234596014023
121	0.12469177693128586
122	0.09167919307947159
123	0.19685563445091248
124	0.07278181612491608
125	0.08498118072748184
126	0.05020586773753166
127	0.08266526460647583
128	0.04248253256082535
129	0.0679871067404747
130	0.05296465381979942
131	0.11811995506286621
132	0.09697528183460236
133	0.18583200871944427
134	0.1340518444776535
135	0.1975068300962448
136	0.10454783588647842
137	0.1652056872844696
138	0.14768031239509583
139	0.1738133281469345
140	0.1457243263721466
141	0.07646293938159943
142	0.08347463607788086
143	0.11618268489837646
144	0.10319834202528
145	0.09293211996555328
146	0.10565491020679474
147	0.12531761825084686
148	0.08170270919799805
149	0.1364113688468933
150	0.11957929283380508
151	0.08852200955152512
152	0.09505554288625717
153	0.1283649355173111
154	0.11266996711492538
155	0.08310546725988388
156	0.13505785167217255
157	0.09512472152709961
158	0.1259414404630661
159	0.045314718037843704
160	0.052224624902009964
161	0.09216755628585815
162	0.0839940756559372
163	0.16637612879276276
164	0.0880572721362114
165	0.2032524198293686
166	0.1463213711977005
167	0.0715860053896904
168	0.10833197832107544
169	0.09142808616161346
170	0.15431533753871918
171	0.07515410333871841
172	0.0722261294722557
173	0.06726735830307007
174	0.0692131519317627
175	0.07513649016618729
176	0.10481785982847214
177	0.1067667156457901
178	0.0714249461889267
179	0.0805303230881691
180	0.05220003053545952
181	0.046740300953388214
182	0.05176837369799614
183	0.07200589030981064
184	0.08220862597227097
185	0.07479041069746017
186	0.06056956201791763
187	0.04527638107538223
188	0.09266159683465958
189	0.04952610284090042
190	0.10135453194379807
191	0.07541517168283463
192	0.11739643663167953
193	0.17246004939079285
194	0.08383092284202576
195	0.09945697337388992
196	0.06403785943984985
197	0.044622670859098434
198	0.07514619827270508
199	0.07857298105955124
200	0.1538974791765213
201	0.10860397666692734
202	0.09040645509958267
203	0.10072536766529083
204	0.05361450836062431
205	0.07992209494113922
206	0.033158935606479645
207	0.036048587411642075
208	0.0552053228020668
209	0.07299868017435074
210	0.11076035350561142
211	0.10984601825475693
212	0.06590835750102997
213	0.10960495471954346
214	0.10043088346719742
215	0.09180206060409546
216	0.08845400810241699
217	0.14660723507404327
218	0.1183684691786766
219	0.1063549667596817
220	0.0846281573176384
221	0.1342071294784546
222	0.11038835346698761
223	0.07793222367763519
224	0.11949294805526733
225	0.08279360830783844
226	0.07235229015350342
227	0.1610121726989746
228	0.10179145634174347
229	0.21605275571346283
230	0.13944889605045319
231	0.07499142736196518
232	0.09296784549951553
233	0.09420858323574066
234	0.08017366379499435
235	0.06949082762002945
236	0.03846774622797966
237	0.029110638424754143
238	0.020575424656271935
239	0.013771823607385159
240	0.014166084118187428
241	0.01448051631450653
242	0.015297948382794857
243	0.014036493375897408
244	0.020948057994246483
245	0.029282694682478905
246	0.03444264456629753
247	0.03668174892663956
248	0.021971125155687332
249	0.013792362995445728
250	0.015695301815867424
251	0.016435107216238976
252	0.013104482553899288
253	0.016696803271770477
254	0.015615830197930336
255	0.017474491149187088
256	0.016843440011143684
257	0.01691294088959694
258	0.020493773743510246
259	0.018994314596056938
260	0.026530375704169273
261	0.03020954690873623
262	0.05224102735519409
263	0.11704249680042267
264	0.08618595451116562
265	0.09090479463338852
266	0.10978779941797256
267	0.06843023747205734
268	0.08791477978229523
269	0.11341024935245514
270	0.07614362239837646
271	0.09243905544281006
272	0.09735013544559479
273	0.2136812061071396
274	0.1189144030213356
275	0.08354585617780685
276	0.08280158042907715
277	0.22548769414424896
278	0.09238723665475845
279	0.1040097028017044
280	0.11483311653137207
281	0.08852207660675049
282	0.08760770410299301
283	0.10407314449548721
284	0.09541448205709457
285	0.18212474882602692
286	0.1688087284564972
287	0.05845537781715393
288	0.04491790384054184
289	0.11129734665155411
290	0.0865110233426094
291	0.08325736969709396
292	0.13245004415512085
293	0.07822179794311523
294	0.053560275584459305
295	0.06158322095870972
296	0.0711236521601677
297	0.12391436100006104
298	0.04719607159495354
299	0.0769704207777977
300	0.05732857063412666
301	0.03797684609889984
302	0.027864832431077957
303	0.023667970672249794
304	0.021237503737211227
305	0.015363076701760292
306	0.01826530694961548
307	0.021362872794270515
308	0.030066514387726784
309	0.027890998870134354
310	0.04062279686331749
311	0.041019316762685776
312	0.04392777755856514
313	0.03810020163655281
314	0.16633731126785278
315	0.18608681857585907
316	0.06968706101179123
317	0.04260635003447533
318	0.049966029822826385
319	0.03380446881055832
320	0.02772153727710247
321	0.05241081118583679
322	0.07444711774587631
323	0.0249493271112442
324	0.026624590158462524
325	0.017310742288827896
326	0.015956902876496315
327	0.014847788028419018
328	0.010240248404443264
329	0.011524759232997894
330	0.023675385862588882
331	0.04083942994475365
332	0.0407586544752121
333	0.05194839462637901
334	0.04957810044288635
335	0.0628829225897789
336	0.02516496181488037
337	0.014967592433094978
338	0.013389918021857738
339	0.009831254370510578
340	0.01028283778578043
341	0.014979103580117226
342	0.008761278353631496
343	0.016652705147862434
344	0.0167916901409626
345	0.021014928817749023
346	0.03489046171307564
347	0.09994703531265259
348	0.09640809148550034
349	0.08501379936933517
350	0.13512109220027924
351	0.11221010982990265
352	0.07628710567951202
353	0.09309948980808258
354	0.11952894926071167
355	0.07747100293636322
356	0.06955794990062714
357	0.08972830325365067
358	0.10267813503742218
359	0.18000076711177826
360	0.1450480818748474
361	0.12081649154424667
362	0.19071076810359955
363	0.11158116161823273
364	0.1082136407494545
365	0.08002903312444687
366	0.1082821860909462
367	0.10742934048175812
368	0.10873287171125412
369	0.1550408899784088
370	0.09998583048582077
371	0.11639237403869629
372	0.15648852288722992
373	0.08307422697544098
374	0.07529165595769882
375	0.11281483620405197
376	0.11372888088226318
377	0.12741999328136444
378	0.1130971685051918
379	0.0941670686006546
380	0.059792328625917435
381	0.07537627965211868
382	0.09573826938867569
383	0.153486430644989
384	0.08383016288280487
385	0.10534560680389404
386	0.1346234530210495
387	0.1189429983496666
388	0.1430835723876953
389	0.10448811203241348
390	0.12102456390857697
391	0.18578119575977325
392	0.08888375759124756
393	0.11815442144870758
394	0.11256822198629379
395	0.11440277099609375
396	0.11917289346456528
397	0.11456002295017242
398	0.0896291583776474
399	0.10788752138614655
400	0.09640736877918243
401	0.09266675263643265
402	0.08178194612264633
403	0.06923314183950424
404	0.11518114805221558
405	0.07923176139593124
406	0.10544274002313614
407	0.11026322841644287
408	0.08626636117696762
409	0.09191382676362991
410	0.08002835512161255
411	0.1113676056265831
412	0.10419876873493195
413	0.11427842825651169
414	0.09442349523305893
415	0.10899224132299423
416	0.1101258173584938
417	0.10788686573505402
418	0.109108567237854
419	0.08833818882703781
420	0.11712460964918137
421	0.12370877712965012
422	0.12183087319135666
423	0.08649571985006332
424	0.09696244448423386
425	0.10220403969287872
426	0.07526184618473053
427	0.16676989197731018
428	0.15178126096725464
429	0.10269403457641602
430	0.07551958411931992
431	0.09154736995697021
432	0.05265842750668526
433	0.05323826149106026
434	0.06842972338199615
435	0.0973140150308609
436	0.06913518905639648
437	0.06158076599240303
438	0.0677938163280487
439	0.11640353500843048
440	0.07764871418476105
441	0.10612335056066513
442	0.05494484305381775
443	0.07335063815116882
444	0.0550243966281414
445	0.0345214381814003
446	0.03877229616045952
447	0.0431908555328846
448	0.034306466579437256
449	0.058900054544210434
450	0.06300784647464752
451	0.0428166426718235
452	0.021510010585188866
453	0.019964415580034256
454	0.014494198374450207
455	0.009597726166248322
456	0.011637695133686066
457	0.012712039053440094
458	0.016910437494516373
459	0.016532715409994125
460	0.027994174510240555
461	0.08278249949216843
462	0.06756052374839783
463	0.09036195278167725
464	0.09324608743190765
465	0.07432489842176437
466	0.0755356028676033
467	0.03501789644360542
468	0.031514909118413925
469	0.02244669757783413
470	0.01533922553062439
471	0.02005944587290287
472	0.014423519372940063
473	0.012136618606746197
474	0.034247130155563354
475	0.04253494739532471
476	0.043914105743169785
477	0.05142160877585411
478	0.033715371042490005
479	0.04901093989610672
480	0.05748793110251427
481	0.028558984398841858
482	0.020264683291316032
483	0.016994306817650795
484	0.01433461345732212
485	0.018844986334443092
486	0.009655020199716091
487	0.015444859862327576
488	0.01904560625553131
489	0.013584734871983528
490	0.012303999625146389
491	0.016586748883128166
492	0.014673649333417416
493	0.013860300183296204
494	0.014083008281886578
495	0.017158543691039085
496	0.018987523391842842
497	0.018320858478546143
498	0.019913790747523308
499	0.013141894713044167
500	0.019687993451952934
501	0.021766409277915955
502	0.014654156751930714
503	0.013587121851742268
504	0.013257615268230438
505	0.013399377465248108
506	0.01575734280049801
507	0.015486985445022583
508	0.020284121856093407
509	0.07261243462562561
510	0.06708220392465591
511	0.08227501064538956
512	0.06622955948114395
513	0.09410394728183746
514	0.05259540304541588
515	0.031241226941347122
516	0.027356648817658424
517	0.01843826286494732
518	0.014778467826545238
519	0.019082797691226006
520	0.01863456703722477
521	0.017451437190175056
522	0.024943064898252487
523	0.049595579504966736
524	0.04701002314686775
525	0.06559854000806808
526	0.059610314667224884
527	0.04173126444220543
528	0.048567306250333786
529	0.06563197821378708
530	0.058185871690511703
531	0.05391823127865791
532	0.02287731133401394
533	0.020472591742873192
534	0.02193654142320156
535	0.014777508564293385
536	0.015004477463662624
537	0.02191980741918087
538	0.016844499856233597
539	0.015502184629440308
540	0.010766121558845043
541	0.013599241152405739
542	0.018110061064362526
543	0.014330086298286915
544	0.016252426430583
545	0.017387673258781433
546	0.021204177290201187
547	0.01986500434577465
548	0.01860363781452179
549	0.014585225842893124
550	0.01786831207573414
551	0.01803709752857685
552	0.038911670446395874
553	0.0324455201625824
554	0.031365711241960526
555	0.027445722371339798
556	0.019145430997014046
557	0.024876669049263
558	0.02458583377301693
559	0.02603098191320896
560	0.024673623964190483
561	0.03618817403912544
562	0.03353442624211311
563	0.03879434987902641
564	0.049455489963293076
565	0.046489495784044266
566	0.06859654933214188
567	0.06794718652963638
568	0.08092012256383896
569	0.07798255980014801
570	0.05462733656167984
571	0.07587005198001862
572	0.09886287897825241
573	0.07594084739685059
574	0.08789826929569244
575	0.10878904163837433
576	0.05725222826004028
577	0.06937690079212189
578	0.08937147259712219
579	0.09822464734315872
580	0.06463059037923813
581	0.0754849836230278
582	0.045728620141744614
583	0.04747406765818596
584	0.04409259185194969
585	0.03401019051671028
586	0.027220381423830986
587	0.024703865870833397
588	0.020362436771392822
589	0.02301030606031418
590	0.02232496812939644
591	0.022048866376280785
592	0.016970504075288773
593	0.018772821873426437
594	0.021686086431145668
595	0.017893975600600243
596	0.017781520262360573
597	0.02210148796439171
598	0.024348868057131767
599	0.021601412445306778
600	0.03324354812502861
601	0.025653092190623283
602	0.04194802790880203
603	0.03965077921748161
604	0.025692163035273552
605	0.04306942969560623
606	0.02154652588069439
607	0.01835598051548004
608	0.018304476514458656
609	0.028474485501646996
610	0.020680967718362808
611	0.013542485423386097
612	0.01587691903114319
613	0.01744266413152218
614	0.02211819402873516
615	0.017322001978754997
616	0.01819653809070587
617	0.013817372731864452
618	0.01706397347152233
619	0.013968110084533691
620	0.012225208804011345
621	0.01662679947912693
622	0.01349312998354435
623	0.012602545320987701
624	0.009362178854644299
625	0.012569914571940899
626	0.013997775502502918
627	0.013151789084076881
628	0.014596282504498959
629	0.014330831356346607
630	0.01352932583540678
631	0.01310924906283617
632	0.013869998045265675
633	0.011275033466517925
634	0.011224716901779175
635	0.012474666349589825
636	0.011615450493991375
637	0.011773674748837948
638	0.013442503288388252
639	0.013369837775826454
640	0.01675344631075859
641	0.011420388706028461
642	0.015403649769723415
643	0.02047651819884777
644	0.021554598584771156
645	0.0189483892172575
646	0.024780549108982086
647	0.034942418336868286
648	0.023516273126006126
649	0.020074833184480667
650	0.019193902611732483
651	0.018738051876425743
652	0.018768344074487686
653	0.01612337864935398
654	0.022121410816907883
655	0.017805179581046104
656	0.01827642321586609
657	0.011510542593896389
658	0.012829196639358997
659	0.013264963403344154
660	0.016428034752607346
661	0.014576620422303677
662	0.011778545565903187
663	0.012113426811993122
664	0.012473064474761486
665	0.013591592200100422
666	0.012840491719543934
667	0.013499963097274303
668	0.01977645233273506
669	0.019174849614501
670	0.02361243963241577
671	0.023091653361916542
672	0.02798140048980713
673	0.047597359865903854
674	0.038547903299331665
675	0.07083021849393845
676	0.054319996386766434
677	0.0334087610244751
678	0.03130262717604637
679	0.035420145839452744
680	0.023949027061462402
681	0.02367018535733223
682	0.022113895043730736
683	0.024159912019968033
684	0.018865497782826424
685	0.02423388697206974
686	0.016690760850906372
687	0.025415021926164627
688	0.0303075909614563
689	0.021044189110398293
690	0.016695532947778702
691	0.014869657345116138
692	0.022462252527475357
693	0.016194820404052734
694	0.014750340953469276
695	0.01690850593149662
696	0.016248736530542374
697	0.017657620832324028
698	0.012226009741425514
699	0.014697188511490822
700	0.019507771357893944
701	0.015987318009138107
702	0.015484640374779701
703	0.017163444310426712
704	0.01964568719267845
705	0.019704479724168777
706	0.01932339183986187
707	0.014452817849814892
708	0.023107916116714478
709	0.019656330347061157
710	0.01661372371017933
711	0.018344823271036148
712	0.014375832863152027
713	0.016902973875403404
714	0.015189386904239655
715	0.016259092837572098
716	0.022436117753386497
717	0.01539409440010786
718	0.020107975229620934
719	0.01983414962887764
720	0.013921543024480343
721	0.012632961384952068
722	0.014851244166493416
723	0.011073308996856213
724	0.01937025412917137
725	0.020820626989006996
726	0.015464738011360168
727	0.01502133160829544
728	0.0188903771340847
729	0.023356733843684196
730	0.026970285922288895
731	0.03876502811908722
732	0.04803832992911339
733	0.04799948260188103
734	0.04765559360384941
735	0.08441872149705887
736	0.0550164096057415
737	0.06253204494714737
738	0.11465837806463242
739	0.09897783398628235
740	0.12725581228733063
741	0.10646360367536545
742	0.1260140985250473
743	0.11361034214496613
744	0.06622488796710968
745	0.04044913128018379
746	0.03327532485127449
747	0.02221451885998249
748	0.029155611991882324
749	0.06025438383221626
750	0.07512194663286209
751	0.12172730267047882
752	0.29027631878852844
753	0.20363207161426544
754	0.11759036779403687
755	0.12804482877254486
756	0.24554161727428436
757	0.11373116821050644
758	0.1108354851603508
759	0.08334539085626602
760	0.05312218889594078
761	0.06080247089266777
762	0.0831577405333519
763	0.1429174393415451
764	0.1449323445558548
765	0.07642044872045517
766	0.07970626652240753
767	0.08469690382480621
768	0.10091636329889297
769	0.11912374943494797
770	0.15557777881622314
771	0.10245006531476974
772	0.09430389106273651
773	0.09130390733480453
774	0.0754513218998909
775	0.11183197796344757
776	0.06206414848566055
777	0.08111458271741867
778	0.0648849606513977
779	0.03737049922347069
780	0.019581979140639305
781	0.011971901170909405
782	0.012376176193356514
783	0.012473656795918941
784	0.013616341166198254
785	0.015859121456742287
786	0.015324205160140991
787	0.013707277365028858
788	0.01318394299596548
789	0.012019462883472443
790	0.008593921549618244
791	0.012424731627106667
792	0.010333986952900887
793	0.009493998251855373
794	0.010444693267345428
795	0.016493260860443115
796	0.017909666523337364
797	0.03859063982963562
798	0.059811126440763474
799	0.06336210668087006
800	0.1130952462553978
801	0.09490960091352463
802	0.095276840031147
803	0.1339343637228012
804	0.07177918404340744
805	0.0517667792737484
806	0.039067793637514114
807	0.03414611890912056
808	0.021069809794425964
809	0.023882543668150902
810	0.01776343584060669
811	0.02193298190832138
812	0.01741722784936428
813	0.02006549760699272
814	0.017135504633188248
815	0.015110651031136513
816	0.018205856904387474
817	0.011140953749418259
818	0.012811586260795593
819	0.010224780067801476
820	0.017518090084195137
821	0.011299962177872658
822	0.01302281767129898
823	0.013276102021336555
824	0.024487776681780815
825	0.02251410484313965
826	0.020531397312879562
827	0.023326652124524117
828	0.026236673817038536
829	0.03171343356370926
830	0.0430663637816906
831	0.02841193787753582
832	0.03091377578675747
833	0.020543189719319344
834	0.021415386348962784
835	0.020044205710291862
836	0.01697290502488613
837	0.012682253494858742
838	0.02527203969657421
839	0.02428075671195984
840	0.03610830381512642
841	0.02407556213438511
842	0.03147327899932861
843	0.026413047686219215
844	0.028392663225531578
845	0.048141833394765854
846	0.07451274245977402
847	0.1438521295785904
848	0.08399999141693115
849	0.08537252247333527
850	0.22009368240833282
851	0.11624032258987427
852	0.08011096715927124
853	0.08055838197469711
854	0.07194022089242935
855	0.043987173587083817
856	0.030679762363433838
857	0.03941219672560692
858	0.08880254626274109
859	0.0588235966861248
860	0.0646088495850563
861	0.10320635139942169
862	0.09504779428243637
863	0.07117926329374313
864	0.11779236793518066
865	0.17466484010219574
866	0.10327016562223434
867	0.12161016464233398
868	0.11324749141931534
869	0.22185488045215607
870	0.3302106559276581
871	0.17018269002437592
872	0.19186650216579437
873	0.1423979550600052
874	0.21060852706432343
875	0.05495699867606163
876	0.041430022567510605
877	0.04387146979570389
878	0.05985794588923454
879	0.09151724725961685
880	0.05495805665850639
881	0.13292036950588226
882	0.15523599088191986
883	0.13832999765872955
884	0.12752197682857513
885	0.13795550167560577
886	0.14122864603996277
887	0.14568665623664856
888	0.13065873086452484
889	0.03624105080962181
890	0.09300892800092697
891	0.3758217394351959
892	0.23398886620998383
893	0.15387187898159027
894	0.23382730782032013
895	0.16898810863494873
896	0.2342008650302887
897	0.19368718564510345
898	0.07502424716949463
899	0.10802729427814484
900	0.2044842690229416
901	0.10970304161310196
902	0.06390517204999924
903	0.03133538365364075
904	0.04672529548406601
905	0.05555225536227226
906	0.08368488401174545
907	0.0424375906586647
908	0.04035857319831848
909	0.053009193390607834
910	0.04077744111418724
911	0.06814976781606674
912	0.05263042449951172
913	0.048698388040065765
914	0.0446581169962883
915	0.07382000237703323
916	0.050953853875398636
917	0.10309076309204102
918	0.08825075626373291
919	0.13054506480693817
920	0.13565167784690857
921	0.12248382717370987
922	0.12044568359851837
923	0.1402670294046402
924	0.11381345242261887
925	0.0863073393702507
926	0.14907781779766083
927	0.1364847719669342
928	0.11625730991363525
929	0.18410876393318176
930	0.12337646633386612
931	0.20426535606384277
932	0.18512718379497528
933	0.11274544149637222
934	0.16724076867103577
935	0.21172432601451874
936	0.1806330531835556
937	0.18672297894954681
938	0.15835285186767578
939	0.17764852941036224
940	0.311006098985672
941	0.26875442266464233
942	0.19142858684062958
943	0.20326641201972961
944	0.12245910614728928
945	0.08779244869947433
946	0.14934848248958588
947	0.1672898828983307
948	0.13568226993083954
949	0.08547843992710114
950	0.1346399486064911
951	0.15255703032016754
952	0.056417424231767654
953	0.014758849516510963
954	0.015662169083952904
955	0.015968700870871544
956	0.014015323482453823
957	0.019016265869140625
958	0.019952451810240746
959	0.015977106988430023
960	0.022025952115654945
961	0.013825547881424427
962	0.01567157171666622
963	0.01009533554315567
964	0.019422603771090508
965	0.013364209793508053
966	0.016167892143130302
967	0.01508298423141241
968	0.014809987507760525
969	0.021869128569960594
970	0.027126789093017578
971	0.020019860938191414
972	0.021307118237018585
973	0.02232581377029419
974	0.05384479835629463
975	0.062442898750305176
976	0.07687631994485855
977	0.09158139675855637
978	0.15231433510780334
979	0.08981088548898697
980	0.07042211294174194
981	0.07446465641260147
982	0.11718142032623291
983	0.08065512031316757
984	0.13543672859668732
985	0.046599116176366806
986	0.042005401104688644
987	0.062000345438718796
988	0.03824789822101593
989	0.023501556366682053
990	0.027845436707139015
991	0.029481936246156693
992	0.02830936387181282
993	0.04006309434771538
994	0.027953123673796654
995	0.023052485659718513
996	0.020510666072368622
997	0.021976979449391365
998	0.02034822106361389
999	0.018757618963718414
1000	0.026493385434150696
1001	0.012728358618915081
1002	0.020431412383913994
1003	0.019382372498512268
1004	0.021193476393818855
1005	0.02394898235797882
1006	0.016251523047685623
1007	0.018140850588679314
1008	0.016992712393403053
1009	0.012522849254310131
1010	0.014042037539184093
1011	0.014691333286464214
1012	0.02447674423456192
1013	0.018495982512831688
1014	0.01575602777302265
1015	0.018963245674967766
1016	0.01939730904996395
1017	0.020347371697425842
1018	0.015505338087677956
1019	0.021967535838484764
1020	0.032045163214206696
1021	0.039042722433805466
1022	0.06733129173517227
1023	0.044926438480615616
1024	0.027258891612291336
1025	0.023806467652320862
1026	0.015957454219460487
1027	0.010828171856701374
1028	0.016570327803492546
1029	0.008621962741017342
1030	0.010188981890678406
1031	0.011757956817746162
1032	0.012085101567208767
1033	0.011252800934016705
1034	0.010768762789666653
1035	0.010270531289279461
1036	0.014779731631278992
1037	0.008887327276170254
1038	0.012826645746827126
1039	0.012611127458512783
1040	0.01648842915892601
1041	0.010594821535050869
1042	0.011192145757377148
1043	0.013636954128742218
1044	0.014213296584784985
1045	0.011301758699119091
1046	0.015312567353248596
1047	0.016872985288500786
1048	0.013740059919655323
1049	0.01214324589818716
1050	0.015940753743052483
1051	0.01506380271166563
1052	0.015383623540401459
1053	0.0115733090788126
1054	0.013134747743606567
1055	0.013811386190354824
1056	0.019213153049349785
1057	0.014588864520192146
1058	0.0133403604850173
1059	0.017557071521878242
1060	0.01674520969390869
1061	0.01915820501744747
1062	0.018207931891083717
1063	0.01838529482483864
1064	0.013444676995277405
1065	0.015212378464639187
1066	0.01816949062049389
1067	0.02363601140677929
1068	0.012504634447395802
1069	0.014814666472375393
1070	0.01287560909986496
1071	0.017485542222857475
1072	0.012600368820130825
1073	0.010472090914845467
1074	0.012478820979595184
1075	0.010209604166448116
1076	0.01012749969959259
1077	0.00905447918921709
1078	0.005385977681726217
1079	0.00788985937833786
1080	0.007855193689465523
1081	0.010390336625277996
1082	0.009205461479723454
1083	0.009281069040298462
1084	0.008709060959517956
1085	0.01503724791109562
1086	0.008627300150692463
1087	0.013489089906215668
1088	0.021695243194699287
1089	0.01892978325486183
1090	0.02134230174124241
1091	0.034851398319005966
1092	0.027748722583055496
1093	0.025325918570160866
1094	0.03461664542555809
1095	0.02360972762107849
1096	0.023649688810110092
1097	0.023413514718413353
1098	0.018211260437965393
1099	0.031480129808187485
1100	0.04755425825715065
1101	0.019761765375733376
1102	0.02086643874645233
1103	0.02167627587914467
1104	0.024089230224490166
1105	0.023280221968889236
1106	0.01855369657278061
1107	0.022387128323316574
1108	0.026485741138458252
1109	0.032175809144973755
1110	0.02314549870789051
1111	0.023402025923132896
1112	0.026570457965135574
1113	0.028664857149124146
1114	0.02793048694729805
1115	0.033899810165166855
1116	0.029556740075349808
1117	0.02992725744843483
1118	0.024135293439030647
1119	0.03720991313457489
1120	0.028285188600420952
1121	0.02771492674946785
1122	0.015779267996549606
1123	0.016174117103219032
1124	0.019190531224012375
1125	0.01406515296548605
1126	0.012781232595443726
1127	0.012006806209683418
1128	0.01565041020512581
1129	0.013601151295006275
1130	0.015105328522622585
1131	0.012989118695259094
1132	0.018133478239178658
1133	0.013703465461730957
1134	0.021108580753207207
1135	0.012631512247025967
1136	0.014223462902009487
1137	0.010043838992714882
1138	0.013145364820957184
1139	0.015382537618279457
1140	0.016863306984305382
1141	0.040073078125715256
1142	0.05099544674158096
1143	0.0370144248008728
1144	0.032979127019643784
1145	0.020726995542645454
1146	0.01757150888442993
1147	0.02275458350777626
1148	0.018190518021583557
1149	0.013266202993690968
1150	0.020834868773818016
1151	0.012614026665687561
1152	0.02573959343135357
1153	0.013932895846664906
1154	0.012369855307042599
1155	0.01512873638421297
1156	0.01724575273692608
1157	0.01774829812347889
1158	0.0127016082406044
1159	0.010454085655510426
1160	0.009508809074759483
1161	0.013285479508340359
1162	0.009985287673771381
1163	0.01508687436580658
1164	0.04700595140457153
1165	0.021519074216485023
1166	0.012667137198150158
1167	0.01048020925372839
1168	0.01800415851175785
1169	0.0724138393998146
1170	0.023471180349588394
1171	0.014843463897705078
1172	0.015442240051925182
1173	0.021675948053598404
1174	0.021661970764398575
1175	0.02316218987107277
1176	0.021078679710626602
1177	0.015027490444481373
1178	0.014326131902635098
1179	0.01258660014718771
1180	0.01754814386367798
1181	0.014738055877387524
1182	0.016838237643241882
1183	0.014304597862064838
1184	0.010622512549161911
1185	0.011199369095265865
1186	0.01475653238594532
1187	0.016746392473578453
1188	0.021696269512176514
1189	0.020873649045825005
1190	0.020788826048374176
1191	0.021888313814997673
1192	0.018551507964730263
1193	0.015462529845535755
1194	0.02160012722015381
1195	0.022746173664927483
1196	0.019804000854492188
1197	0.013111057691276073
1198	0.013039755634963512
1199	0.010576266795396805
1200	0.010058681480586529
1201	0.01527463085949421
1202	0.010637101717293262
1203	0.01981421746313572
1204	0.018011752516031265
1205	0.015200662426650524
1206	0.013949145562946796
1207	0.01658957079052925
1208	0.013797521591186523
1209	0.014997667632997036
1210	0.014199735596776009
1211	0.019552407786250114
1212	0.018156077712774277
1213	0.01477529015392065
1214	0.015025963075459003
1215	0.01420596893876791
1216	0.008128183893859386
1217	0.009571409784257412
1218	0.01044560968875885
1219	0.009312775917351246
1220	0.009727842174470425
1221	0.007715594954788685
1222	0.007982674054801464
1223	0.006412789225578308
1224	0.005711486097425222
1225	0.009404023177921772
1226	0.009078032337129116
1227	0.007705904543399811
1228	0.010150526650249958
1229	0.01139132957905531
1230	0.012828369624912739
1231	0.018846843391656876
1232	0.01785462163388729
1233	0.017701294273138046
1234	0.019216639921069145
1235	0.028095314279198647
1236	0.031255465000867844
1237	0.036304689943790436
1238	0.024769842624664307
1239	0.026908431202173233
1240	0.030389150604605675
1241	0.024521371349692345
1242	0.01852896809577942
1243	0.02551281824707985
1244	0.027104485780000687
1245	0.036762554198503494
1246	0.03851514309644699
1247	0.023530809208750725
1248	0.039576590061187744
1249	0.017731202766299248
1250	0.019012225791811943
1251	0.020313821732997894
1252	0.020675387233495712
1253	0.019535301253199577
1254	0.0524974949657917
1255	0.06083425506949425
1256	0.09894191473722458
1257	0.07107876986265182
1258	0.07974381744861603
1259	0.05578171834349632
1260	0.03917641565203667
1261	0.05079763010144234
1262	0.027559906244277954
1263	0.0311907809227705
1264	0.02829476073384285
1265	0.030369406566023827
1266	0.03987006098031998
1267	0.0386238656938076
1268	0.03911193832755089
1269	0.027481067925691605
1270	0.04233340173959732
1271	0.05351408198475838
1272	0.06257869303226471
1273	0.07445263117551804
1274	0.04686278849840164
1275	0.04142051935195923
1276	0.05457916483283043
1277	0.05863536521792412
1278	0.05469167232513428
1279	0.10566210001707077
1280	0.062458064407110214
1281	0.0724242776632309
1282	0.08475454896688461
1283	0.05704745650291443
1284	0.08545387536287308
1285	0.05612660571932793
1286	0.035598546266555786
1287	0.026583218947052956
1288	0.024590346962213516
1289	0.01496076863259077
1290	0.016223043203353882
1291	0.019060278311371803
1292	0.033872682601213455
1293	0.032754626125097275
1294	0.02302977629005909
1295	0.020561814308166504
1296	0.016570841893553734
1297	0.01774706318974495
1298	0.014026038348674774
1299	0.01848727837204933
1300	0.02587902545928955
1301	0.02610253170132637
1302	0.01904250681400299
1303	0.01688595674932003
1304	0.01853092573583126
1305	0.01639852300286293
1306	0.011872382834553719
1307	0.006343425717204809
1308	0.003680833149701357
1309	0.00450863828882575
1310	0.0052859606221318245
1311	0.015712948516011238
1312	0.017842184752225876
1313	0.014341137371957302
1314	0.012730947695672512
1315	0.01629544235765934
1316	0.008898555301129818
1317	0.014150832779705524
1318	0.013490450568497181
1319	0.00909487996250391
1320	0.007390705402940512
1321	0.00876708049327135
1322	0.007351269014179707
1323	0.007809597533196211
1324	0.006607212126255035
1325	0.0052794949151575565
1326	0.004989198874682188
1327	0.005114640109241009
1328	0.003578661708161235
1329	0.003872303292155266
1330	0.003072340739890933
1331	0.0030928466003388166
1332	0.003520626574754715
1333	0.003984448499977589
1334	0.0034014626871794462
1335	0.004283207934349775
1336	0.004317300859838724
1337	0.0041730678640306
1338	0.004597038961946964
1339	0.0057784500531852245
1340	0.005027108825743198
1341	0.004011431243270636
1342	0.004050237592309713
1343	0.00346141355112195
1344	0.004342332016676664
1345	0.004102330654859543
1346	0.004139814525842667
1347	0.004377744626253843
1348	0.004467305727303028
1349	0.004455354064702988
1350	0.005396817810833454
1351	0.004654351156204939
1352	0.0045727952383458614
1353	0.004164047073572874
1354	0.00465752650052309
1355	0.0038958147633820772
1356	0.006038814317435026
1357	0.006779978517442942
1358	0.0060110236518085
1359	0.006537938956171274
1360	0.005931330379098654
1361	0.004839883651584387
1362	0.007528523448854685
1363	0.006723798345774412
1364	0.006894069258123636
1365	0.0072678858414292336
1366	0.007592237088829279
1367	0.007709789555519819
1368	0.009209643118083477
1369	0.006979287602007389
1370	0.008145158179104328
1371	0.007580931764096022
1372	0.006939904298633337
1373	0.01129318680614233
1374	0.015655051916837692
1375	0.014911848120391369
1376	0.007990228943526745
1377	0.00835687667131424
1378	0.013828831724822521
1379	0.01821916364133358
1380	0.010312779806554317
1381	0.015486693941056728
1382	0.019017860293388367
1383	0.016246670857071877
1384	0.01885090209543705
1385	0.01440425869077444
1386	0.01345848198980093
1387	0.01011811662465334
1388	0.010056005790829659
1389	0.0076604909263551235
1390	0.006189099978655577
1391	0.005168092902749777
1392	0.006675277836620808
1393	0.0075795287266373634
1394	0.00797185767441988
1395	0.008901558816432953
1396	0.006563064642250538
1397	0.007941517047584057
1398	0.007076382637023926
1399	0.006345623638480902
1400	0.008982580155134201
1401	0.008226624689996243
1402	0.009280470199882984
1403	0.010109382681548595
1404	0.009816496632993221
1405	0.011177408508956432
1406	0.01646823063492775
1407	0.013446822762489319
1408	0.017067691311240196
1409	0.017699509859085083
1410	0.030297601595520973
1411	0.04396507889032364
1412	0.030678464099764824
1413	0.042976319789886475
1414	0.05207020044326782
1415	0.10025043785572052
1416	0.06133584305644035
1417	0.08818870037794113
1418	0.09001252055168152
1419	0.05739651992917061
1420	0.07430905103683472
1421	0.06184837967157364
1422	0.04661983996629715
1423	0.06727256625890732
1424	0.03390290215611458
1425	0.04640563949942589
1426	0.04127375781536102
1427	0.03967276215553284
1428	0.06849947571754456
1429	0.0649636909365654
1430	0.05522337555885315
1431	0.07097918540239334
1432	0.0804293155670166
1433	0.053694285452365875
1434	0.0579056516289711
1435	0.04014191776514053
1436	0.02688387595117092
1437	0.07229142636060715
1438	0.026553088799118996
1439	0.02842664159834385
1440	0.02765185572206974
1441	0.04470252990722656
1442	0.025692541152238846
1443	0.025082487612962723
1444	0.019502507522702217
1445	0.017608894035220146
1446	0.021779917180538177
1447	0.0209036972373724
1448	0.015791093930602074
1449	0.016248269006609917
1450	0.014669651165604591
1451	0.028727654367685318
1452	0.017545921728014946
1453	0.02163792960345745
1454	0.015256376937031746
1455	0.018983259797096252
1456	0.014842069707810879
1457	0.017461253330111504
1458	0.020117992535233498
1459	0.01854405365884304
1460	0.022609349340200424
1461	0.015524628572165966
1462	0.02214425802230835
1463	0.0228294525295496
1464	0.02109072543680668
1465	0.021241052076220512
1466	0.02058742754161358
1467	0.01864617131650448
1468	0.029724225401878357
1469	0.021362682804465294
1470	0.024022120982408524
1471	0.02806904911994934
1472	0.03181145712733269
1473	0.025700703263282776
1474	0.01608932390809059
1475	0.02240409329533577
1476	0.012060791254043579
1477	0.013320544734597206
1478	0.015239851549267769
1479	0.01159499492496252
1480	0.00933691393584013
1481	0.012600424699485302
1482	0.01039751898497343
1483	0.009157783351838589
1484	0.006797113921493292
1485	0.013471747748553753
1486	0.015210789628326893
1487	0.01379675604403019
1488	0.0120740607380867
1489	0.008092380128800869
1490	0.008290187455713749
1491	0.01029106043279171
1492	0.010922171175479889
1493	0.015222198329865932
1494	0.014002780430018902
1495	0.01856943778693676
1496	0.015051606111228466
1497	0.02390795759856701
1498	0.017827702686190605
1499	0.013471615500748158
1500	0.013670915737748146
1501	0.01472567766904831
1502	0.020230120047926903
1503	0.010961739346385002
1504	0.013876671902835369
1505	0.019489765167236328
1506	0.011006048880517483
1507	0.01772819459438324
1508	0.02843344770371914
1509	0.018028348684310913
1510	0.02185770869255066
1511	0.027221499010920525
1512	0.017996294423937798
1513	0.022653618827462196
1514	0.04277057200670242
1515	0.03509550169110298
1516	0.09034644067287445
1517	0.08423459529876709
1518	0.04963880404829979
1519	0.055942386388778687
1520	0.033169813454151154
1521	0.025522470474243164
1522	0.022668255493044853
1523	0.025556130334734917
1524	0.021894967183470726
1525	0.029000068083405495
1526	0.05309963971376419
1527	0.08831026405096054
1528	0.07761258631944656
1529	0.08457888662815094
1530	0.07563047856092453
1531	0.12096156924962997
1532	0.04739780351519585
1533	0.07429906725883484
1534	0.0676850825548172
1535	0.041808102279901505
1536	0.17038340866565704
1537	0.20968757569789886
1538	0.08747952431440353
1539	0.07353880256414413
1540	0.11418098211288452
1541	0.12602829933166504
1542	0.024352053180336952
1543	0.044829290360212326
1544	0.0327734537422657
1545	0.05145232751965523
1546	0.05514556169509888
1547	0.061979711055755615
1548	0.03193702921271324
1549	0.13218136131763458
1550	0.14335063099861145
1551	0.05150064453482628
1552	0.034272998571395874
1553	0.03162236139178276
1554	0.04464166238903999
1555	0.037775758653879166
1556	0.04812023788690567
1557	0.054850608110427856
1558	0.03123597614467144
1559	0.0344931036233902
1560	0.11593887954950333
1561	0.07115868479013443
1562	0.02272174321115017
1563	0.02611314132809639
1564	0.029599487781524658
1565	0.03703933581709862
1566	0.059900738298892975
1567	0.25143134593963623
1568	0.35228750109672546
1569	0.5028535723686218
1570	0.16471713781356812
1571	0.12208954244852066
1572	0.15755613148212433
1573	0.12493908405303955
1574	0.13875515758991241
1575	0.11269072443246841
1576	0.11887729167938232
1577	0.17771640419960022
1578	0.21162615716457367
1579	0.12577581405639648
1580	0.18782669305801392
1581	0.22155939042568207
1582	0.23668907582759857
1583	0.31794464588165283
1584	0.16515862941741943
1585	0.21309058368206024
1586	0.20823608338832855
1587	0.13594965636730194
1588	0.19484317302703857
1589	0.17529414594173431
1590	0.12083848565816879
1591	0.07070217281579971
1592	0.033696405589580536
1593	0.02921472303569317
1594	0.02402414195239544
1595	0.02499559335410595
1596	0.023373713716864586
1597	0.015250536613166332
1598	0.026934197172522545
1599	0.01887778379023075
1600	0.023341862484812737
1601	0.024836499243974686
1602	0.03609098121523857
1603	0.0260803010314703
1604	0.029920268803834915
1605	0.08951010555028915
1606	0.0799570307135582
1607	0.13226553797721863
1608	0.13740324974060059
1609	0.18334455788135529
1610	0.10433055460453033
1611	0.09382492303848267
1612	0.07107856869697571
1613	0.07794254273176193
1614	0.08006925880908966
1615	0.07689638435840607
1616	0.062341272830963135
1617	0.14453203976154327
1618	0.07720078527927399
1619	0.08691125363111496
1620	0.11018707603216171
1621	0.12397630512714386
1622	0.08863165229558945
1623	0.1501619815826416
1624	0.0988837257027626
1625	0.09662892669439316
1626	0.09467072039842606
1627	0.10054351389408112
1628	0.11077290773391724
1629	0.1122734472155571
1630	0.09424978494644165
1631	0.13109810650348663
1632	0.07632824033498764
1633	0.059279728680849075
1634	0.08659572899341583
1635	0.09338875114917755
1636	0.09580503404140472
1637	0.10212182253599167
1638	0.22387853264808655
1639	0.31326624751091003
1640	0.40242257714271545
1641	0.5140682458877563
1642	0.6918128728866577
1643	0.5710558891296387
1644	0.5122010111808777
1645	0.635018527507782
1646	0.6639263033866882
1647	0.44449877738952637
1648	0.40425392985343933
1649	0.6364254355430603
1650	0.2097829431295395
1651	0.3561253547668457
1652	0.282361775636673
1653	0.3748193085193634
1654	0.48354920744895935
1655	0.5983266234397888
1656	0.7213875651359558
1657	0.620097815990448
1658	0.7695236206054688
1659	0.6658980846405029
1660	0.6924405097961426
1661	0.6666839718818665
1662	0.504793643951416
1663	0.6646872162818909
1664	0.591720700263977
1665	0.5711374282836914
1666	0.5191848278045654
1667	0.27679571509361267
1668	0.20296593010425568
1669	0.11001260578632355
1670	0.07025419920682907
1671	0.06367261707782745
1672	0.037137944251298904
1673	0.018452078104019165
1674	0.021164700388908386
1675	0.013581342063844204
1676	0.014016784727573395
1677	0.0154524315148592
1678	0.015135722234845161
1679	0.01866847090423107
1680	0.017780054360628128
1681	0.016248688101768494
1682	0.016590280458331108
1683	0.014598304405808449
1684	0.016356125473976135
1685	0.017161989584565163
1686	0.014912093058228493
1687	0.01890064775943756
1688	0.011406101286411285
1689	0.01032919343560934
1690	0.01325460709631443
1691	0.00818211492151022
1692	0.018456703051924706
1693	0.013741505332291126
1694	0.013943019323050976
1695	0.012963605113327503
1696	0.020021265372633934
1697	0.008661369793117046
1698	0.012395556084811687
1699	0.05032440647482872
1700	0.08285361528396606
1701	0.11561635881662369
1702	0.057478249073028564
1703	0.0852835401892662
1704	0.07992634922266006
1705	0.034005340188741684
1706	0.0679137334227562
1707	0.01838524080812931
1708	0.037339430302381516
1709	0.025751827284693718
1710	0.03910084813833237
1711	0.034160908311605453
1712	0.02549220435321331
1713	0.03811945393681526
1714	0.04733099415898323
1715	0.0544554777443409
1716	0.03217654302716255
1717	0.02154076099395752
1718	0.020669257268309593
1719	0.0368352048099041
1720	0.01851239986717701
1721	0.018981553614139557
1722	0.022608239203691483
1723	0.023241737857460976
1724	0.02170715294778347
1725	0.02032214216887951
1726	0.026483062654733658
1727	0.04217042028903961
1728	0.02934134379029274
1729	0.03520956262946129
1730	0.03729022666811943
1731	0.05802851915359497
1732	0.0664488673210144
1733	0.06555333733558655
1734	0.041914135217666626
1735	0.04437575861811638
1736	0.0556822195649147
1737	0.06372421234846115
1738	0.12302448600530624
1739	0.12477882206439972
1740	0.09830563515424728
1741	0.15134581923484802
1742	0.07518237829208374
1743	0.05866232141852379
1744	0.041061773896217346
1745	0.09218086302280426
1746	0.1452324390411377
1747	0.13237372040748596
1748	0.11252438277006149
1749	0.31192609667778015
1750	0.1942499727010727
1751	0.25284406542778015
1752	0.17122671008110046
1753	0.24424247443675995
1754	0.15180164575576782
1755	0.04151004180312157
1756	0.029891882091760635
1757	0.02382727526128292
1758	0.02937634103000164
1759	0.017743786796927452
1760	0.015791093930602074
1761	0.012994566932320595
1762	0.013397443108260632
1763	0.011369683779776096
1764	0.013340719044208527
1765	0.012589788995683193
1766	0.010005274787545204
1767	0.013380554504692554
1768	0.03331991657614708
1769	0.06562983244657516
1770	0.1391177475452423
1771	0.28967931866645813
1772	0.13027316331863403
1773	0.05833490565419197
1774	0.06397145986557007
1775	0.055520057678222656
1776	0.04450812563300133
1777	0.025650976225733757
1778	0.01474310364574194
1779	0.01539476215839386
1780	0.02083965204656124
1781	0.017562588676810265
1782	0.016108740121126175
1783	0.012678155675530434
1784	0.013429862447082996
1785	0.013138368725776672
1786	0.009824314154684544
1787	0.020470067858695984
1788	0.019615162163972855
1789	0.023326179012656212
1790	0.04196392372250557
1791	0.09724090248346329
1792	0.10926196724176407
1793	0.18074500560760498
1794	0.2414531707763672
1795	0.11064126342535019
1796	0.0747138038277626
1797	0.069484643638134
1798	0.030051445588469505
1799	0.02035202644765377
1800	0.012856247834861279
1801	0.01815713755786419
1802	0.03779446706175804
1803	0.053485214710235596
1804	0.09294935315847397
1805	0.1268070787191391
1806	0.14418576657772064
1807	0.025685345754027367
1808	0.015054181218147278
1809	0.017787477001547813
1810	0.023925578221678734
1811	0.022650709375739098
1812	0.030929161235690117
1813	0.05475499853491783
1814	0.06109157204627991
1815	0.043458472937345505
1816	0.027393177151679993
1817	0.014677013270556927
1818	0.012038853019475937
1819	0.025718852877616882
1820	0.04768768697977066
1821	0.03385081887245178
1822	0.030522067099809647
1823	0.018290594220161438
1824	0.018511075526475906
1825	0.00797873642295599
1826	0.010127495042979717
1827	0.010715067386627197
1828	0.013369614258408546
1829	0.013981197960674763
1830	0.012806463055312634
1831	0.02069109119474888
1832	0.01776495762169361
1833	0.02582610212266445
1834	0.03816042095422745
1835	0.0557573102414608
1836	0.12381869554519653
1837	0.043131474405527115
1838	0.016151264309883118
1839	0.012427826412022114
1840	0.010886858217418194
1841	0.01232436578720808
1842	0.011503099463880062
1843	0.01443894486874342
1844	0.016764545813202858
1845	0.009037801995873451
1846	0.015349569730460644
1847	0.01559541281312704
1848	0.02049987018108368
1849	0.013464394025504589
1850	0.014066058211028576
1851	0.015394165180623531
1852	0.013459309004247189
1853	0.01574438437819481
1854	0.012445147149264812
1855	0.017303450033068657
1856	0.01805037260055542
1857	0.010817580856382847
1858	0.011834104545414448
1859	0.0095307482406497
1860	0.017932381480932236
1861	0.03224245458841324
1862	0.045273374766111374
1863	0.13683895766735077
1864	0.10636228322982788
1865	0.1649484932422638
1866	0.12387261539697647
1867	0.07553869485855103
1868	0.05579180642962456
1869	0.07507418841123581
1870	0.05808921530842781
1871	0.12442155182361603
1872	0.13940678536891937
1873	0.17538543045520782
1874	0.19205959141254425
1875	0.2106703817844391
1876	0.22697260975837708
1877	0.1340503990650177
1878	0.09055642783641815
1879	0.2524915635585785
1880	0.17903688549995422
1881	0.3260287940502167
1882	0.1907341480255127
1883	0.26300516724586487
1884	0.2949613034725189
1885	0.06065336987376213
1886	0.023596568033099174
1887	0.014487914741039276
1888	0.018911603838205338
1889	0.014939612708985806
1890	0.010589197278022766
1891	0.013602402992546558
1892	0.017150819301605225
1893	0.010085629299283028
1894	0.015556715428829193
1895	0.0101817911490798
1896	0.016280818730592728
1897	0.014507176354527473
1898	0.012383495457470417
1899	0.009594196453690529
1900	0.018458237871527672
1901	0.012224468402564526
1902	0.015528942458331585
1903	0.012951738201081753
1904	0.020636068657040596
1905	0.013641375117003918
1906	0.013629592023789883
1907	0.012069306336343288
1908	0.01613110862672329
1909	0.013668003492057323
1910	0.01571968011558056
1911	0.015188688412308693
1912	0.012946031056344509
1913	0.0110273202881217
1914	0.01331707276403904
1915	0.01640273630619049
1916	0.012948120012879372
1917	0.01905682124197483
1918	0.02007901482284069
1919	0.02114647999405861
1920	0.029557019472122192
1921	0.03458503261208534
1922	0.025927603244781494
1923	0.020726416260004044
1924	0.028697097674012184
1925	0.02246888540685177
1926	0.023605551570653915
1927	0.021551989018917084
1928	0.02422390505671501
1929	0.026445770636200905
1930	0.02397381328046322
1931	0.02554931677877903
1932	0.019394511356949806
1933	0.018394066020846367
1934	0.01984298788011074
1935	0.022679893299937248
1936	0.02450755052268505
1937	0.021987970918416977
1938	0.008976412005722523
1939	0.010373788885772228
1940	0.006685173604637384
1941	0.0072863358072936535
1942	0.0063140178099274635
1943	0.00695975823327899
1944	0.007551224436610937
1945	0.007610160391777754
1946	0.005477000027894974
1947	0.005427917465567589
1948	0.004677691496908665
1949	0.004499522503465414
1950	0.005688469856977463
1951	0.007710650563240051
1952	0.010735297575592995
1953	0.014063107781112194
1954	0.014637881889939308
1955	0.022627566009759903
1956	0.013824335299432278
1957	0.018893584609031677
1958	0.017429960891604424
1959	0.016357967630028725
1960	0.01626734249293804
1961	0.013071412220597267
1962	0.016336241737008095
1963	0.0154580594971776
1964	0.022152015939354897
1965	0.033179860562086105
1966	0.03312540426850319
1967	0.02960878051817417
1968	0.017936868593096733
1969	0.01396929007023573
1970	0.015489950776100159
1971	0.01658196561038494
1972	0.017857497557997704
1973	0.025589505210518837
1974	0.01771768368780613
1975	0.01720397360622883
1976	0.029678864404559135
1977	0.02311035804450512
1978	0.024138985201716423
1979	0.02284916117787361
1980	0.025600804015994072
1981	0.02104935050010681
1982	0.032865721732378006
1983	0.027717960998415947
1984	0.025259090587496758
1985	0.027412349358201027
1986	0.03736362233757973
1987	0.04300324246287346
1988	0.020012998953461647
1989	0.016196129843592644
1990	0.011774628423154354
1991	0.013858884572982788
1992	0.01814829744398594
1993	0.01115228421986103
1994	0.011220946907997131
1995	0.011256203055381775
1996	0.012198982760310173
1997	0.00939677469432354
1998	0.009744943119585514
1999	0.011474051512777805
2000	0.013336031697690487
2001	0.010075847618281841
2002	0.013460633344948292
2003	0.014282125048339367
2004	0.035781215876340866
2005	0.07155835628509521
2006	0.19122181832790375
2007	0.19078408181667328
2008	0.2538965046405792
2009	0.33211347460746765
2010	0.2844584286212921
2011	0.2771329879760742
2012	0.36858516931533813
2013	0.20194952189922333
2014	0.23744086921215057
2015	0.25260743498802185
2016	0.1641928255558014
2017	0.17726464569568634
2018	0.16961359977722168
2019	0.22986522316932678
2020	0.3322301506996155
2021	0.342060387134552
2022	0.3402669131755829
2023	0.44169875979423523
2024	0.29209640622138977
2025	0.39269664883613586
2026	0.3405981957912445
2027	0.29701298475265503
2028	0.2689342498779297
2029	0.2877366542816162
2030	0.414780855178833
2031	0.6723615527153015
2032	0.6018590331077576
2033	0.40323200821876526
2034	0.3790975511074066
2035	0.4160514771938324
2036	0.2925947308540344
2037	0.3926561772823334
2038	0.2668056786060333
2039	0.1781383603811264
2040	0.1407800167798996
2041	0.10592199862003326
2042	0.0742599293589592
2043	0.11488576978445053
2044	0.030897004529833794
2045	0.07752412557601929
2046	0.052480340003967285
2047	0.03816642984747887
2048	0.04044334217905998
2049	0.06162824109196663
2050	0.07487235218286514
2051	0.06703400611877441
2052	0.053758859634399414
2053	0.08088525384664536
2054	0.03249979019165039
2055	0.01467195339500904
2056	0.01688639633357525
2057	0.017817938700318336
2058	0.018648717552423477
2059	0.027751222252845764
2060	0.04658638313412666
2061	0.12404435127973557
2062	0.055749040096998215
2063	0.054196786135435104
2064	0.04434993490576744
2065	0.031058887019753456
2066	0.03862611949443817
2067	0.040205348283052444
2068	0.02598784677684307
2069	0.023994380608201027
2070	0.027991408482193947
2071	0.01865965686738491
2072	0.01739020273089409
2073	0.016464535146951675
2074	0.01894354075193405
2075	0.017692921683192253
2076	0.011662224307656288
2077	0.014806784689426422
2078	0.014781035482883453
2079	0.014375792816281319
2080	0.020576883107423782
2081	0.011057606898248196
2082	0.015802457928657532
2083	0.016218965873122215
2084	0.011662778444588184
2085	0.011057865805923939
2086	0.0167473666369915
2087	0.02325119636952877
2088	0.028089288622140884
2089	0.03313927724957466
2090	0.01935824751853943
2091	0.019077494740486145
2092	0.032731376588344574
2093	0.04162713512778282
2094	0.043426889926195145
2095	0.07737524807453156
2096	0.04624449834227562
2097	0.040511853992938995
2098	0.03572576865553856
2099	0.04342549666762352
2100	0.03301754221320152
2101	0.045727383345365524
2102	0.04646461457014084
2103	0.06448401510715485
2104	0.09573671966791153
2105	0.08724333345890045
2106	0.10496455430984497
2107	0.14501769840717316
2108	0.1580226868391037
2109	0.15134933590888977
2110	0.08161308616399765
2111	0.12568426132202148
2112	0.08889253437519073
2113	0.10165393352508545
2114	0.15161395072937012
2115	0.07607357949018478
2116	0.06907971948385239
2117	0.08248899132013321
2118	0.067097507417202
2119	0.0634605884552002
2120	0.08373182266950607
2121	0.12604129314422607
2122	0.1058100014925003
2123	0.11086249351501465
2124	0.0676821917295456
2125	0.162545844912529
2126	0.17815807461738586
2127	0.1776503026485443
2128	0.05466785654425621
2129	0.06750322878360748
2130	0.082852803170681
2131	0.06217321753501892
2132	0.057220328599214554
2133	0.0522853247821331
2134	0.032783206552267075
2135	0.03742300346493721
2136	0.04260217770934105
2137	0.06930690258741379
2138	0.047534603625535965
2139	0.05429425835609436
2140	0.13559067249298096
2141	0.03703279048204422
2142	0.020461715757846832
2143	0.026997888460755348
2144	0.02691306546330452
2145	0.022281695157289505
2146	0.011843799613416195
2147	0.010815811343491077
2148	0.018069803714752197
2149	0.0170487929135561
2150	0.014908242039382458
2151	0.016857769340276718
2152	0.02258206531405449
2153	0.017686394974589348
2154	0.019497597590088844
2155	0.03357107564806938
2156	0.028820766136050224
2157	0.03094979003071785
2158	0.034847550094127655
2159	0.027489185333251953
2160	0.03503148630261421
2161	0.048756297677755356
2162	0.05586248263716698
2163	0.042395200580358505
2164	0.04659650847315788
2165	0.05374491959810257
2166	0.028187161311507225
2167	0.030567115172743797
2168	0.02308672107756138
2169	0.02171286940574646
2170	0.02705666795372963
2171	0.01673705130815506
2172	0.021291283890604973
2173	0.024906931445002556
2174	0.02924942970275879
2175	0.02291036956012249
2176	0.017010195180773735
2177	0.03839871659874916
2178	0.03530624881386757
2179	0.027945024892687798
2180	0.021877562627196312
2181	0.025731239467859268
2182	0.029429947957396507
2183	0.043288227170705795
2184	0.05083722993731499
2185	0.05959346517920494
2186	0.046615611761808395
2187	0.0322641022503376
2188	0.018823036924004555
2189	0.012227770872414112
2190	0.012694287113845348
2191	0.009423003531992435
2192	0.011752714402973652
2193	0.009994893334805965
2194	0.012774842791259289
2195	0.010554608888924122
2196	0.017134658992290497
2197	0.020674988627433777
2198	0.021580945700407028
2199	0.028732145205140114
2200	0.04138866439461708
2201	0.014962578192353249
2202	0.010225273668766022
2203	0.020293697714805603
2204	0.020158179104328156
2205	0.024969492107629776
2206	0.05106008052825928
2207	0.05711541324853897
2208	0.13671113550662994
2209	0.09172304719686508
2210	0.10535388439893723
2211	0.07066021114587784
2212	0.12251842021942139
2213	0.14269451797008514
2214	0.14481912553310394
2215	0.1533326357603073
2216	0.14746540784835815
2217	0.21089689433574677
2218	0.17423026263713837
2219	0.16855275630950928
2220	0.09360671788454056
2221	0.08015861362218857
2222	0.12959380447864532
2223	0.15333281457424164
2224	0.05777217075228691
2225	0.012370437383651733
2226	0.044209398329257965
2227	0.045163344591856
2228	0.050540100783109665
2229	0.048053078353405
2230	0.024959329515695572
2231	0.03915972635149956
2232	0.03354644402861595
2233	0.041882507503032684
2234	0.05350548028945923
2235	0.04441848397254944
2236	0.0285020861774683
2237	0.022200709208846092
2238	0.022074200212955475
2239	0.022759966552257538
2240	0.01859993115067482
2241	0.022002002224326134
2242	0.015105796046555042
2243	0.013331315480172634
2244	0.0173803623765707
2245	0.010375671088695526
2246	0.015454073436558247
2247	0.010201013647019863
2248	0.015886826440691948
2249	0.01238049566745758
2250	0.011931505985558033
2251	0.014613702893257141
2252	0.009500080719590187
2253	0.014876815490424633
2254	0.014391064643859863
2255	0.009556655772030354
2256	0.011006064713001251
2257	0.011758214794099331
2258	0.01049397885799408
2259	0.025217508897185326
2260	0.02011476643383503
2261	0.02395208179950714
2262	0.026545697823166847
2263	0.02755158022046089
2264	0.014390215277671814
2265	0.027238262817263603
2266	0.021077264100313187
2267	0.024058640003204346
2268	0.012825067155063152
2269	0.017785025760531425
2270	0.012806284241378307
2271	0.019846847280859947
2272	0.014518901705741882
2273	0.015270880423486233
2274	0.014133013784885406
2275	0.014652656391263008
2276	0.013686087913811207
2277	0.016123900189995766
2278	0.013437223620712757
2279	0.009947829879820347
2280	0.01297790464013815
2281	0.013246417045593262
2282	0.013303524814546108
2283	0.010873022489249706
2284	0.013542023487389088
2285	0.011636490933597088
2286	0.015443545766174793
2287	0.013296879827976227
2288	0.013390475884079933
2289	0.01802440546452999
2290	0.02348816767334938
2291	0.05636432766914368
2292	0.03234349563717842
2293	0.056066013872623444
2294	0.05864332243800163
2295	0.07129031419754028
2296	0.08769872784614563
2297	0.10576266050338745
2298	0.07075750082731247
2299	0.07306339591741562
2300	0.042023397982120514
2301	0.04940309002995491
2302	0.04550154134631157
2303	0.05283200368285179
2304	0.048628926277160645
2305	0.06435989588499069
2306	0.0714959055185318
2307	0.06904318183660507
2308	0.051427628844976425
2309	0.06918799132108688
2310	0.07069974392652512
2311	0.043655265122652054
2312	0.05573422834277153
2313	0.0803622230887413
2314	0.08632678538560867
2315	0.07381656020879745
2316	0.09871502965688705
2317	0.10165365040302277
2318	0.05219990015029907
2319	0.04288625717163086
2320	0.04920068383216858
2321	0.05204378440976143
2322	0.057448435574769974
2323	0.03723173961043358
2324	0.06948547810316086
2325	0.0564645417034626
2326	0.06283833086490631
2327	0.05806441232562065
2328	0.03771701455116272
2329	0.04798674210906029
2330	0.040030281990766525
2331	0.058448661118745804
2332	0.053497374057769775
2333	0.06517141312360764
2334	0.044199563562870026
2335	0.04558257386088371
2336	0.03644959256052971
2337	0.04411810636520386
2338	0.036375489085912704
2339	0.030975980684161186
2340	0.02060660533607006
2341	0.01714705303311348
2342	0.013109520077705383
2343	0.012521025724709034
2344	0.014686810784041882
