frame	prob
0	0.003900546347722411
1	0.0053873430006206036
2	0.0077141872607171535
3	0.0064005739986896515
4	0.00626722676679492
5	0.0054848589934408665
6	0.005514015909284353
7	0.005827495362609625
8	0.007013050373643637
9	0.008942310698330402
10	0.008938940241932869
11	0.01045175176113844
12	0.010432696901261806
13	0.012598044238984585
14	0.010003483854234219
15	0.010985207743942738
16	0.008912700228393078
17	0.0079421391710639
18	0.012086615897715092
19	0.00960125308483839
20	0.012744160369038582
21	0.019427618011832237
22	0.011798570863902569
23	0.015308568254113197
24	0.01609203778207302
25	0.04591869190335274
26	0.02259988896548748
27	0.027982203289866447
28	0.028588367626070976
29	0.018048489466309547
30	0.046754416078329086
31	0.06021789461374283
32	0.10481595993041992
33	0.14605799317359924
34	0.13532303273677826
35	0.19435732066631317
36	0.13332517445087433
37	0.19623886048793793
38	0.13130620121955872
39	0.10184288024902344
40	0.06323608011007309
41	0.2881476879119873
42	0.5314920544624329
43	0.40487441420555115
44	0.4523018002510071
45	0.5380988717079163
46	0.5745143294334412
47	0.5070623755455017
48	0.42896708846092224
49	0.5369093418121338
50	0.4618757367134094
51	0.4023272693157196
52	0.4799652099609375
53	0.5398997664451599
54	0.43317699432373047
55	0.445038378238678
56	0.3045397996902466
57	0.1506345421075821
58	0.11402101814746857
59	0.24688731133937836
60	0.4934527575969696
61	0.7005122303962708
62	0.49057847261428833
63	0.7129339575767517
64	0.7122906446456909
65	0.8839218020439148
66	0.9322264790534973
67	0.9300433993339539
68	0.810063362121582
69	0.9686208963394165
70	0.9623525738716125
71	0.9130561947822571
72	0.9543550610542297
73	0.9468883872032166
74	0.9257294535636902
75	0.9080783724784851
76	0.7053701877593994
77	0.12565843760967255
78	0.18119584023952484
79	0.4170445501804352
80	0.1925487518310547
81	0.18415981531143188
82	0.10664595663547516
83	0.08255411684513092
84	0.02431751973927021
85	0.07722332328557968
86	0.326031357049942
87	0.1787780225276947
88	0.15178410708904266
89	0.4873140752315521
90	0.8111034631729126
91	0.9087311625480652
92	0.9457382559776306
93	0.9582404494285583
94	0.9557901620864868
95	0.9368004202842712
96	0.7988736033439636
97	0.8087815642356873
98	0.7883583903312683
99	0.8896235823631287
100	0.8925111889839172
101	0.8942966461181641
102	0.8643471598625183
103	0.8679582476615906
104	0.7556479573249817
105	0.642140805721283
106	0.14440776407718658
107	0.21649661660194397
108	0.11842071264982224
109	0.5909480452537537
110	0.7116451263427734
111	0.8255731463432312
112	0.8946502804756165
113	0.7792261242866516
114	0.633063793182373
115	0.7709266543388367
116	0.7519389986991882
117	0.3773674964904785
118	0.4691123962402344
119	0.07880810648202896
120	0.015106496401131153
121	0.01510956883430481
122	0.019938480108976364
123	0.012639266438782215
124	0.011664840392768383
125	0.013505937531590462
126	0.012947357259690762
127	0.013402468524873257
128	0.014240010641515255
129	0.014268663711845875
130	0.01494930125772953
131	0.014225983992218971
132	0.013523406349122524
133	0.011109900660812855
134	0.012791692279279232
135	0.010365883819758892
136	0.015696831047534943
137	0.0118298614397645
138	0.007006210740655661
139	0.011833108961582184
140	0.013573202304542065
141	0.013438559137284756
142	0.013859947212040424
143	0.01803978718817234
144	0.018359700217843056
145	0.012850949540734291
146	0.011333373375236988
147	0.013856835663318634
148	0.018214430660009384
149	0.03379306197166443
150	0.02464761957526207
151	0.0096699558198452
152	0.007596898358315229
153	0.008936216123402119
154	0.012125427834689617
155	0.01553927082568407
156	0.009972511790692806
157	0.01160685159265995
158	0.012065171264111996
159	0.01079158391803503
160	0.013074974529445171
161	0.008365489542484283
162	0.006521929986774921
163	0.0068602547980844975
164	0.0067902314476668835
165	0.008165753446519375
166	0.0068474262952804565
167	0.007690609898418188
168	0.008416252210736275
169	0.009486379101872444
170	0.010218833573162556
171	0.008514265529811382
172	0.00953721534460783
173	0.0089848218485713
174	0.006596618331968784
175	0.008658098056912422
176	0.008393636904656887
177	0.009395139291882515
178	0.010241919197142124
179	0.014117354527115822
180	0.01554774958640337
181	0.011692100204527378
182	0.01878412254154682
183	0.06315874308347702
184	0.1783934086561203
185	0.0950070321559906
186	0.0942191407084465
187	0.4070110321044922
188	0.5781304240226746
189	0.713983416557312
190	0.8999814987182617
191	0.9017314910888672
192	0.9416109323501587
193	0.821649968624115
194	0.7698039412498474
195	0.9485947489738464
196	0.8746970295906067
197	0.9330306053161621
198	0.9439045786857605
199	0.9433126449584961
200	0.7658032178878784
201	0.9497093558311462
202	0.980472207069397
203	0.9856144189834595
204	0.9582411050796509
205	0.03446422144770622
206	0.011200161650776863
207	0.011658132076263428
208	0.01003359630703926
209	0.016650963574647903
210	0.9231835603713989
211	0.9324198961257935
212	0.9728527069091797
213	0.46033546328544617
214	0.012298387475311756
215	0.0514533594250679
216	0.834538459777832
217	0.7957894206047058
218	0.7370713949203491
219	0.02632286585867405
220	0.012604516930878162
221	0.012414609082043171
222	0.010623338632285595
223	0.012234002351760864
224	0.015278235077857971
225	0.13444489240646362
226	0.0698198452591896
227	0.1279834359884262
228	0.11795928329229355
229	0.9200418591499329
230	0.9714954495429993
231	0.9745540618896484
232	0.991314709186554
233	0.9916643500328064
234	0.949198842048645
235	0.06298910081386566
236	0.9019153714179993
237	0.9246448874473572
238	0.9392591714859009
239	0.8729519248008728
240	0.9723837971687317
241	0.9752198457717896
242	0.9765129089355469
243	0.9423076510429382
244	0.7798910140991211
245	0.9599335789680481
246	0.9665343165397644
247	0.9580499529838562
248	0.9788886904716492
249	0.9815459251403809
250	0.9874173998832703
251	0.9390592575073242
252	0.9127718210220337
253	0.976668655872345
254	0.9906530380249023
255	0.9830608367919922
256	0.9845823645591736
257	0.9856790900230408
258	0.9506282210350037
259	0.8819293975830078
260	0.9806873202323914
261	0.976019024848938
262	0.9791277050971985
263	0.9798159599304199
264	0.9554403424263
265	0.9512800574302673
266	0.6864911317825317
267	0.4302787482738495
268	0.5995599031448364
269	0.7153510451316833
270	0.9511758685112
271	0.9796335101127625
272	0.9746946692466736
273	0.97843998670578
274	0.9592242240905762
275	0.9716247916221619
276	0.8003482222557068
277	0.8251419067382812
278	0.8883511424064636
279	0.3583086133003235
280	0.014862685464322567
281	0.015189855359494686
282	0.3309718072414398
283	0.5882331728935242
284	0.8361800312995911
285	0.6797631978988647
286	0.6074002981185913
287	0.011266620829701424
288	0.016878562048077583
289	0.014843890443444252
290	0.014019972644746304
291	0.0113255325704813
292	0.010862642899155617
293	0.010982546024024487
294	0.010929347947239876
295	0.010204493068158627
296	0.010045885108411312
297	0.009896613657474518
298	0.009911355562508106
299	0.013731730170547962
300	0.00805911049246788
301	0.01047061663120985
302	0.010786879807710648
303	0.024560466408729553
304	0.011662771925330162
305	0.012536746449768543
306	0.012809169478714466
307	0.011310904286801815
308	0.011324522085487843
309	0.008403615094721317
310	0.00959110539406538
311	0.006719766650348902
312	0.008823983371257782
313	0.009588665328919888
314	0.007375404238700867
315	0.006595971528440714
316	0.006033719517290592
317	0.00505610927939415
318	0.005571991205215454
319	0.006502126343548298
320	0.006801059935241938
321	0.006663282867521048
322	0.007099961396306753
323	0.008048794232308865
324	0.007582056801766157
325	0.008252620697021484
326	0.008931064046919346
327	0.007415989879518747
328	0.007798071950674057
329	0.011125786229968071
330	0.00922186579555273
331	0.00956922210752964
332	0.009011073037981987
333	0.009795540943741798
334	0.007662714924663305
335	0.009094779379665852
336	0.009782509878277779
337	0.007316638715565205
338	0.008643144741654396
339	0.010317114181816578
340	0.00831469427794218
341	0.008918367326259613
342	0.00782193522900343
343	0.007822761312127113
344	0.008554985746741295
345	0.00889978464692831
346	0.009656055830419064
347	0.0077917128801345825
348	0.010359150357544422
349	0.008188880048692226
350	0.00773606589064002
351	0.010062511079013348
352	0.008702564053237438
353	0.008235438726842403
354	0.006754008587449789
355	0.0063933334313333035
356	0.005780945066362619
357	0.005886347498744726
358	0.005646999925374985
359	0.005655954126268625
360	0.0047829728573560715
361	0.008659201674163342
362	0.005878083407878876
363	0.006387520581483841
364	0.008081654086709023
365	0.006379666272550821
366	0.00461515411734581
367	0.005641416646540165
368	0.006743619684129953
369	0.007360156159847975
370	0.007332702167332172
371	0.0068881213665008545
372	0.0074675315991044044
373	0.006314173340797424
374	0.0055258008651435375
375	0.007858467288315296
376	0.0067698466591537
377	0.00652464060112834
378	0.007243548519909382
379	0.006677926983684301
380	0.005604173988103867
381	0.005531433969736099
382	0.005726370960474014
383	0.005923758260905743
384	0.004882482346147299
385	0.005923722870647907
386	0.00674269488081336
387	0.006333099212497473
388	0.006131893489509821
389	0.005485706962645054
390	0.0058196717873215675
391	0.004813500680029392
392	0.005121608264744282
393	0.0045296549797058105
394	0.0057525113224983215
395	0.006194415967911482
396	0.005748544353991747
397	0.0056596421636641026
398	0.007542428560554981
399	0.006826465018093586
400	0.005797449499368668
401	0.00542611675336957
402	0.005125108640640974
403	0.004457518924027681
404	0.005308323539793491
405	0.005300478078424931
406	0.004659275058656931
407	0.004250996746122837
408	0.005788729526102543
409	0.00513325585052371
410	0.004851700272411108
411	0.005539522971957922
412	0.004743779543787241
413	0.005365847609937191
414	0.004642108920961618
415	0.004255864769220352
416	0.004717534873634577
417	0.00473786098882556
418	0.004060632549226284
419	0.004665520507842302
420	0.004178517032414675
421	0.004055909812450409
422	0.004078387748450041
423	0.005194664001464844
424	0.004555108491331339
425	0.005197759252041578
426	0.004617242608219385
427	0.004484428092837334
428	0.00545686949044466
429	0.005032035056501627
430	0.005065922625362873
431	0.005217657890170813
432	0.0050746905617415905
433	0.0055012949742376804
434	0.006028859876096249
435	0.006813845131546259
436	0.006668475456535816
437	0.005983131472021341
438	0.0062108333222568035
439	0.005842806305736303
440	0.006803272757679224
441	0.005728434771299362
442	0.0061571733094751835
443	0.00636455649510026
444	0.007945491932332516
445	0.005673170555382967
446	0.0057812645100057125
447	0.0065529257990419865
448	0.006298406515270472
449	0.0065325661562383175
450	0.005596703849732876
451	0.006518419831991196
452	0.005774354096502066
453	0.006563834846019745
454	0.006167386658489704
455	0.00616278825327754
456	0.005563101265579462
457	0.006627796683460474
458	0.005892359651625156
459	0.006740354001522064
460	0.0071265073493123055
461	0.010752449743449688
462	0.00573113514110446
463	0.0108468197286129
464	0.008365921676158905
465	0.0056929136626422405
466	0.005430186633020639
467	0.005668402649462223
468	0.005630140192806721
469	0.008252473548054695
470	0.00691243214532733
471	0.00701778382062912
472	0.007936274632811546
473	0.006542203016579151
474	0.005524301901459694
475	0.004378346260637045
476	0.005426069255918264
477	0.006932120770215988
478	0.00793165061622858
479	0.007960006594657898
480	0.008226796984672546
481	0.008959027007222176
482	0.010168967768549919
483	0.01034485548734665
484	0.008800128474831581
485	0.006889544427394867
486	0.006751251872628927
487	0.004176879767328501
488	0.006147197913378477
489	0.008813077583909035
490	0.00771029619500041
491	0.005865323822945356
492	0.00592233007773757
493	0.006296131759881973
494	0.006341321859508753
495	0.005926765035837889
496	0.007411160971969366
497	0.006300605367869139
498	0.0053923362866044044
499	0.00583276292309165
500	0.007503064814954996
501	0.00594054302200675
502	0.006728472653776407
503	0.006062804255634546
504	0.0057807182893157005
505	0.0051518711261451244
506	0.005343619268387556
507	0.006598635111004114
508	0.00594909256324172
509	0.005999844986945391
510	0.005237015895545483
511	0.006056132260710001
512	0.00621769530698657
513	0.005686554592102766
514	0.007596729788929224
515	0.007706306874752045
516	0.00834681373089552
517	0.007618248462677002
518	0.00804163422435522
519	0.007397401612251997
520	0.0065110186114907265
521	0.00589872756972909
522	0.007223352789878845
523	0.007749313022941351
524	0.007787809707224369
525	0.009462924674153328
526	0.009113200008869171
527	0.01191173866391182
528	0.020344754680991173
529	0.013403034768998623
530	0.04412129148840904
531	0.09671913832426071
532	0.169114351272583
533	0.18145650625228882
534	0.34488484263420105
535	0.4331873059272766
536	0.295411080121994
537	0.31032758951187134
538	0.5323731899261475
539	0.43512460589408875
540	0.11230333894491196
541	0.25003689527511597
542	0.30904701352119446
543	0.24592867493629456
544	0.18915005028247833
545	0.19367393851280212
546	0.09312257915735245
547	0.1694742888212204
548	0.11382510513067245
549	0.06310243904590607
550	0.06211527809500694
551	0.1114615947008133
552	0.08142568171024323
553	0.14386488497257233
554	0.13136689364910126
555	0.227264866232872
556	0.23666547238826752
557	0.3119952380657196
558	0.544430673122406
559	0.5793625116348267
560	0.6890231966972351
561	0.941861093044281
562	0.8619115948677063
563	0.8732102513313293
564	0.8330735564231873
565	0.9537889361381531
566	0.9257559180259705
567	0.9011747241020203
568	0.6925605535507202
569	0.8609668612480164
570	0.8953985571861267
571	0.9194736480712891
572	0.9177543520927429
573	0.8730279207229614
574	0.8817768096923828
575	0.9249668121337891
576	0.9208387732505798
577	0.8123025894165039
578	0.8498916625976562
579	0.9428768157958984
580	0.866707444190979
581	0.9580900073051453
582	0.9484586119651794
583	0.9766185879707336
584	0.9592161178588867
585	0.953112781047821
586	0.939000129699707
587	0.9534075856208801
588	0.7919583916664124
589	0.9158738255500793
590	0.9277311563491821
591	0.9674575924873352
592	0.9312446713447571
593	0.8141878247261047
594	0.8343999981880188
595	0.6983736157417297
596	0.6693912148475647
597	0.721916675567627
598	0.04996028169989586
599	0.01277006883174181
600	0.009557695128023624
601	0.012935924343764782
602	0.011556955985724926
603	0.011106699705123901
604	0.008356875739991665
605	0.010336062870919704
606	0.005627858452498913
607	0.0072878338396549225
608	0.013996201567351818
609	0.012081784196197987
610	0.007428485434502363
611	0.009798291139304638
612	0.008185692131519318
613	0.009555426426231861
614	0.008951621130108833
615	0.009224737994372845
616	0.008300471119582653
617	0.008121161721646786
618	0.006408283952623606
619	0.007749001961201429
620	0.008137956261634827
621	0.007491665426641703
622	0.006483938079327345
623	0.007492254953831434
624	0.007681399583816528
625	0.006777220871299505
626	0.00806205254048109
627	0.0073683722876012325
628	0.006071713753044605
629	0.00926760770380497
630	0.008468518033623695
631	0.008479510433971882
632	0.011783677153289318
633	0.020595064386725426
634	0.014658642001450062
635	0.010536919347941875
636	0.0121746975928545
637	0.012189115397632122
638	0.015199944376945496
639	0.011777160689234734
640	0.007104180753231049
641	0.010495468974113464
642	0.012549275532364845
643	0.015147414989769459
644	0.015021214261651039
645	0.014538443647325039
646	0.012634383514523506
647	0.010232142172753811
648	0.01078848447650671
649	0.014357032254338264
650	0.014552940614521503
651	0.016184436157345772
652	0.012101205997169018
653	0.010632472112774849
654	0.009773239493370056
655	0.011284925974905491
656	0.01196163147687912
657	0.013163017109036446
658	0.0128287049010396
659	0.009872503578662872
660	0.009917465038597584
661	0.01071187760680914
662	0.010429765097796917
663	0.00993878673762083
664	0.008292343467473984
665	0.008841023780405521
666	0.010333025828003883
667	0.01280586700886488
668	0.010374356992542744
669	0.010885423980653286
670	0.009326866827905178
671	0.013095788657665253
672	0.014429000206291676
673	0.014945022761821747
674	0.013789049349725246
675	0.017144564539194107
676	0.013731354847550392
677	0.015288898721337318
678	0.015612062998116016
679	0.015718135982751846
680	0.014096646569669247
681	0.013122997246682644
682	0.01364986039698124
683	0.013118726201355457
684	0.016367511823773384
685	0.015019332058727741
686	0.015394739806652069
687	0.010343852452933788
688	0.011932335793972015
689	0.011855782940983772
690	0.012787011452019215
691	0.01325103361159563
692	0.013127908110618591
693	0.010364978574216366
694	0.01389845460653305
695	0.012434492819011211
696	0.013278434053063393
697	0.011807126924395561
698	0.010371309705078602
699	0.01151828933507204
700	0.009500125423073769
701	0.008666405454277992
702	0.011976522393524647
703	0.010563569143414497
704	0.013589829206466675
705	0.011516359634697437
706	0.012579473666846752
707	0.011237800121307373
708	0.010841401293873787
709	0.013389441184699535
710	0.011071592569351196
711	0.010179698467254639
712	0.010603710077702999
713	0.01063440926373005
714	0.011552619747817516
715	0.016048995777964592
716	0.010831219144165516
717	0.009928058832883835
718	0.012416320852935314
719	0.012331289239227772
720	0.0110563263297081
721	0.01111620757728815
722	0.011128129437565804
723	0.010200812481343746
724	0.010128254070878029
725	0.009696907363831997
726	0.014026859775185585
727	0.012220385484397411
728	0.013533922843635082
729	0.014327202923595905
730	0.011533615179359913
731	0.011787171475589275
732	0.012479737401008606
733	0.011220619082450867
734	0.011250145733356476
735	0.010260168462991714
736	0.016491541638970375
737	0.013226697221398354
738	0.012206408195197582
739	0.017724331468343735
740	0.012622986920177937
741	0.011975021101534367
742	0.013435578905045986
743	0.013435447588562965
744	0.010847135446965694
745	0.010276268236339092
746	0.011783835478127003
747	0.011362901888787746
748	0.011526870541274548
749	0.009996718727052212
750	0.01072738692164421
751	0.012696494348347187
752	0.01327210571616888
753	0.012022546492516994
754	0.01201686728745699
755	0.011941086500883102
756	0.011541600339114666
757	0.012758323922753334
758	0.010708214715123177
759	0.015346862375736237
760	0.014578253030776978
761	0.00975767057389021
762	0.008954915218055248
763	0.010195041075348854
764	0.008033609949052334
765	0.013280749320983887
766	0.013889513909816742
767	0.014263234101235867
768	0.01738935522735119
769	0.016567233949899673
770	0.017573457211256027
771	0.015754712745547295
772	0.007115705404430628
773	0.010475954972207546
774	0.0131857143715024
775	0.009896935895085335
776	0.0169807281345129
777	0.016336584463715553
778	0.015120570547878742
779	0.014300762675702572
780	0.013576047495007515
781	0.012399635277688503
782	0.013655486516654491
783	0.011758346110582352
784	0.012571019120514393
785	0.014820064418017864
786	0.013471009209752083
787	0.01182442158460617
788	0.009012357331812382
789	0.011253713630139828
790	0.012018959037959576
791	0.012827756814658642
792	0.014717134647071362
793	0.014694737270474434
794	0.013750669546425343
795	0.019015802070498466
796	0.01662534661591053
797	0.014539772644639015
798	0.016420498490333557
799	0.01620355062186718
800	0.02222633920609951
801	0.019285324960947037
802	0.01869465969502926
803	0.013321195729076862
804	0.016638070344924927
805	0.014117143116891384
806	0.011088269762694836
807	0.015109521336853504
808	0.01300063170492649
809	0.013536532409489155
810	0.008790827356278896
811	0.01601027511060238
812	0.0108687374740839
813	0.01146826334297657
814	0.011069315485656261
815	0.013828480616211891
816	0.012696645222604275
817	0.013867730274796486
818	0.016042549163103104
819	0.015428262762725353
820	0.011383230797946453
821	0.011860731989145279
822	0.01522368099540472
823	0.010133661329746246
824	0.012947670184075832
825	0.012672263197600842
826	0.012590636499226093
827	0.011948677711188793
828	0.009690806269645691
829	0.012915882281959057
830	0.0123011888936162
831	0.01621357910335064
832	0.012629556469619274
833	0.010153071954846382
834	0.015543836168944836
835	0.011707463301718235
836	0.011972104199230671
837	0.010528122074902058
838	0.012231769040226936
839	0.01225221622735262
840	0.010275098495185375
841	0.009561470709741116
842	0.009510757401585579
843	0.007814942859113216
844	0.00880852248519659
845	0.011279108934104443
846	0.01024612970650196
847	0.008327679708600044
848	0.006989776622503996
849	0.0090025058016181
850	0.009647968225181103
851	0.010334417223930359
852	0.014294156804680824
853	0.00895866472274065
854	0.009935424663126469
855	0.008268037810921669
856	0.015526967123150826
857	0.008513318374752998
858	0.005069154780358076
859	0.005897849332541227
860	0.006665803026407957
861	0.007872430607676506
862	0.006431944668292999
863	0.017928268760442734
864	0.012046962045133114
865	0.008329636417329311
866	0.009090005420148373
867	0.010525621473789215
868	0.014929833821952343
869	0.014344935305416584
870	0.017398102208971977
871	0.019080614671111107
872	0.006649024318903685
873	0.008792152628302574
874	0.008577506057918072
875	0.011326850391924381
876	0.01149711012840271
877	0.010253438726067543
878	0.008328071795403957
879	0.00807579793035984
880	0.007528842892497778
881	0.007490562740713358
882	0.009561015293002129
883	0.01042132917791605
884	0.009332806803286076
885	0.006925172638148069
886	0.007016956806182861
887	0.00670222332701087
888	0.007342142052948475
889	0.008892768993973732
890	0.010184478014707565
891	0.010380043648183346
892	0.00898604467511177
893	0.009235511533915997
894	0.011335535906255245
895	0.007621203549206257
896	0.009276348166167736
897	0.009101378731429577
898	0.010503034107387066
899	0.01205429807305336
900	0.011825932189822197
901	0.00918517541140318
902	0.007222516927868128
903	0.007110275328159332
904	0.006813195999711752
905	0.007118805777281523
906	0.008989962749183178
907	0.006471718195825815
908	0.006059195380657911
909	0.009636391885578632
910	0.011427431367337704
911	0.01661546528339386
912	0.013250078074634075
913	0.024454360827803612
914	0.009683131240308285
915	0.009628638625144958
916	0.048800379037857056
917	0.02232307568192482
918	0.01570497825741768
919	0.008614524267613888
920	0.014534774236381054
921	0.014187037944793701
922	0.014049905352294445
923	0.01902157999575138
924	0.011207543313503265
925	0.008497041650116444
926	0.009444302879273891
927	0.008458197116851807
928	0.012534755282104015
929	0.0201405081897974
930	0.017728833481669426
931	0.0103869354352355
932	0.007961819879710674
933	0.021533260121941566
934	0.00990371685475111
935	0.011224385350942612
936	0.017392538487911224
937	0.014103773050010204
938	0.007582723628729582
939	0.025302687659859657
940	0.013984602876007557
941	0.015455752611160278
942	0.01657458208501339
943	0.012909737415611744
944	0.013502261601388454
945	0.018900752067565918
946	0.01757068745791912
947	0.013801367953419685
948	0.0130368173122406
949	0.014692730270326138
950	0.010161615908145905
951	0.009402970783412457
952	0.011135506443679333
953	0.010690680705010891
954	0.009744434617459774
955	0.009564105421304703
956	0.010232514701783657
957	0.010779422707855701
958	0.009549617767333984
959	0.010667330585420132
960	0.01014239527285099
961	0.0077173709869384766
962	0.008207392878830433
963	0.009230087511241436
964	0.008877411484718323
965	0.009043610654771328
966	0.011137455701828003
967	0.01207625400274992
968	0.010789884254336357
969	0.011538238264620304
970	0.010834643617272377
971	0.012144013307988644
972	0.007516211364418268
973	0.011196578852832317
974	0.012690335512161255
975	0.009845147840678692
976	0.012736181728541851
977	0.011350537650287151
978	0.010565432719886303
979	0.012621951289474964
980	0.010132396593689919
981	0.010817069560289383
982	0.010341490618884563
983	0.010471574030816555
984	0.009455769322812557
985	0.009215719997882843
986	0.011252202093601227
987	0.010412697680294514
988	0.01096358336508274
989	0.01256205327808857
990	0.013437424786388874
991	0.012893512845039368
992	0.0094602657482028
993	0.010862775146961212
994	0.009502515196800232
995	0.010764013044536114
996	0.02300480380654335
997	0.0180729478597641
998	0.009387127123773098
999	0.009443139657378197
1000	0.008074333891272545
1001	0.00911242701113224
1002	0.009659411385655403
1003	0.00967324897646904
1004	0.016923440620303154
1005	0.021273214370012283
1006	0.031805384904146194
1007	0.014591485261917114
1008	0.010695971548557281
1009	0.00818591844290495
1010	0.008852536790072918
1011	0.006450360175222158
1012	0.007825232110917568
1013	0.007496927864849567
1014	0.009601588360965252
1015	0.007130577694624662
1016	0.005302657838910818
1017	0.007240077946335077
1018	0.0070847198367118835
1019	0.007156705018132925
1020	0.006478022318333387
1021	0.008739174343645573
1022	0.008183397352695465
1023	0.009651628322899342
1024	0.013224410824477673
1025	0.011628433130681515
1026	0.009955856017768383
1027	0.008613563142716885
1028	0.008419818244874477
1029	0.007076568435877562
1030	0.0080711143091321
1031	0.008890324272215366
1032	0.00781604927033186
1033	0.0070284465327858925
1034	0.006303065922111273
1035	0.007492199074476957
1036	0.007272284012287855
1037	0.00664893165230751
1038	0.008032250218093395
1039	0.008447922766208649
1040	0.009312010370194912
1041	0.006573935505002737
1042	0.006492689251899719
1043	0.005319037940353155
1044	0.006043998058885336
1045	0.00847509503364563
1046	0.008267742581665516
1047	0.008037741295993328
1048	0.008754200302064419
1049	0.007913279347121716
1050	0.006898162420839071
1051	0.008135871961712837
1052	0.007117136847227812
1053	0.007784442510455847
1054	0.00741601875051856
1055	0.007060532923787832
1056	0.008725284598767757
1057	0.007734803017228842
1058	0.006731069181114435
1059	0.005749146919697523
1060	0.0055624195374548435
1061	0.006156023591756821
1062	0.005635484587401152
1063	0.004851125180721283
1064	0.004864178132265806
1065	0.004800028633326292
1066	0.004169577267020941
1067	0.004873740021139383
1068	0.003816599491983652
1069	0.005223836284130812
1070	0.0049199797213077545
1071	0.004502313211560249
1072	0.004421294666826725
1073	0.004100102465599775
1074	0.003921143244951963
1075	0.0047156536020338535
1076	0.004988813307136297
1077	0.004371951799839735
1078	0.003912738058716059
1079	0.004966917913407087
1080	0.004357594531029463
1081	0.004049943294376135
1082	0.00334198703058064
1083	0.0037714391946792603
1084	0.004739637020975351
1085	0.004306653048843145
1086	0.004631305579096079
1087	0.004843689501285553
1088	0.004375407937914133
1089	0.005897007882595062
1090	0.007744452450424433
1091	0.010056475177407265
1092	0.00935437623411417
1093	0.008520210161805153
1094	0.0117182657122612
1095	0.017228862270712852
1096	0.011524750851094723
1097	0.021418312564492226
1098	0.02322263829410076
1099	0.020986929535865784
1100	0.02249649539589882
1101	0.06095230579376221
1102	0.0645996481180191
1103	0.2807777523994446
1104	0.19738051295280457
1105	0.2820543944835663
1106	0.29198363423347473
1107	0.38839229941368103
1108	0.3545248210430145
1109	0.814440906047821
1110	0.7896504402160645
1111	0.9586126208305359
1112	0.9661585092544556
1113	0.8257937431335449
1114	0.7671608328819275
1115	0.8606590628623962
1116	0.9628190994262695
1117	0.9155448079109192
1118	0.6514036059379578
1119	0.9460256695747375
1120	0.9259993433952332
1121	0.8412400484085083
1122	0.884421169757843
1123	0.8592544794082642
1124	0.7522632479667664
1125	0.4141354262828827
1126	0.042291220277547836
1127	0.023271594196558
1128	0.014771394431591034
1129	0.018291214480996132
1130	0.02545546554028988
1131	0.0227352362126112
1132	0.031200086697936058
1133	0.01861215941607952
1134	0.019287554547190666
1135	0.01705377735197544
1136	0.017623892053961754
1137	0.013815891928970814
1138	0.01754181832075119
1139	0.022993993014097214
1140	0.19669245183467865
1141	0.8189863562583923
1142	0.9821872711181641
1143	0.9300935864448547
1144	0.8422524333000183
1145	0.8443987965583801
1146	0.8072145581245422
1147	0.554238498210907
1148	0.3285728394985199
1149	0.8702539801597595
1150	0.8222339749336243
1151	0.3596402704715729
1152	0.18431928753852844
1153	0.2644108831882477
1154	0.129857137799263
1155	0.040128350257873535
1156	0.047409914433956146
1157	0.011846180073916912
1158	0.005421760957688093
1159	0.006163227837532759
1160	0.006436577532440424
1161	0.00700373062863946
1162	0.009176020510494709
1163	0.010286077857017517
1164	0.010314698331058025
1165	0.010529390536248684
1166	0.007925460115075111
1167	0.011713927611708641
1168	0.01233541127294302
1169	0.015943823382258415
1170	0.02136540226638317
1171	0.02080036886036396
1172	0.011299210600554943
1173	0.01293221302330494
1174	0.011298879981040955
1175	0.014592045918107033
1176	0.01585715264081955
1177	0.015098029747605324
1178	0.011625200510025024
1179	0.011389157734811306
1180	0.011460843496024609
1181	0.00915137492120266
1182	0.009326519444584846
1183	0.007984830066561699
1184	0.0061509753577411175
1185	0.006369244307279587
1186	0.006258015520870686
1187	0.007588605862110853
1188	0.008046274073421955
1189	0.0090979328379035
1190	0.007708021905273199
1191	0.008649440482258797
1192	0.011588627472519875
1193	0.009911122731864452
1194	0.012782866135239601
1195	0.00839061476290226
1196	0.008606797084212303
1197	0.008851381950080395
1198	0.007759377360343933
1199	0.006671312730759382
1200	0.0068739475682377815
1201	0.007163934409618378
1202	0.00837093498557806
1203	0.00883080717176199
1204	0.008389127440750599
1205	0.009442041628062725
1206	0.018655041232705116
1207	0.009633556008338928
1208	0.007762362714856863
1209	0.005837219301611185
1210	0.006157637573778629
1211	0.0049948315136134624
1212	0.005040718708187342
1213	0.0063217091374099255
1214	0.0061999037861824036
1215	0.0068827345967292786
1216	0.009027157910168171
1217	0.006205626763403416
1218	0.00534806726500392
1219	0.004067037254571915
1220	0.0058776759542524815
1221	0.006471013184636831
1222	0.005162201356142759
1223	0.005139877554029226
1224	0.004866220988333225
1225	0.0060981931164860725
1226	0.005511833354830742
1227	0.0070863389410078526
1228	0.0060393535532057285
1229	0.006907548289746046
1230	0.006122339516878128
1231	0.006681561470031738
1232	0.007448531221598387
1233	0.0072160884737968445
1234	0.009210919961333275
1235	0.009044095873832703
1236	0.01610266976058483
1237	0.022326553240418434
1238	0.06039780005812645
1239	0.04885615035891533
1240	0.038716692477464676
1241	0.07984786480665207
1242	0.06583169102668762
1243	0.17776189744472504
1244	0.14926135540008545
1245	0.05751882120966911
1246	0.04944106191396713
1247	0.06344980746507645
1248	0.02186053991317749
1249	0.052471425384283066
1250	0.036004286259412766
1251	0.022023966535925865
1252	0.06258215010166168
1253	0.30830422043800354
1254	0.3972361981868744
1255	0.5969843864440918
1256	0.3938186466693878
1257	0.712205708026886
1258	0.9026936888694763
1259	0.9251660704612732
1260	0.9168500900268555
1261	0.9690999984741211
1262	0.9683843851089478
1263	0.955322265625
1264	0.9523844122886658
1265	0.9886282086372375
1266	0.9737111926078796
1267	0.9702989459037781
1268	0.9513077139854431
1269	0.950732409954071
1270	0.9574861526489258
1271	0.9806346893310547
1272	0.985722005367279
1273	0.9864595532417297
1274	0.9943233728408813
1275	0.9943340420722961
1276	0.9932997822761536
1277	0.9946795701980591
1278	0.9947889447212219
1279	0.9846487045288086
1280	0.989428699016571
1281	0.9907488226890564
1282	0.994175910949707
1283	0.9857431650161743
1284	0.993486225605011
1285	0.9757292866706848
1286	0.9712383151054382
1287	0.9947568774223328
1288	0.9946468472480774
1289	0.9899870157241821
1290	0.982692539691925
1291	0.7800918817520142
1292	0.9437416195869446
1293	0.8496883511543274
1294	0.5262648463249207
1295	0.019381903111934662
1296	0.016108227893710136
1297	0.011969421990215778
1298	0.01067314576357603
1299	0.018859295174479485
1300	0.017457813024520874
1301	0.01349593698978424
1302	0.01373262982815504
1303	0.018329882994294167
1304	0.3098560571670532
1305	0.7588009834289551
1306	0.5378385782241821
1307	0.8268400430679321
1308	0.9097576141357422
1309	0.8661079406738281
1310	0.6330508589744568
1311	0.0503280945122242
1312	0.04794974625110626
1313	0.044886957854032516
1314	0.010586457327008247
1315	0.0061681619845330715
1316	0.008245321922004223
1317	0.010203220881521702
1318	0.008316042833030224
1319	0.009100346826016903
1320	0.009048114530742168
1321	0.012836596928536892
1322	0.014062196016311646
1323	0.010734053328633308
1324	0.019872909411787987
1325	0.017447616904973984
1326	0.02038716711103916
1327	0.015372171066701412
1328	0.016114255413413048
1329	0.017316779121756554
1330	0.012495866045355797
1331	0.013158437795937061
1332	0.01246681809425354
1333	0.013374912552535534
1334	0.009838204830884933
1335	0.010780404321849346
1336	0.00873155239969492
1337	0.008745575323700905
1338	0.005818260367959738
1339	0.00614891666918993
1340	0.00700073316693306
1341	0.012700982391834259
1342	0.007274222560226917
1343	0.005540954880416393
1344	0.008112321607768536
1345	0.008185155689716339
1346	0.010420022532343864
1347	0.008497175760567188
1348	0.00822174921631813
1349	0.008625826798379421
1350	0.007544304709881544
1351	0.01334422267973423
1352	0.007843765430152416
1353	0.009695027954876423
1354	0.016329601407051086
1355	0.01729772239923477
1356	0.017158284783363342
1357	0.008441234938800335
1358	0.011385180056095123
1359	0.014796631410717964
1360	0.007905906066298485
1361	0.009336334653198719
1362	0.011253023520112038
1363	0.01218305341899395
1364	0.013971555046737194
1365	0.016605108976364136
1366	0.010374720208346844
1367	0.014346301555633545
1368	0.010833111591637135
1369	0.011105000972747803
1370	0.010827590711414814
1371	0.014351307414472103
1372	0.01444050669670105
1373	0.010403834283351898
1374	0.012600858695805073
1375	0.012480515986680984
1376	0.016149237751960754
1377	0.011884192936122417
1378	0.013115457259118557
1379	0.012009416706860065
1380	0.007280463818460703
1381	0.01244855485856533
1382	0.011942612938582897
1383	0.013989858329296112
1384	0.013209191150963306
1385	0.01297666784375906
1386	0.012509109452366829
1387	0.014204730279743671
1388	0.01133266557008028
1389	0.013741090893745422
1390	0.013519925065338612
1391	0.013248602859675884
1392	0.015675637871026993
1393	0.010744791477918625
1394	0.010669737122952938
1395	0.014714921824634075
1396	0.013720648363232613
1397	0.012883412651717663
1398	0.016409076750278473
1399	0.010149913839995861
1400	0.012515242211520672
1401	0.012268501333892345
1402	0.012432304210960865
1403	0.011477208696305752
1404	0.010969826951622963
1405	0.014708948321640491
1406	0.014418195001780987
1407	0.011735337786376476
1408	0.016184261068701744
1409	0.01279287226498127
1410	0.012275941669940948
1411	0.010968292132019997
1412	0.011667047627270222
1413	0.01552281528711319
1414	0.01571737416088581
1415	0.018465714529156685
1416	0.014692584984004498
1417	0.01511534582823515
1418	0.013806705363094807
1419	0.011972730048000813
1420	0.01021833997219801
1421	0.015036547556519508
1422	0.01386867742985487
1423	0.015300511382520199
1424	0.01470774132758379
1425	0.014811470173299313
1426	0.015807989984750748
1427	0.016937056556344032
1428	0.018524862825870514
1429	0.013623652048408985
1430	0.013459622859954834
1431	0.013420799747109413
1432	0.015664054080843925
1433	0.013120866380631924
1434	0.011584429070353508
1435	0.011622096411883831
1436	0.010420571081340313
1437	0.012690014205873013
1438	0.010118256323039532
1439	0.012708613649010658
1440	0.014680208638310432
1441	0.011076274327933788
1442	0.00954319816082716
1443	0.0150016313418746
1444	0.01642436347901821
1445	0.013267380185425282
1446	0.012617023661732674
1447	0.01618431881070137
1448	0.0145795913413167
1449	0.014332226477563381
1450	0.01391057949513197
1451	0.014282687567174435
1452	0.007285805884748697
1453	0.01120769139379263
1454	0.011114600114524364
1455	0.013407331891357899
1456	0.00888286717236042
1457	0.008975683711469173
1458	0.00960484892129898
1459	0.011343136429786682
1460	0.012037706561386585
1461	0.011137053370475769
1462	0.020108914002776146
1463	0.014966723509132862
1464	0.014107956551015377
1465	0.010064390487968922
1466	0.009996929205954075
1467	0.01574576459825039
1468	0.011055800132453442
1469	0.01249596755951643
1470	0.013832047581672668
1471	0.012167750857770443
1472	0.011749601922929287
1473	0.010452407412230968
1474	0.009335818700492382
1475	0.008697099052369595
1476	0.011582656763494015
1477	0.017139581963419914
1478	0.012292671017348766
1479	0.014487224631011486
1480	0.01199545431882143
1481	0.012867349199950695
1482	0.011902246624231339
1483	0.010201367549598217
1484	0.011361169628798962
1485	0.01489346381276846
1486	0.0150609677657485
1487	0.013929356820881367
1488	0.01078204344958067
1489	0.009385555051267147
1490	0.01303613930940628
1491	0.011054085567593575
1492	0.011630363762378693
1493	0.011997836641967297
1494	0.010993889532983303
1495	0.009882106445729733
1496	0.01165639515966177
1497	0.013602313585579395
1498	0.012345092371106148
1499	0.00894781481474638
1500	0.01022427435964346
1501	0.01112683117389679
1502	0.014032432809472084
1503	0.012200220488011837
1504	0.015729732811450958
1505	0.008916889317333698
1506	0.01246548630297184
1507	0.011840551160275936
1508	0.011308462359011173
1509	0.014974355697631836
1510	0.012176462449133396
1511	0.01445769052952528
1512	0.013576489873230457
1513	0.011776747182011604
1514	0.011196275241672993
1515	0.010788887739181519
1516	0.011081920005381107
1517	0.014577618800103664
1518	0.014754495583474636
1519	0.015851648524403572
1520	0.016642723232507706
1521	0.014604329131543636
1522	0.013809326104819775
1523	0.011441856622695923
1524	0.010646501556038857
1525	0.015149423852562904
1526	0.01863773725926876
1527	0.01113537885248661
1528	0.00913278665393591
1529	0.010945278219878674
1530	0.01951822265982628
1531	0.017401911318302155
1532	0.013176548294723034
1533	0.013207921758294106
1534	0.015950707718729973
1535	0.014966139569878578
1536	0.013711124658584595
1537	0.015611452050507069
1538	0.010396742261946201
1539	0.012510833330452442
1540	0.013006947934627533
1541	0.013008162379264832
1542	0.01287885196506977
1543	0.02069537714123726
1544	0.0169031023979187
1545	0.011944002471864223
1546	0.013734430074691772
1547	0.014234820380806923
1548	0.013091782107949257
1549	0.014895680360496044
1550	0.011309754103422165
1551	0.010610892437398434
1552	0.011297347955405712
1553	0.012211090885102749
1554	0.011856615543365479
1555	0.013063400983810425
1556	0.013545083813369274
1557	0.012262329459190369
1558	0.012077934108674526
1559	0.013005482032895088
1560	0.010978272184729576
1561	0.014399799518287182
1562	0.012038493528962135
1563	0.012151113711297512
1564	0.008980621583759785
1565	0.008683505468070507
1566	0.011263208463788033
1567	0.012480497360229492
1568	0.01102827675640583
1569	0.012047844007611275
1570	0.01132483035326004
1571	0.014453890733420849
1572	0.013522609136998653
1573	0.01691865734755993
1574	0.015636935830116272
1575	0.01490531861782074
1576	0.015653587877750397
1577	0.0175673495978117
1578	0.013300985097885132
1579	0.013664508238434792
1580	0.012848210521042347
1581	0.014028209261596203
1582	0.013090791180729866
1583	0.018444688990712166
1584	0.014174550771713257
1585	0.018297061324119568
1586	0.0165829099714756
1587	0.013383762910962105
1588	0.012899789027869701
1589	0.01602400653064251
1590	0.012017137371003628
1591	0.013140982948243618
1592	0.013551897369325161
1593	0.016541440039873123
1594	0.011076855473220348
1595	0.014998838305473328
1596	0.010658611543476582
1597	0.015233049169182777
1598	0.012583366595208645
1599	0.013279949314892292
1600	0.017350701615214348
1601	0.014296287670731544
1602	0.011124493554234505
1603	0.010568073950707912
1604	0.01162376906722784
1605	0.01045320089906454
1606	0.016014207154512405
1607	0.016236571595072746
1608	0.014086203649640083
1609	0.01668521761894226
1610	0.019028538838028908
1611	0.013074553571641445
1612	0.017345204949378967
1613	0.016047194600105286
1614	0.011242548003792763
1615	0.011678151786327362
1616	0.008208773098886013
1617	0.009190166369080544
1618	0.019761092960834503
1619	0.018108269199728966
1620	0.011927785351872444
1621	0.013041897676885128
1622	0.012260230258107185
1623	0.01229839213192463
1624	0.014130274765193462
1625	0.011532336473464966
1626	0.009354155510663986
1627	0.01083401869982481
1628	0.010499845258891582
1629	0.008917095139622688
1630	0.009699341841042042
1631	0.011515144258737564
1632	0.008628648705780506
1633	0.011734834872186184
1634	0.012231141328811646
1635	0.01251170039176941
1636	0.008152631111443043
1637	0.011130317114293575
1638	0.014010815881192684
1639	0.010828882455825806
1640	0.0101643530651927
1641	0.01241337787359953
1642	0.009454681538045406
1643	0.013506668619811535
1644	0.0069212825037539005
1645	0.008579827845096588
1646	0.012923464179039001
1647	0.00656969053670764
1648	0.008538602851331234
1649	0.008235457353293896
1650	0.008718091063201427
1651	0.013033715076744556
1652	0.011327310465276241
1653	0.010425874032080173
1654	0.008507806807756424
1655	0.011603093706071377
1656	0.01211161445826292
1657	0.008063577115535736
1658	0.013886585831642151
1659	0.014787591062486172
1660	0.010835162363946438
1661	0.013843481428921223
1662	0.023350590839982033
1663	0.014504971913993359
1664	0.022084010764956474
1665	0.0168492142111063
1666	0.022364085540175438
1667	0.015805771574378014
1668	0.012336045503616333
1669	0.009178188629448414
1670	0.017874350771307945
1671	0.013455107808113098
1672	0.016104642301797867
1673	0.01102592796087265
1674	0.017652705311775208
1675	0.02357145957648754
1676	0.025015899911522865
1677	0.03246200829744339
1678	0.029830103740096092
1679	0.02152126096189022
1680	0.026511577889323235
1681	0.03907351568341255
1682	0.014024103060364723
1683	0.02336758002638817
1684	0.0196077823638916
1685	0.015829365700483322
1686	0.018783552572131157
1687	0.012066638097167015
1688	0.011820726096630096
1689	0.009276767261326313
1690	0.00893112737685442
1691	0.009297733195126057
1692	0.008311633951961994
1693	0.008119854144752026
1694	0.008246049284934998
1695	0.009304745122790337
1696	0.007872703485190868
1697	0.0062330798245966434
1698	0.005242819432169199
1699	0.005664423108100891
1700	0.007042933255434036
1701	0.0068306587636470795
1702	0.006790810730308294
1703	0.007022826466709375
1704	0.005999286659061909
1705	0.013619168661534786
1706	0.01178779173642397
1707	0.019326739013195038
1708	0.024235336109995842
1709	0.055949967354536057
1710	0.02839570678770542
1711	0.0314406119287014
1712	0.022763963788747787
1713	0.03725260868668556
1714	0.016436820849776268
1715	0.020057437941432
1716	0.011784948408603668
1717	0.014519420452415943
1718	0.011828993447124958
1719	0.01256069727241993
1720	0.012831578962504864
1721	0.012067264877259731
1722	0.01072564348578453
1723	0.012280980125069618
1724	0.008824513293802738
1725	0.0117258932441473
1726	0.012013053521513939
1727	0.008640986867249012
1728	0.011320214718580246
1729	0.008666487410664558
1730	0.006025254260748625
1731	0.00794208887964487
1732	0.007866710424423218
1733	0.007809188216924667
1734	0.009058055467903614
1735	0.009671883657574654
1736	0.009237556718289852
1737	0.006763292942196131
1738	0.006794520653784275
1739	0.007335935719311237
1740	0.006368349771946669
1741	0.008595054037868977
1742	0.0072745406068861485
1743	0.007155595812946558
1744	0.00755172548815608
1745	0.0074148885905742645
1746	0.005918361712247133
1747	0.00685164425522089
1748	0.006678861565887928
1749	0.0060043795965611935
1750	0.008056722581386566
1751	0.009231123141944408
1752	0.006888978183269501
1753	0.006361383944749832
1754	0.0054414779879152775
1755	0.006812116596847773
1756	0.006846545729786158
1757	0.008408202789723873
1758	0.007706938777118921
1759	0.00842332374304533
1760	0.00778662133961916
1761	0.006423512008041143
1762	0.006338630802929401
1763	0.00641522416844964
1764	0.005142399575561285
1765	0.004650500603020191
1766	0.005609805230051279
1767	0.0055284928530454636
1768	0.006933727767318487
1769	0.0073010786436498165
1770	0.006343816872686148
1771	0.0073285773396492004
1772	0.006198751274496317
1773	0.006180893164128065
1774	0.0067495303228497505
1775	0.005932394880801439
1776	0.0059229424223303795
1777	0.005616583861410618
1778	0.0070047820918262005
1779	0.008094658143818378
1780	0.0071129160933196545
1781	0.0070360885001719
1782	0.009094946086406708
1783	0.008203825913369656
1784	0.0083548529073596
1785	0.00960333552211523
1786	0.009873402304947376
1787	0.012247561477124691
1788	0.011701133102178574
1789	0.012842788361012936
1790	0.013320825062692165
1791	0.015751400962471962
1792	0.024224907159805298
1793	0.0477617047727108
1794	0.04704296588897705
1795	0.0342329777777195
1796	0.041949864476919174
1797	0.02906935289502144
1798	0.040643732994794846
1799	0.10712067037820816
1800	0.09553615003824234
1801	0.1942916065454483
1802	0.15162084996700287
1803	0.33205458521842957
1804	0.39047619700431824
1805	0.6619205474853516
1806	0.6879435181617737
1807	0.5708174705505371
1808	0.5730876326560974
1809	0.6537384986877441
1810	0.7106792330741882
1811	0.70343416929245
1812	0.8228618502616882
1813	0.4357343316078186
1814	0.6652878522872925
1815	0.5981765389442444
1816	0.8258024454116821
1817	0.8340677618980408
1818	0.8241925239562988
1819	0.8195511102676392
1820	0.8464369177818298
1821	0.9123875498771667
1822	0.7995433807373047
1823	0.8013405203819275
1824	0.8406116366386414
1825	0.7047956585884094
1826	0.5372418165206909
1827	0.7626477479934692
1828	0.7052724361419678
1829	0.2931345999240875
1830	0.5582407116889954
1831	0.75326007604599
1832	0.6078805923461914
1833	0.5575823783874512
1834	0.8196796774864197
1835	0.8886553049087524
1836	0.44589748978614807
1837	0.5821792483329773
1838	0.7893421053886414
1839	0.557803213596344
1840	0.4623400866985321
1841	0.6966345310211182
1842	0.5600010752677917
1843	0.7617881298065186
1844	0.8344072699546814
1845	0.7414209842681885
1846	0.7398514151573181
1847	0.8162868618965149
1848	0.8001243472099304
1849	0.8423469662666321
1850	0.9586448669433594
1851	0.8451084494590759
1852	0.5398231744766235
1853	0.5021549463272095
1854	0.5027567148208618
1855	0.3092481791973114
1856	0.44414955377578735
1857	0.4098556637763977
1858	0.2514207065105438
1859	0.2689912021160126
1860	0.22504933178424835
1861	0.2083406001329422
1862	0.015140167437493801
1863	0.01017705537378788
1864	0.010858152993023396
1865	0.011279048398137093
1866	0.009196938946843147
1867	0.01171842496842146
1868	0.014843672513961792
1869	0.01193668507039547
1870	0.017343765124678612
1871	0.014098468236625195
1872	0.014824836514890194
1873	0.008712323382496834
1874	0.008608229458332062
1875	0.00964671652764082
1876	0.008920187130570412
1877	0.007003417704254389
1878	0.007444459479302168
1879	0.006777781527489424
1880	0.00614275922998786
1881	0.008670086972415447
1882	0.012182972393929958
1883	0.013349032960832119
1884	0.01314640324562788
1885	0.023944206535816193
1886	0.015795022249221802
1887	0.01569565013051033
1888	0.012978163547813892
1889	0.013551557436585426
1890	0.010145596228539944
1891	0.01287794765084982
1892	0.009934692643582821
1893	0.01451112236827612
1894	0.012791953980922699
1895	0.01616807095706463
1896	0.013002932071685791
1897	0.015557817183434963
1898	0.014361782930791378
1899	0.006799706723541021
1900	0.0059748562052845955
1901	0.0074167088605463505
1902	0.0071390168741345406
1903	0.009509329684078693
1904	0.010368485935032368
1905	0.015274186618626118
1906	0.012297790497541428
1907	0.008294143714010715
1908	0.009437362663447857
1909	0.007628436665982008
1910	0.015335696749389172
1911	0.017259208485484123
1912	0.014819258823990822
1913	0.013998064212501049
1914	0.012140482664108276
1915	0.015427987091243267
1916	0.013139694929122925
1917	0.012736800126731396
1918	0.011068384163081646
1919	0.014416323974728584
1920	0.011280685663223267
1921	0.012602484785020351
1922	0.017281727865338326
1923	0.011570238508284092
1924	0.012957997620105743
1925	0.012072480283677578
1926	0.011471748352050781
1927	0.012948298826813698
1928	0.011302607133984566
1929	0.01177420374006033
1930	0.014337790198624134
1931	0.012911135330796242
1932	0.014131042174994946
1933	0.014330212958157063
1934	0.013975918292999268
1935	0.014860326424241066
1936	0.011930147185921669
1937	0.014003688469529152
1938	0.016752753406763077
1939	0.014350208453834057
1940	0.01226151455193758
1941	0.015581001527607441
1942	0.013698709197342396
1943	0.015224250964820385
1944	0.012152942828834057
1945	0.011767922900617123
1946	0.012144440785050392
1947	0.01274470891803503
1948	0.011914592236280441
1949	0.010278088040649891
1950	0.011937922798097134
1951	0.015447069890797138
1952	0.013268450275063515
1953	0.009373861365020275
1954	0.014386939816176891
1955	0.011145141907036304
1956	0.010745751671493053
1957	0.012363919988274574
1958	0.012908807955682278
1959	0.010520811192691326
1960	0.011440767906606197
1961	0.012781701050698757
1962	0.012604447081685066
1963	0.010996694676578045
1964	0.012080997228622437
1965	0.009440641850233078
1966	0.01097173523157835
1967	0.00953221507370472
1968	0.009260728023946285
1969	0.009675055742263794
1970	0.0081569729372859
1971	0.0071304189041256905
1972	0.008540036156773567
1973	0.008398929610848427
1974	0.0077020335011184216
1975	0.00935866218060255
1976	0.00965204555541277
1977	0.009993103332817554
1978	0.00987473875284195
1979	0.011343161575496197
1980	0.009887087158858776
1981	0.009035208262503147
1982	0.0091297822073102
1983	0.009162391535937786
1984	0.00896916538476944
1985	0.008191201835870743
1986	0.0095898462459445
1987	0.012657785788178444
1988	0.012547248974442482
1989	0.011146364733576775
1990	0.01049362774938345
1991	0.010695374570786953
1992	0.011365802958607674
1993	0.011954382061958313
1994	0.011630217544734478
1995	0.011861423961818218
1996	0.009626074694097042
1997	0.011791722849011421
1998	0.009960888884961605
1999	0.009354916401207447
2000	0.009088676422834396
2001	0.012321160174906254
2002	0.01142206136137247
2003	0.013401681557297707
2004	0.012519675306975842
2005	0.011407262645661831
2006	0.012835502624511719
2007	0.010994413867592812
2008	0.011494685895740986
2009	0.011799301952123642
2010	0.014317059889435768
2011	0.01334410347044468
2012	0.011428603902459145
2013	0.01467115618288517
2014	0.013200377114117146
2015	0.015211733989417553
2016	0.013775757513940334
2017	0.011758594773709774
2018	0.008615699596703053
2019	0.010887946002185345
2020	0.00902288407087326
2021	0.011386153288185596
2022	0.008564249612390995
2023	0.00837522279471159
2024	0.009327182546257973
2025	0.012233476154506207
2026	0.013468381948769093
2027	0.015204857103526592
2028	0.012380247004330158
2029	0.012620672583580017
2030	0.01316174864768982
2031	0.011282315477728844
2032	0.016336267814040184
2033	0.014000611379742622
2034	0.009857682511210442
2035	0.009544272907078266
2036	0.011564026586711407
2037	0.008137826807796955
2038	0.00994510855525732
2039	0.012847237288951874
2040	0.016970479860901833
2041	0.014883721247315407
2042	0.011312519200146198
2043	0.008157473057508469
2044	0.009559420868754387
2045	0.0128469904884696
2046	0.00894682016223669
2047	0.012624002993106842
2048	0.012215006165206432
2049	0.011557395569980145
2050	0.010779762640595436
2051	0.011121583171188831
2052	0.015535250306129456
2053	0.015193307772278786
2054	0.010981868021190166
2055	0.011109140701591969
2056	0.009569642134010792
2057	0.008040512911975384
2058	0.007792306132614613
2059	0.008464145474135876
2060	0.013135003857314587
2061	0.011634106747806072
2062	0.008109482936561108
2063	0.010150848887860775
2064	0.012432064861059189
2065	0.010771302506327629
2066	0.011350165121257305
2067	0.008347178809344769
2068	0.009597616270184517
2069	0.01051776111125946
2070	0.011814688332378864
2071	0.01204334944486618
2072	0.014692780561745167
2073	0.010710673406720161
2074	0.011848279275000095
2075	0.012142828665673733
2076	0.011742186732590199
2077	0.016832606866955757
2078	0.009103834629058838
2079	0.011345491744577885
2080	0.008175688795745373
2081	0.008594946935772896
2082	0.021050170063972473
2083	0.027542198076844215
2084	0.02198617532849312
2085	0.029714001342654228
2086	0.013912252150475979
2087	0.018356652930378914
2088	0.022623568773269653
2089	0.016368312761187553
2090	0.008853624574840069
2091	0.0235877875238657
2092	0.017046555876731873
2093	0.01296217180788517
2094	0.012512847781181335
2095	0.01946425996720791
2096	0.012874177657067776
2097	0.03282523900270462
2098	0.050654876977205276
2099	0.027904191985726357
2100	0.02787371352314949
2101	0.03595670685172081
2102	0.03367827460169792
2103	0.026357412338256836
2104	0.021491145715117455
2105	0.016741933301091194
2106	0.019467124715447426
2107	0.015872066840529442
2108	0.01406021136790514
2109	0.015832973644137383
2110	0.018508365377783775
2111	0.05764160677790642
2112	0.09086984395980835
2113	0.05433523654937744
2114	0.03868451341986656
2115	0.13759486377239227
2116	0.03831733763217926
2117	0.05178086832165718
2118	0.017500005662441254
2119	0.014350292272865772
2120	0.012158991768956184
2121	0.013642941601574421
2122	0.019901825115084648
2123	0.014643028378486633
2124	0.030522966757416725
2125	0.03682733699679375
2126	0.014914686791598797
2127	0.022062459960579872
2128	0.025197718292474747
2129	0.013241189531981945
2130	0.010330110788345337
2131	0.012366588227450848
2132	0.009441514499485493
2133	0.010538334026932716
2134	0.009390594437718391
2135	0.012056694366037846
2136	0.013257133774459362
2137	0.01716448739171028
2138	0.015984592959284782
2139	0.01228787936270237
2140	0.010695482604205608
2141	0.00781246880069375
2142	0.012006943114101887
2143	0.01078188605606556
2144	0.008493064902722836
2145	0.009518389590084553
2146	0.006637194659560919
2147	0.01654951460659504
2148	0.010879560373723507
2149	0.009349037893116474
2150	0.017684683203697205
2151	0.01454213261604309
2152	0.01873556710779667
2153	0.013103279285132885
2154	0.009656420908868313
2155	0.010752103291451931
2156	0.011919374577701092
2157	0.01263509877026081
2158	0.011251809075474739
2159	0.010186935774981976
2160	0.012757685966789722
2161	0.006863023620098829
2162	0.006912390235811472
2163	0.006347105838358402
2164	0.006585543043911457
2165	0.008149012923240662
2166	0.008349581621587276
2167	0.007636433932930231
2168	0.009677966125309467
2169	0.006183187011629343
2170	0.00533759780228138
2171	0.008907541632652283
2172	0.011127827689051628
2173	0.009072116576135159
2174	0.009620066732168198
2175	0.009950758889317513
2176	0.009066022001206875
2177	0.007312764413654804
2178	0.008297647349536419
2179	0.009592900052666664
2180	0.008829480037093163
2181	0.008598031476140022
2182	0.006269435863941908
2183	0.014688700437545776
2184	0.010568722151219845
2185	0.008202427066862583
2186	0.008298289962112904
2187	0.01345655508339405
2188	0.012954140082001686
2189	0.01139628142118454
2190	0.015767693519592285
2191	0.011710013262927532
2192	0.010028200224041939
2193	0.008875735104084015
2194	0.008867432363331318
2195	0.008253064937889576
2196	0.006518529262393713
2197	0.008095801807940006
2198	0.009362631477415562
2199	0.0098157012835145
2200	0.006608509924262762
2201	0.007613540627062321
2202	0.007250192109495401
2203	0.00745358457788825
2204	0.008542376570403576
2205	0.008519894443452358
2206	0.007222035434097052
2207	0.006833316292613745
2208	0.006332981865853071
2209	0.007780842017382383
2210	0.010009090416133404
2211	0.007584913168102503
2212	0.007398837711662054
2213	0.006911890115588903
2214	0.007855466566979885
2215	0.007450235076248646
2216	0.007407838013023138
2217	0.005743900779634714
2218	0.007590421475470066
2219	0.006944654043763876
2220	0.007958202622830868
2221	0.006576183717697859
2222	0.005783066153526306
2223	0.005605717189610004
2224	0.005766962189227343
2225	0.005069887265563011
2226	0.006227925419807434
2227	0.006391242146492004
2228	0.006363253574818373
2229	0.006174053531140089
2230	0.006187873426824808
2231	0.005890991538763046
2232	0.005924535449594259
2233	0.006078214850276709
2234	0.0063385143876075745
2235	0.006166776176542044
2236	0.005298925098031759
2237	0.00511342054232955
2238	0.004828711040318012
2239	0.00606384826824069
2240	0.005645237863063812
2241	0.006458303425461054
2242	0.007113562431186438
2243	0.008901922032237053
2244	0.0073142037726938725
2245	0.010694335214793682
2246	0.00898793339729309
2247	0.00944483932107687
2248	0.009327041916549206
2249	0.009521344676613808
2250	0.006693986244499683
2251	0.00979090016335249
2252	0.007267521228641272
2253	0.007270805537700653
2254	0.00781362783163786
2255	0.009536472149193287
2256	0.010755069553852081
2257	0.010811653919517994
2258	0.012786747887730598
2259	0.012181430123746395
2260	0.013961473479866982
2261	0.011714116670191288
2262	0.012015207670629025
2263	0.012614244595170021
2264	0.01601768098771572
2265	0.017536751925945282
2266	0.01773683913052082
2267	0.024344630539417267
2268	0.02300841361284256
2269	0.03718313202261925
2270	0.0424857921898365
2271	0.08924368768930435
2272	0.04479671269655228
2273	0.09958084672689438
2274	0.10552393645048141
2275	0.2719298303127289
2276	0.17565444111824036
2277	0.2290114462375641
2278	0.35511621832847595
2279	0.5881682634353638
2280	0.6834390759468079
2281	0.6583532691001892
2282	0.4369029104709625
2283	0.6192144751548767
2284	0.5389168858528137
2285	0.6504122018814087
2286	0.6431588530540466
2287	0.4378874897956848
2288	0.09109509736299515
2289	0.0196181982755661
2290	0.020940130576491356
2291	0.11535326391458511
2292	0.5106169581413269
2293	0.34269261360168457
2294	0.7733179330825806
2295	0.9212325215339661
2296	0.6589555144309998
2297	0.03854793310165405
2298	0.033491697162389755
2299	0.054883815348148346
2300	0.017087826505303383
2301	0.013880321756005287
2302	0.01692986860871315
2303	0.01326617132872343
2304	0.013369649648666382
2305	0.011683712713420391
2306	0.01272139884531498
2307	0.012480485253036022
2308	0.009695841930806637
2309	0.009214606136083603
2310	0.010285855270922184
2311	0.012142063118517399
2312	0.008444849401712418
2313	0.01022401638329029
2314	0.010157095268368721
2315	0.008435687981545925
2316	0.008999193087220192
2317	0.008582829497754574
2318	0.012486017309129238
2319	0.012209697626531124
2320	0.013381746597588062
2321	0.011292919516563416
2322	0.011349518783390522
2323	0.013661056756973267
2324	0.009450167417526245
2325	0.01212390698492527
2326	0.012621494941413403
2327	0.017631277441978455
2328	0.01882896199822426
2329	0.014868008904159069
2330	0.013822768814861774
2331	0.010307030752301216
2332	0.015646692365407944
2333	0.022594863548874855
2334	0.016088033095002174
2335	0.010140965692698956
2336	0.011733593419194221
2337	0.009549158625304699
2338	0.0076928772032260895
2339	0.00739172613248229
2340	0.010753718204796314
2341	0.009652405045926571
2342	0.010189218446612358
2343	0.009472289122641087
2344	0.009990435093641281
2345	0.01223841030150652
2346	0.009704678319394588
2347	0.010642500594258308
2348	0.014304432086646557
2349	0.014618274755775928
2350	0.012907857075333595
2351	0.010972986929118633
2352	0.015861859545111656
2353	0.011042040772736073
2354	0.009881621226668358
2355	0.013908344320952892
2356	0.016315897926688194
2357	0.015412971377372742
2358	0.01039931271225214
2359	0.01094475295394659
2360	0.014947804622352123
2361	0.020919619128108025
2362	0.01954404078423977
2363	0.017777040600776672
2364	0.011881832033395767
2365	0.01719670556485653
2366	0.016502324491739273
2367	0.01334719080477953
2368	0.021645044907927513
2369	0.013426895253360271
2370	0.015715748071670532
2371	0.012840944342315197
2372	0.013790163211524487
2373	0.013769643381237984
2374	0.014218929223716259
2375	0.01608153246343136
2376	0.0170332919806242
2377	0.01382568757981062
2378	0.01607932522892952
2379	0.02005806192755699
2380	0.012414667755365372
2381	0.013467890210449696
2382	0.01009292621165514
2383	0.011182980611920357
2384	0.008521526120603085
2385	0.01012841984629631
2386	0.006874157581478357
2387	0.008896510116755962
2388	0.011039212346076965
2389	0.008640747517347336
2390	0.008040782995522022
2391	0.007125392556190491
2392	0.006812271662056446
2393	0.008816557005047798
2394	0.011188166216015816
2395	0.00963020883500576
2396	0.009194428101181984
2397	0.00900263711810112
2398	0.007458873093128204
2399	0.008329284377396107
2400	0.0067746820859611034
2401	0.006731338798999786
2402	0.007288053166121244
2403	0.007197149097919464
2404	0.00685650110244751
2405	0.00701728044077754
2406	0.007239928934723139
2407	0.009968630038201809
2408	0.007170401513576508
2409	0.009222661145031452
2410	0.008373722434043884
2411	0.011301985941827297
2412	0.009398531168699265
2413	0.009942238219082355
2414	0.01057988591492176
2415	0.013009942136704922
2416	0.010388832539319992
2417	0.01438289787620306
2418	0.015806356444954872
2419	0.0173652246594429
2420	0.018607212230563164
2421	0.016688697040081024
2422	0.015560326166450977
2423	0.011180393397808075
2424	0.009724217467010021
2425	0.009048009291291237
2426	0.007699436042457819
2427	0.011909279972314835
2428	0.014316314831376076
2429	0.014609262347221375
2430	0.015221918001770973
2431	0.01173654105514288
2432	0.011544293724000454
2433	0.011848198249936104
2434	0.014072631485760212
2435	0.01096372026950121
2436	0.009186147712171078
2437	0.008250712417066097
2438	0.006383088883012533
2439	0.00671199569478631
2440	0.00993648823350668
2441	0.00668299151584506
2442	0.009071259759366512
2443	0.0069506810978055
2444	0.009314014576375484
2445	0.007828100584447384
2446	0.008162210695445538
2447	0.011470372788608074
2448	0.006966575980186462
2449	0.010144335217773914
2450	0.009948547929525375
2451	0.009072124026715755
2452	0.016465237364172935
2453	0.015933850780129433
2454	0.025878405198454857
2455	0.027110565453767776
2456	0.03556571155786514
2457	0.054410189390182495
2458	0.06703779101371765
2459	0.11957080662250519
2460	0.20983603596687317
2461	0.33327600359916687
2462	0.37804338335990906
2463	0.3805730640888214
2464	0.39325931668281555
2465	0.6566246151924133
2466	0.6978435516357422
2467	0.6146568059921265
2468	0.7582927942276001
2469	0.8741167187690735
2470	0.8130149841308594
2471	0.8480769395828247
2472	0.7235868573188782
2473	0.6445553302764893
2474	0.8767728805541992
2475	0.765182614326477
2476	0.5881235003471375
2477	0.6290645003318787
2478	0.6292579770088196
2479	0.5876690745353699
2480	0.532849907875061
2481	0.37439414858818054
2482	0.3161894977092743
2483	0.269289493560791
2484	0.18573512136936188
2485	0.23942993581295013
2486	0.22742204368114471
2487	0.1870197057723999
2488	0.23939035832881927
2489	0.40263834595680237
2490	0.42100802063941956
2491	0.4876660406589508
2492	0.23043282330036163
2493	0.05587264522910118
2494	0.04156622290611267
2495	0.011462470516562462
2496	0.011864349246025085
2497	0.010286047123372555
2498	0.009405441582202911
2499	0.011170622892677784
2500	0.010575100779533386
2501	0.009997193701565266
2502	0.010626674629747868
2503	0.011052778922021389
2504	0.011869770474731922
2505	0.010271888226270676
2506	0.011946501210331917
2507	0.012227952480316162
2508	0.014385334216058254
2509	0.013195249252021313
2510	0.20153068006038666
2511	0.38912591338157654
2512	0.137121319770813
2513	0.4559326171875
2514	0.12485980242490768
2515	0.07478809356689453
2516	0.018482601270079613
2517	0.013647723011672497
2518	0.009669593535363674
2519	0.00990639440715313
2520	0.010583890601992607
2521	0.008065968751907349
2522	0.006314064841717482
2523	0.007966798730194569
2524	0.008886266499757767
2525	0.00859813578426838
2526	0.011618494987487793
2527	0.011259729042649269
2528	0.008610890246927738
2529	0.008591552264988422
2530	0.009581114165484905
2531	0.00966736488044262
2532	0.014075309038162231
2533	0.01063462533056736
2534	0.013236827217042446
2535	0.010964902117848396
2536	0.016615767031908035
2537	0.010206994600594044
2538	0.01909060589969158
2539	0.014935341663658619
2540	0.010068011470139027
2541	0.013192035257816315
2542	0.017505666241049767
2543	0.013345332816243172
2544	0.014963152818381786
2545	0.01577519252896309
2546	0.025070756673812866
2547	0.02656441368162632
2548	0.012566355057060719
2549	0.014875024557113647
2550	0.01968787983059883
2551	0.019789109006524086
2552	0.01621266081929207
2553	0.0124376704916358
2554	0.00916929543018341
2555	0.012687111273407936
2556	0.016212834045290947
2557	0.03284260258078575
2558	0.020495273172855377
2559	0.030593663454055786
2560	0.030769241973757744
2561	0.02011352777481079
2562	0.01788281463086605
2563	0.024088433012366295
2564	0.01296940352767706
2565	0.01556195504963398
2566	0.017269719392061234
2567	0.015146421268582344
2568	0.01838022656738758
2569	0.017233923077583313
2570	0.020388005301356316
2571	0.015568936243653297
2572	0.012118563055992126
2573	0.011183838360011578
2574	0.013889724388718605
2575	0.010818020440638065
2576	0.009630606509745121
2577	0.009652330540120602
2578	0.01320523303002119
2579	0.009369653649628162
2580	0.008124560117721558
2581	0.008926145732402802
2582	0.00730240810662508
2583	0.007936953566968441
2584	0.00970639567822218
2585	0.010519432835280895
2586	0.01209456380456686
2587	0.009764988906681538
2588	0.007230404298752546
2589	0.00895383395254612
2590	0.009658997878432274
2591	0.010507042519748211
2592	0.013901066966354847
2593	0.011173021979629993
2594	0.01162230409681797
2595	0.01298572402447462
2596	0.0115439984947443
2597	0.009695194661617279
2598	0.014557321555912495
2599	0.01537710428237915
2600	0.011867141351103783
2601	0.01023059617727995
2602	0.008621783927083015
2603	0.008174779824912548
2604	0.00859836395829916
2605	0.01012747548520565
2606	0.009626378305256367
2607	0.00921237375587225
2608	0.010166573338210583
2609	0.009098827838897705
2610	0.011299741454422474
2611	0.010517336428165436
2612	0.009572597220540047
2613	0.008553090505301952
2614	0.007405087351799011
2615	0.007773303426802158
2616	0.007018332369625568
2617	0.007800109684467316
2618	0.007313984911888838
2619	0.00826478935778141
2620	0.006776768248528242
2621	0.006460429634898901
2622	0.0060892472974956036
2623	0.006381397135555744
2624	0.005641482770442963
2625	0.005485338158905506
2626	0.005239209625869989
2627	0.005858618766069412
2628	0.0065151662565767765
2629	0.00834817998111248
2630	0.013063693419098854
2631	0.011689546518027782
2632	0.005367859732359648
2633	0.006449790205806494
2634	0.007597503252327442
2635	0.03359082341194153
2636	0.11605928093194962
2637	0.05621306970715523
2638	0.21971379220485687
2639	0.23933295905590057
2640	0.2593120038509369
2641	0.33286523818969727
2642	0.3673152029514313
2643	0.4616662561893463
2644	0.10504796355962753
2645	0.3007163107395172
2646	0.4196171462535858
2647	0.333123117685318
2648	0.3545314371585846
2649	0.10673705488443375
2650	0.53843754529953
2651	0.9135484099388123
2652	0.9240508079528809
2653	0.5616845488548279
2654	0.8278965950012207
2655	0.7733561396598816
2656	0.5102794766426086
2657	0.6971039772033691
2658	0.22383370995521545
2659	0.5691907405853271
2660	0.5846371650695801
2661	0.8259216547012329
2662	0.641889214515686
2663	0.8350820541381836
2664	0.08294253051280975
2665	0.6460139155387878
2666	0.30538395047187805
2667	0.04213140904903412
2668	0.017140749841928482
2669	0.016798166558146477
2670	0.024872059002518654
2671	0.04551679641008377
2672	0.1662897914648056
2673	0.5836058259010315
2674	0.37248697876930237
2675	0.7073544859886169
2676	0.6150014996528625
2677	0.8750326037406921
2678	0.9047865271568298
2679	0.940484344959259
2680	0.9133281707763672
2681	0.9400998950004578
2682	0.8567118644714355
2683	0.8609333038330078
2684	0.873842716217041
2685	0.8952659964561462
2686	0.8524805307388306
2687	0.6709954142570496
2688	0.6443400382995605
2689	0.6029388308525085
2690	0.14902114868164062
2691	0.23150496184825897
2692	0.16791561245918274
2693	0.7345436215400696
2694	0.8779439926147461
2695	0.6696654558181763
2696	0.9543029069900513
2697	0.862963855266571
2698	0.9612261056900024
2699	0.9295318722724915
2700	0.7520066499710083
2701	0.6584849953651428
2702	0.7871705889701843
2703	0.9621133804321289
2704	0.9403702020645142
2705	0.7885845303535461
2706	0.07024747878313065
2707	0.011636237613856792
2708	0.011127284727990627
2709	0.01499910932034254
2710	0.013523953966796398
2711	0.006914154626429081
2712	0.007288696710020304
2713	0.009298557415604591
2714	0.009786206297576427
2715	0.00931896548718214
2716	0.010758512653410435
2717	0.009107396006584167
2718	0.01047891192138195
2719	0.00959102250635624
2720	0.011972131207585335
2721	0.013812187127768993
2722	0.01232799794524908
2723	0.009862101636826992
2724	0.010863740928471088
2725	0.009822102263569832
2726	0.008893029764294624
2727	0.01002493780106306
2728	0.011448931880295277
2729	0.009839712642133236
2730	0.008774461224675179
2731	0.008514474146068096
2732	0.008938229642808437
2733	0.005366188939660788
2734	0.0051466552540659904
2735	0.004465330392122269
2736	0.003274571616202593
2737	0.003961091861128807
2738	0.003656915621832013
2739	0.0041547417640686035
2740	0.003700083587318659
2741	0.00534703116863966
2742	0.004960208665579557
2743	0.005663235671818256
2744	0.004629978444427252
2745	0.008744030259549618
2746	0.005717168562114239
2747	0.0067030214704573154
2748	0.007004248443990946
2749	0.008018373511731625
2750	0.006735126953572035
2751	0.007584474515169859
2752	0.006120976060628891
2753	0.0075777568854391575
2754	0.008725500665605068
2755	0.006671784911304712
2756	0.008228647522628307
2757	0.009626049548387527
2758	0.012322013266384602
2759	0.00914979912340641
2760	0.010060231201350689
2761	0.012077574618160725
2762	0.01983022131025791
2763	0.017374461516737938
2764	0.024510247632861137
2765	0.01573806442320347
2766	0.0387641005218029
2767	0.06695156544446945
2768	0.0763971284031868
2769	0.1336919069290161
2770	0.36093688011169434
2771	0.3514001965522766
2772	0.3839988112449646
2773	0.2550833821296692
2774	0.5020689368247986
2775	0.4094253182411194
2776	0.4540858268737793
2777	0.20043431222438812
2778	0.22894921898841858
2779	0.1857239305973053
2780	0.1760692447423935
2781	0.10031485557556152
2782	0.2568128705024719
2783	0.3281608521938324
2784	0.4095330238342285
2785	0.3485470712184906
2786	0.15114955604076385
2787	0.22926659882068634
2788	0.0996413454413414
2789	0.045316096395254135
2790	0.02494928054511547
2791	0.016421854496002197
2792	0.016235042363405228
2793	0.006096486002206802
2794	0.005209185648709536
2795	0.006764217745512724
2796	0.009193184785544872
2797	0.010762989521026611
2798	0.007929864339530468
2799	0.012325911782681942
2800	0.010961353778839111
2801	0.021235140040516853
2802	0.01687806285917759
2803	0.009223231114447117
2804	0.024268044158816338
2805	0.02502642385661602
2806	0.01615319214761257
2807	0.016549985855817795
2808	0.01136046927422285
2809	0.015726327896118164
2810	0.01153093297034502
2811	0.011080016382038593
2812	0.01286238618195057
2813	0.01404574979096651
2814	0.015205660834908485
2815	0.01242096908390522
2816	0.017139269039034843
2817	0.01630491018295288
2818	0.0160832442343235
2819	0.023446885868906975
2820	0.03038482740521431
2821	0.02527601458132267
2822	0.022311486303806305
2823	0.02673104964196682
2824	0.027576757594943047
2825	0.032559994608163834
2826	0.01964658312499523
2827	0.02030077390372753
2828	0.023620203137397766
2829	0.026170874014496803
2830	0.021919159218668938
2831	0.032504770904779434
2832	0.03259413689374924
2833	0.05292992666363716
2834	0.01982945017516613
2835	0.015600303187966347
2836	0.01454915851354599
2837	0.01401414256542921
2838	0.011594093404710293
2839	0.019966576248407364
2840	0.022936496883630753
2841	0.013250365853309631
2842	0.013874771073460579
2843	0.013617726974189281
2844	0.006772174965590239
2845	0.007496088743209839
2846	0.007861360907554626
2847	0.011789130046963692
2848	0.01067538745701313
2849	0.010431136935949326
2850	0.013822964392602444
2851	0.013933065347373486
2852	0.013168975710868835
2853	0.012234303168952465
2854	0.019716016948223114
2855	0.018248198553919792
2856	0.015507481060922146
2857	0.010809779167175293
2858	0.016783440485596657
2859	0.011811882257461548
2860	0.013213044963777065
2861	0.014233971014618874
2862	0.03014742210507393
2863	0.011819417588412762
2864	0.01665220595896244
2865	0.028297269716858864
2866	0.015224738977849483
2867	0.01382971741259098
2868	0.010887719690799713
2869	0.010600307025015354
2870	0.007539830636233091
2871	0.009634864516556263
2872	0.0069665685296058655
2873	0.01110708899796009
2874	0.011849991045892239
2875	0.009524871595203876
2876	0.006987122353166342
2877	0.012738354504108429
2878	0.014443284831941128
2879	0.013205026276409626
2880	0.008686157874763012
2881	0.008430174551904202
2882	0.012827105820178986
2883	0.011305190622806549
2884	0.01337068434804678
2885	0.009609905071556568
2886	0.010874292813241482
2887	0.01204892247915268
2888	0.009777910076081753
2889	0.009065316990017891
2890	0.009669676423072815
2891	0.01153276301920414
2892	0.009449178352952003
2893	0.008215201087296009
2894	0.007804938592016697
2895	0.00687445467337966
2896	0.006214779801666737
2897	0.007076560985296965
2898	0.007901969365775585
2899	0.0074625760316848755
2900	0.006858223117887974
2901	0.007714875973761082
2902	0.006326759699732065
2903	0.00889808963984251
2904	0.007751181721687317
2905	0.006706978660076857
2906	0.007487347815185785
2907	0.007343094330281019
2908	0.007452836725860834
2909	0.008737056516110897
2910	0.008541670627892017
2911	0.008296258747577667
2912	0.005764273460954428
2913	0.006841953843832016
2914	0.0065970937721431255
2915	0.007065121084451675
2916	0.007035272661596537
2917	0.006811857223510742
2918	0.007166847586631775
2919	0.006002222187817097
2920	0.0070970626547932625
2921	0.006374357733875513
2922	0.005190340336412191
2923	0.005236303899437189
2924	0.005026235245168209
2925	0.006342852022498846
2926	0.00531160319224
2927	0.005099478643387556
2928	0.006765221245586872
2929	0.005858737509697676
2930	0.0052297660149633884
2931	0.004645973443984985
2932	0.00458923913538456
2933	0.004928504582494497
2934	0.0047195847146213055
2935	0.006063345354050398
2936	0.010308369062840939
2937	0.005332908593118191
2938	0.00772634893655777
2939	0.00808549765497446
2940	0.007594147231429815
2941	0.00703450245782733
2942	0.0062800864689052105
2943	0.00626430893316865
2944	0.006844129413366318
2945	0.007575374096632004
2946	0.0060258302837610245
2947	0.008307172916829586
2948	0.008816713467240334
2949	0.009327693842351437
2950	0.007532650139182806
2951	0.008558468893170357
2952	0.007383652962744236
2953	0.010324333794414997
2954	0.010578484274446964
2955	0.00796600989997387
2956	0.008558154106140137
2957	0.007899041287600994
2958	0.00729613471776247
2959	0.0061461059376597404
2960	0.007320621516555548
2961	0.007401846349239349
2962	0.006868431810289621
2963	0.006243465002626181
2964	0.006628851871937513
2965	0.0076064663007855415
2966	0.006855327636003494
2967	0.007421012967824936
2968	0.006685373838990927
2969	0.006119558122009039
2970	0.007069976069033146
2971	0.006787982769310474
2972	0.005813251715153456
2973	0.006586904171854258
2974	0.006578498985618353
2975	0.005612386390566826
2976	0.007206910289824009
2977	0.010194453410804272
2978	0.011932994239032269
2979	0.00818212516605854
2980	0.008827444165945053
2981	0.012138648889958858
2982	0.009081869386136532
2983	0.013084112666547298
2984	0.008802940137684345
2985	0.01038720365613699
2986	0.008371363393962383
2987	0.00916347187012434
2988	0.009504666551947594
2989	0.011621995829045773
2990	0.011384564451873302
2991	0.011869876645505428
2992	0.009417484514415264
2993	0.009063377976417542
2994	0.012371847406029701
2995	0.012895054183900356
2996	0.014137002639472485
2997	0.00898489635437727
2998	0.008623206987977028
2999	0.007662101183086634
3000	0.009124258533120155
3001	0.012709823437035084
3002	0.007141376379877329
3003	0.011267412453889847
3004	0.007202611770480871
3005	0.006846863776445389
3006	0.00648488337174058
3007	0.005709311459213495
3008	0.006142020225524902
3009	0.008745219558477402
3010	0.0073798359371721745
3011	0.006961596664041281
3012	0.007495965342968702
3013	0.006838308181613684
3014	0.007085484452545643
3015	0.006505507510155439
3016	0.007065358106046915
3017	0.007098859641700983
3018	0.004771902691572905
3019	0.0050498503260314465
3020	0.005012769717723131
3021	0.007276375778019428
3022	0.006255903281271458
3023	0.005992630962282419
3024	0.005581573583185673
3025	0.0063253589905798435
3026	0.006109952926635742
3027	0.005978000815957785
3028	0.006724327336996794
3029	0.0072327167727053165
3030	0.008525830693542957
3031	0.007826320827007294
3032	0.009714827872812748
3033	0.008575010113418102
3034	0.0066406214609742165
3035	0.007709003519266844
3036	0.00807279348373413
3037	0.007688369136303663
3038	0.006455378141254187
3039	0.005779092665761709
3040	0.0064018345437943935
3041	0.005559408105909824
3042	0.005717616528272629
3043	0.004933840129524469
3044	0.005495920777320862
3045	0.005094453692436218
3046	0.005472834687680006
3047	0.005383399780839682
3048	0.006295282393693924
3049	0.006532222963869572
3050	0.004646135028451681
3051	0.0053758779540658
3052	0.005780143663287163
3053	0.00483555207028985
3054	0.007194973062723875
3055	0.005630964878946543
3056	0.006130590569227934
3057	0.0076883211731910706
3058	0.005773994605988264
3059	0.006350814830511808
3060	0.0064888508059084415
3061	0.007303259801119566
3062	0.008323343470692635
3063	0.017727896571159363
3064	0.021857839077711105
3065	0.020686252042651176
3066	0.024804016575217247
3067	0.019517675042152405
3068	0.055011775344610214
3069	0.04746561869978905
3070	0.08918740600347519
3071	0.1669500321149826
3072	0.12445980310440063
3073	0.41427335143089294
3074	0.23495368659496307
3075	0.3762006461620331
3076	0.4869479238986969
3077	0.7103239893913269
3078	0.7799679040908813
3079	0.761920154094696
3080	0.724331259727478
3081	0.8773382306098938
3082	0.9641415476799011
3083	0.9302010536193848
3084	0.8669790625572205
3085	0.9427310228347778
3086	0.9675946235656738
3087	0.9542848467826843
3088	0.9196565747261047
3089	0.769340991973877
3090	0.8335240483283997
3091	0.8592594265937805
3092	0.8264724612236023
3093	0.9339791536331177
3094	0.9117584228515625
3095	0.9148584604263306
3096	0.8700577020645142
3097	0.9467525482177734
3098	0.9163285493850708
3099	0.9616329073905945
3100	0.8438989520072937
3101	0.852591335773468
3102	0.9036421179771423
3103	0.9017133712768555
3104	0.8069536089897156
3105	0.8411198854446411
3106	0.7538902163505554
3107	0.8947519659996033
3108	0.8085209727287292
3109	0.9015454649925232
3110	0.7719137668609619
3111	0.8726633191108704
3112	0.8845465779304504
3113	0.9238685965538025
3114	0.8789470791816711
3115	0.9190017580986023
3116	0.9240586161613464
3117	0.9268388748168945
3118	0.7782737016677856
3119	0.7837920188903809
3120	0.011289368383586407
3121	0.011497671715915203
3122	0.01001125480979681
3123	0.014610332436859608
3124	0.01313818246126175
3125	0.012815902009606361
3126	0.013555062003433704
3127	0.013966627418994904
3128	0.01428444404155016
3129	0.01397550106048584
3130	0.015406236052513123
3131	0.015371820889413357
3132	0.01609186641871929
3133	0.02444295585155487
3134	0.011925962753593922
3135	0.016901779919862747
3136	0.011083659715950489
3137	0.009113254956901073
3138	0.00794325303286314
3139	0.009005308151245117
3140	0.007692607585340738
3141	0.008926913142204285
3142	0.009505580179393291
3143	0.011889472603797913
3144	0.010537408292293549
3145	0.017907841131091118
3146	0.012095310725271702
3147	0.010983734391629696
3148	0.008274990133941174
