frame	prob
0	0.0032377790194004774
1	0.003857715055346489
2	0.003403754672035575
3	0.0037221864331513643
4	0.0037520569749176502
5	0.0036770999431610107
6	0.003756978316232562
7	0.003590992884710431
8	0.003786055836826563
9	0.003866246435791254
10	0.004825502168387175
11	0.005540724378079176
12	0.004906512331217527
13	0.004121175967156887
14	0.005072044674307108
15	0.0056467922404408455
16	0.005293413996696472
17	0.004724503494799137
18	0.005239871330559254
19	0.005555171053856611
20	0.005094786640256643
21	0.00510880071669817
22	0.005638310220092535
23	0.0061657726764678955
24	0.0051344758830964565
25	0.006231426727026701
26	0.005758783780038357
27	0.004300330765545368
28	0.005994944367557764
29	0.005042937118560076
30	0.0049414257518947124
31	0.004521052818745375
32	0.004291827324777842
33	0.004642690997570753
34	0.005937706679105759
35	0.005718345288187265
36	0.005692093167454004
37	0.006509554572403431
38	0.007376729045063257
39	0.0065962099470198154
40	0.008469820022583008
41	0.008039959706366062
42	0.007806339766830206
43	0.008569038473069668
44	0.007348048035055399
45	0.009534087963402271
46	0.018032832071185112
47	0.0189145989716053
48	0.014947210438549519
49	0.02132910117506981
50	0.03006727807223797
51	0.01317403931170702
52	0.04094721004366875
53	0.022783830761909485
54	0.043268993496894836
55	0.03184042498469353
56	0.02016136609017849
57	0.07329466938972473
58	0.14707837998867035
59	0.19790753722190857
60	0.11362512409687042
61	0.16022275388240814
62	0.07732131332159042
63	0.07764622569084167
64	0.05615047365427017
65	0.09051554650068283
66	0.058962639421224594
67	0.07860873639583588
68	0.09593454003334045
69	0.2840304374694824
70	0.22120021283626556
71	0.1968299150466919
72	0.1241697296500206
73	0.07961813360452652
74	0.19694769382476807
75	0.18343232572078705
76	0.08364559710025787
77	0.13285775482654572
78	0.1819806843996048
79	0.1342679113149643
80	0.20514671504497528
81	0.22836823761463165
82	0.17700165510177612
83	0.09693161398172379
84	0.15230096876621246
85	0.4092405438423157
86	0.6773118376731873
87	0.8696136474609375
88	0.9808030128479004
89	0.94532710313797
90	0.9840030670166016
91	0.9878758788108826
92	0.973045289516449
93	0.9812809228897095
94	0.9606130719184875
95	0.9666597247123718
96	0.9830349087715149
97	0.9867462515830994
98	0.9918398857116699
99	0.9807825088500977
100	0.9589034914970398
101	0.9756612777709961
102	0.975402295589447
103	0.9127017259597778
104	0.9149370193481445
105	0.8806285858154297
106	0.8753561973571777
107	0.9591346979141235
108	0.895246684551239
109	0.8689733743667603
110	0.8391004800796509
111	0.5277303457260132
112	0.5823544859886169
113	0.474947065114975
114	0.34795352816581726
115	0.6376866102218628
116	0.898114800453186
117	0.9200538992881775
118	0.9361525774002075
119	0.8380042910575867
120	0.7865810990333557
121	0.7976282238960266
122	0.7131185531616211
123	0.9180571436882019
124	0.9088619351387024
125	0.9579929709434509
126	0.9254695773124695
127	0.8746560215950012
128	0.9021112322807312
129	0.8534682393074036
130	0.8619413375854492
131	0.9034517407417297
132	0.9208502173423767
133	0.8753868937492371
134	0.8601785898208618
135	0.7626559734344482
136	0.8348844647407532
137	0.93317711353302
138	0.9533484578132629
139	0.9621132016181946
140	0.8727689981460571
141	0.9540116190910339
142	0.97689288854599
143	0.9686926007270813
144	0.9870285987854004
145	0.9683637022972107
146	0.9845318794250488
147	0.9905261397361755
148	0.994602620601654
149	0.9950212836265564
150	0.9901266098022461
151	0.995688259601593
152	0.982478141784668
153	0.99245685338974
154	0.9855896830558777
155	0.9769763350486755
156	0.9166962504386902
157	0.9436765909194946
158	0.9669080972671509
159	0.969330906867981
160	0.9598581194877625
161	0.9747267961502075
162	0.9668251872062683
163	0.9895904660224915
164	0.9765905737876892
165	0.9837396740913391
166	0.9801317453384399
167	0.9881687164306641
168	0.9737550616264343
169	0.9897792935371399
170	0.9895659685134888
171	0.9846454858779907
172	0.9594528079032898
173	0.9860829710960388
174	0.9798755049705505
175	0.9705381393432617
176	0.9829381108283997
177	0.9844245314598083
178	0.9787325859069824
179	0.9872650504112244
180	0.9849511981010437
181	0.9848982095718384
182	0.9886530041694641
183	0.9829592704772949
184	0.9687787890434265
185	0.9819780588150024
186	0.9672960638999939
187	0.992956817150116
188	0.9838653802871704
189	0.9798806309700012
190	0.9844633340835571
191	0.9743591547012329
192	0.9769350290298462
193	0.9611186385154724
194	0.983070969581604
195	0.9894999861717224
196	0.9522508978843689
197	0.9759281277656555
198	0.9480242133140564
199	0.9588721394538879
200	0.9421636462211609
201	0.9747134447097778
202	0.9700396656990051
203	0.9799661040306091
204	0.9630096554756165
205	0.9864549040794373
206	0.9811855554580688
207	0.980812668800354
208	0.9737793207168579
209	0.9647240042686462
210	0.9899049997329712
211	0.9765872955322266
212	0.9746371507644653
213	0.9934689402580261
214	0.9896838068962097
215	0.9913385510444641
216	0.9892288446426392
217	0.9886038899421692
218	0.9820511937141418
219	0.9664579629898071
220	0.9767751693725586
221	0.9749184846878052
222	0.9851994514465332
223	0.9953485727310181
224	0.9913404583930969
225	0.9848431944847107
226	0.9808122515678406
227	0.982334554195404
228	0.9815976023674011
229	0.9492746591567993
230	0.08171995729207993
231	0.006600808352231979
232	0.008958473801612854
233	0.00843358226120472
234	0.009083707816898823
235	0.009872524999082088
236	0.00913927610963583
237	0.00860520638525486
238	0.008759336546063423
239	0.006164401303976774
240	0.007836486212909222
241	0.009355882182717323
242	0.00782937090843916
243	0.009025507606565952
244	0.009970798157155514
245	0.011569483205676079
246	0.008512635715305805
247	0.012187700718641281
248	0.011153255589306355
249	0.01392626203596592
250	0.015481987968087196
251	0.01755257323384285
252	0.013983908109366894
253	0.01419745571911335
254	0.015142971649765968
255	0.022764917463064194
256	0.015457532368600368
257	0.014093334786593914
258	0.013624805025756359
259	0.01601734571158886
260	0.010101002641022205
261	0.011996829882264137
262	0.01439426839351654
263	0.009710554964840412
264	0.013325273990631104
265	0.016540763899683952
266	0.01831776462495327
267	0.0206232238560915
268	0.016771292313933372
269	0.01702447049319744
270	0.01581227220594883
271	0.019928211346268654
272	0.012530416250228882
273	0.010170117020606995
274	0.008485601283609867
275	0.008560231886804104
276	0.016604041680693626
277	0.01752440631389618
278	0.012548965401947498
279	0.011092853732407093
280	0.015102925710380077
281	0.01376963872462511
282	0.011187075637280941
283	0.01774372160434723
284	0.012669146060943604
285	0.019765635952353477
286	0.01937348023056984
287	0.01482548750936985
288	0.015300738625228405
289	0.01409643143415451
290	0.01767788827419281
291	0.014262042008340359
292	0.019677450880408287
293	0.02436125837266445
294	0.017562774941325188
295	0.014920197427272797
296	0.018491892144083977
297	0.009724876843392849
298	0.009917712770402431
299	0.008904486894607544
300	0.010150330141186714
301	0.009409786202013493
302	0.006577950902283192
303	0.00833470094949007
304	0.010609111748635769
305	0.00836800504475832
306	0.010172517970204353
307	0.0073560671880841255
308	0.009733523242175579
309	0.010927251540124416
310	0.007465015631169081
311	0.010655941441655159
312	0.010361789725720882
313	0.009174454025924206
314	0.012643498368561268
315	0.016098476946353912
316	0.01048002578318119
317	0.021045584231615067
318	0.041648175567388535
319	0.028453409671783447
320	0.04174114391207695
321	0.06388658285140991
322	0.1653490513563156
323	0.2888062596321106
324	0.19683735072612762
325	0.20784465968608856
326	0.028307026252150536
327	0.3158167004585266
328	0.42635831236839294
329	0.5050596594810486
330	0.7560728192329407
331	0.17013269662857056
332	0.11148758232593536
333	0.1417609006166458
334	0.6301058530807495
335	0.9060726165771484
336	0.8646640181541443
337	0.8964499831199646
338	0.8137591481208801
339	0.961945652961731
340	0.9558013081550598
341	0.9354912042617798
342	0.9584720730781555
343	0.942517101764679
344	0.9286457896232605
345	0.8398634195327759
346	0.9442480206489563
347	0.8234196901321411
348	0.800334632396698
349	0.7283362150192261
350	0.8462671637535095
351	0.7529722452163696
352	0.8736059069633484
353	0.8576120734214783
354	0.6926730275154114
355	0.5293898582458496
356	0.7399477362632751
357	0.7644730806350708
358	0.860508382320404
359	0.8443595767021179
360	0.9380682110786438
361	0.9638867378234863
362	0.9430064558982849
363	0.956939160823822
364	0.9752174615859985
365	0.9593578577041626
366	0.9920377731323242
367	0.958784282207489
368	0.9732587933540344
369	0.8842611312866211
370	0.16064193844795227
371	0.01474756933748722
372	0.009379680268466473
373	0.009798330254852772
374	0.012470494024455547
375	0.011063535697758198
376	0.010268018580973148
377	0.012942698784172535
378	0.10438523441553116
379	0.20310354232788086
380	0.8041021227836609
381	0.8487482070922852
382	0.9128095507621765
383	0.9289337992668152
384	0.929714024066925
385	0.9547867178916931
386	0.9327114224433899
387	0.9343557357788086
388	0.9441858530044556
389	0.9087196588516235
390	0.9571566581726074
391	0.9435011744499207
392	0.8105987906455994
393	0.8825890421867371
394	0.8684110641479492
395	0.8057706952095032
396	0.5334739685058594
397	0.73966383934021
398	0.6279568672180176
399	0.771285355091095
400	0.9369577765464783
401	0.8792904019355774
402	0.9718548059463501
403	0.9677427411079407
404	0.9642705321311951
405	0.9313822984695435
406	0.9402281045913696
407	0.5706811547279358
408	0.48267099261283875
409	0.2614161968231201
410	0.016707278788089752
411	0.015734730288386345
412	0.016175081953406334
413	0.022208184003829956
414	0.02238485775887966
415	0.022737858816981316
416	0.02147427201271057
417	0.04296858236193657
418	0.022684456780552864
419	0.010801338590681553
420	0.006782561540603638
421	0.007425109390169382
422	0.0076213194988667965
423	0.0066934614442288876
424	0.010132389143109322
425	0.01106856670230627
426	0.011405701749026775
427	0.009624361991882324
428	0.010050269775092602
429	0.008694557473063469
430	0.009341401048004627
431	0.008002127520740032
432	0.005808844696730375
433	0.010063170455396175
434	0.009000634774565697
435	0.011250251904129982
436	0.01063732523471117
437	0.013324342668056488
438	0.010568254627287388
439	0.008336658589541912
440	0.008788404054939747
441	0.013273823074996471
442	0.010912825353443623
443	0.009924759157001972
444	0.009361929260194302
445	0.008597517386078835
446	0.007566388230770826
447	0.008363788016140461
448	0.009722224436700344
449	0.008906543254852295
450	0.008015704341232777
451	0.007170049007982016
452	0.00488746864721179
453	0.005781984888017178
454	0.005098138004541397
455	0.005339678842574358
456	0.005600126925855875
457	0.004923205357044935
458	0.005252836272120476
459	0.005917813163250685
460	0.006287374533712864
461	0.005088011734187603
462	0.004820396192371845
463	0.004130587913095951
464	0.004916379228234291
465	0.005126563366502523
466	0.003988669253885746
467	0.004694873932749033
468	0.005091351922601461
469	0.004338795319199562
470	0.0046593728475272655
471	0.006206703372299671
472	0.004831851460039616
473	0.004914844874292612
474	0.004602061118930578
475	0.006275197956711054
476	0.005365261808037758
477	0.003680538386106491
478	0.003643026342615485
479	0.004382569342851639
480	0.0038737512659281492
481	0.004599908832460642
482	0.004354485310614109
483	0.004307771101593971
484	0.004046794958412647
485	0.0060304272919893265
486	0.005271890200674534
487	0.0068855429999530315
488	0.007964322343468666
489	0.008127298206090927
490	0.006449444685131311
491	0.005369215738028288
492	0.004595865961164236
493	0.00575214670971036
494	0.00522694131359458
495	0.004488068167120218
496	0.004134770482778549
497	0.0034155510365962982
498	0.005076284520328045
499	0.0034051823895424604
500	0.004136124160140753
501	0.0040425569750368595
502	0.004628811962902546
503	0.006213340442627668
504	0.00463388254866004
505	0.005442388355731964
506	0.004983026068657637
507	0.009842418134212494
508	0.005073017440736294
509	0.006262818817049265
510	0.008014311082661152
511	0.009850730188190937
512	0.006376971956342459
513	0.011680598370730877
514	0.008979124948382378
515	0.015427394770085812
516	0.014926738105714321
517	0.019323937594890594
518	0.022680772468447685
519	0.042494650930166245
520	0.03299802169203758
521	0.0585576556622982
522	0.05657488852739334
523	0.08988302201032639
524	0.09106001257896423
525	0.18608100712299347
526	0.359990656375885
527	0.33867740631103516
528	0.4497021734714508
529	0.4796425998210907
530	0.31997981667518616
531	0.15137465298175812
532	0.649838387966156
533	0.6053656935691833
534	0.7280005812644958
535	0.7569286227226257
536	0.5552790760993958
537	0.7098798155784607
538	0.573633074760437
539	0.52422696352005
540	0.715874969959259
541	0.806006908416748
542	0.7905946969985962
543	0.6500982046127319
544	0.7881955504417419
545	0.7878056168556213
546	0.7727748155593872
547	0.8622970581054688
548	0.8527607321739197
549	0.8393617868423462
550	0.7868463397026062
551	0.7964001297950745
552	0.8399751782417297
553	0.7734541893005371
554	0.7017698287963867
555	0.8111775517463684
556	0.6910168528556824
557	0.7411107420921326
558	0.6309280395507812
559	0.6589601635932922
560	0.542324423789978
561	0.7009688019752502
562	0.5470475554466248
563	0.9148723483085632
564	0.9020673632621765
565	0.9610225558280945
566	0.9433690905570984
567	0.9584878087043762
568	0.889560878276825
569	0.9204078912734985
570	0.9760562777519226
571	0.9831175208091736
572	0.9802867770195007
573	0.9625698328018188
574	0.9714164733886719
575	0.9776310920715332
576	0.9553648233413696
577	0.9667064547538757
578	0.9300724267959595
579	0.9612186551094055
580	0.8472692370414734
581	0.9061390161514282
582	0.7573055028915405
583	0.9318787455558777
584	0.8659501075744629
585	0.8413535952568054
586	0.7604371905326843
587	0.5640433430671692
588	0.7440302968025208
589	0.7526285648345947
590	0.7726274728775024
591	0.8314995169639587
592	0.8599549531936646
593	0.8662989735603333
594	0.8397325873374939
595	0.7911801338195801
596	0.8023916482925415
597	0.9477887153625488
598	0.9215819239616394
599	0.918175220489502
600	0.9514918327331543
601	0.9432342648506165
602	0.9177359938621521
603	0.8655261397361755
604	0.9071884155273438
605	0.8828853964805603
606	0.7465621829032898
607	0.7316170334815979
608	0.6688420176506042
609	0.5744869112968445
610	0.44044771790504456
611	0.640172004699707
612	0.47343966364860535
613	0.4888976216316223
614	0.27321118116378784
615	0.08822453767061234
616	0.15330512821674347
617	0.16970549523830414
618	0.008220012299716473
619	0.007521374616771936
620	0.008993610739707947
621	0.010799492709338665
622	0.01049871277064085
623	0.010412155650556087
624	0.010481109842658043
625	0.009481066837906837
626	0.006651933770626783
627	0.008102000690996647
628	0.012613090686500072
629	0.009898935444653034
630	0.01263649296015501
631	0.011511883698403835
632	0.015520441345870495
633	0.014143710024654865
634	0.011160040274262428
635	0.007503936532884836
636	0.009820150211453438
637	0.007607129868119955
638	0.00781434215605259
639	0.007816567085683346
640	0.005536490119993687
641	0.004774597939103842
642	0.006264047231525183
643	0.007413502316921949
644	0.006443187594413757
645	0.00773776788264513
646	0.008218384347856045
647	0.006847345735877752
648	0.0068994686007499695
649	0.007855626754462719
650	0.008462461642920971
651	0.006488695740699768
652	0.005602374207228422
653	0.0069806273095309734
654	0.004296279978007078
655	0.0062373182736337185
656	0.004491008352488279
657	0.003836850868538022
658	0.0036023377906531096
659	0.003536463947966695
660	0.0038655425887554884
661	0.004464547615498304
662	0.0037403844762593508
663	0.0045516230165958405
664	0.003997177351266146
665	0.0038349272217601538
666	0.0050905924290418625
667	0.004858515691012144
668	0.004829433746635914
669	0.0036183141637593508
670	0.0042215371504426
671	0.004117497242987156
672	0.0036806382704526186
673	0.0031261995900422335
674	0.003939509391784668
675	0.0036159881856292486
676	0.004391334485262632
677	0.0036500059068202972
678	0.0027399465907365084
679	0.0037672899197787046
680	0.0035191045608371496
681	0.0035895712208002806
682	0.00527543667703867
683	0.003960105124861002
684	0.004231455735862255
685	0.004851116333156824
686	0.006812778301537037
687	0.007558879442512989
688	0.007244923152029514
689	0.006102352868765593
690	0.007061129901558161
691	0.007317663170397282
692	0.005390092730522156
693	0.004783832933753729
694	0.006067413836717606
695	0.0051695178262889385
696	0.004710061009973288
697	0.005048941355198622
698	0.005519726779311895
699	0.003962334245443344
700	0.003707216354086995
701	0.004938568454235792
702	0.007888107560575008
703	0.005097670014947653
704	0.004053833894431591
705	0.004437523428350687
706	0.0051539018750190735
707	0.005152519326657057
708	0.0035504468251019716
709	0.0032723061740398407
710	0.0034141396172344685
711	0.004220697563141584
712	0.005397213157266378
713	0.004615632817149162
714	0.005681775975972414
715	0.006619700230658054
716	0.005011891480535269
717	0.005349169950932264
718	0.004165393766015768
719	0.0054150233045220375
720	0.0061485194601118565
721	0.00507871201261878
722	0.005551996640861034
723	0.00484677916392684
724	0.005468038376420736
725	0.0065656909719109535
726	0.005755650345236063
727	0.005139149725437164
728	0.005933792795985937
729	0.007313321810215712
730	0.0072504677809774876
731	0.007331784348934889
732	0.007831491529941559
733	0.006707693915814161
734	0.00771623570472002
735	0.007284756284207106
736	0.010590328834950924
737	0.017735673114657402
738	0.012070558033883572
739	0.011809984222054482
740	0.011960717849433422
741	0.01765834167599678
742	0.013801506720483303
743	0.013819989748299122
744	0.012572037987411022
745	0.009361711330711842
746	0.014165693894028664
747	0.019233496859669685
748	0.008211757056415081
749	0.011240831576287746
750	0.017343387007713318
751	0.015411357395350933
752	0.016532881185412407
753	0.014612584374845028
754	0.013493952341377735
755	0.012001062743365765
756	0.021142227575182915
757	0.015202770940959454
758	0.015800705179572105
759	0.018539275974035263
760	0.013146770186722279
761	0.011408996768295765
762	0.011655953712761402
763	0.02392994426190853
764	0.01204034686088562
765	0.010801650583744049
766	0.012059234082698822
767	0.008353861048817635
768	0.007647171150892973
769	0.013938449323177338
770	0.011445137672126293
771	0.012547402642667294
772	0.01152117270976305
773	0.015148395672440529
774	0.014204288832843304
775	0.014267337508499622
776	0.018082085996866226
777	0.009793204255402088
778	0.0075292447581887245
779	0.007810097187757492
780	0.010079431347548962
781	0.018063247203826904
782	0.012960647232830524
783	0.010051405988633633
784	0.010374664328992367
785	0.009487251751124859
786	0.007006812375038862
787	0.009238711558282375
788	0.012082385830581188
789	0.006015095394104719
790	0.005523304920643568
791	0.00832949299365282
792	0.007677848916500807
793	0.011779720894992352
794	0.00829787366092205
795	0.009376357309520245
796	0.009046235121786594
797	0.007956668734550476
798	0.009743303060531616
799	0.011952046304941177
800	0.010418372228741646
801	0.008701364509761333
802	0.0071259052492678165
803	0.008573527447879314
804	0.00674460968002677
805	0.004856577608734369
806	0.0072837406769394875
807	0.009415162727236748
808	0.008397377096116543
809	0.007942709140479565
810	0.009099410846829414
811	0.010970145463943481
812	0.007217186037451029
813	0.00734360609203577
814	0.00993657298386097
815	0.00933033786714077
816	0.008610251359641552
817	0.009574497118592262
818	0.009275690652430058
819	0.011169311590492725
820	0.010199509561061859
821	0.011005307547748089
822	0.01077597588300705
823	0.011855111457407475
824	0.010209236294031143
825	0.0106495451182127
826	0.01091576274484396
827	0.010321004316210747
828	0.011766082607209682
829	0.014285288751125336
830	0.01718391850590706
831	0.011949235573410988
832	0.017231279984116554
833	0.013360979035496712
834	0.015176340937614441
835	0.012430856935679913
836	0.013927801512181759
837	0.009855670854449272
838	0.010230100713670254
839	0.010295028798282146
840	0.014301235787570477
841	0.009711047634482384
842	0.008780608884990215
843	0.010358321480453014
844	0.014727550558745861
845	0.018447527661919594
846	0.014672470279037952
847	0.013118358328938484
848	0.016269391402602196
849	0.014330419711768627
850	0.015029318630695343
851	0.014481814578175545
852	0.016189955174922943
853	0.02238903008401394
854	0.011425614356994629
855	0.010977878235280514
856	0.013811330311000347
857	0.01362952496856451
858	0.015896180644631386
859	0.0156810712069273
860	0.010884985327720642
861	0.020867422223091125
862	0.02018556371331215
863	0.01781551167368889
864	0.02221384085714817
865	0.01278504729270935
866	0.011717742308974266
867	0.013816731981933117
868	0.014221012592315674
869	0.024334074929356575
870	0.018254170194268227
871	0.015575756318867207
872	0.013408434577286243
873	0.03146781399846077
874	0.015191152691841125
875	0.012792818248271942
876	0.01329517550766468
877	0.012134408578276634
878	0.015376587398350239
879	0.012663616798818111
880	0.016887350007891655
881	0.0238590519875288
882	0.01333792507648468
883	0.018477391451597214
884	0.01617574132978916
885	0.014961416833102703
886	0.018633490428328514
887	0.01759403757750988
888	0.029788797721266747
889	0.019440481439232826
890	0.018107665702700615
891	0.014990018680691719
892	0.020382283255457878
893	0.026698846369981766
894	0.01703767478466034
895	0.013101871125400066
896	0.01884896494448185
897	0.012859167531132698
898	0.010617014952003956
899	0.008894204162061214
900	0.010523095726966858
901	0.008461116813123226
902	0.00912129133939743
903	0.010204111225903034
904	0.00785306841135025
905	0.010156950913369656
906	0.010720943100750446
907	0.007651284337043762
908	0.011956705711781979
909	0.010596341453492641
910	0.009430053643882275
911	0.011629446409642696
912	0.013279645703732967
913	0.010704233311116695
914	0.014219102449715137
915	0.013674753718078136
916	0.00966950785368681
917	0.020735926926136017
918	0.01210359763354063
919	0.014282836578786373
920	0.016089273616671562
921	0.02172369696199894
922	0.021702617406845093
923	0.019688192754983902
924	0.01673702709376812
925	0.014739038422703743
926	0.012299892492592335
927	0.024606429040431976
928	0.03170495852828026
929	0.026878664270043373
930	0.018135786056518555
931	0.03629360720515251
932	0.021468672901391983
933	0.025589091703295708
934	0.020972775295376778
935	0.019150977954268456
936	0.01801626943051815
937	0.045423854142427444
938	0.025802476331591606
939	0.02626652829349041
940	0.05658772215247154
941	0.018780220299959183
942	0.014755967073142529
943	0.015485326759517193
944	0.01784992404282093
945	0.026544952765107155
946	0.10132329910993576
947	0.04094826802611351
948	0.03749539330601692
949	0.06317659467458725
950	0.0402677096426487
951	0.06264138221740723
952	0.02502891793847084
953	0.05652129277586937
954	0.020618876442313194
955	0.029521426185965538
956	0.01140265166759491
957	0.01442834921181202
958	0.010497458279132843
959	0.010765984654426575
960	0.008398264646530151
961	0.008550756610929966
962	0.008029269054532051
963	0.009734638035297394
964	0.00966592412441969
965	0.009841608814895153
966	0.010234817862510681
967	0.013711159117519855
968	0.00903348159044981
969	0.010480078868567944
970	0.009354586713016033
971	0.01101350225508213
972	0.009056221693754196
973	0.010106097906827927
974	0.0136817442253232
975	0.0107195395976305
976	0.01099345088005066
977	0.012519042007625103
978	0.012041560374200344
979	0.01039332989603281
980	0.010745282284915447
981	0.00985131599009037
982	0.010060309432446957
983	0.009934194386005402
984	0.010550372302532196
985	0.010261776857078075
986	0.009317136369645596
987	0.009145746007561684
988	0.008659880608320236
989	0.01228320598602295
990	0.011174670420587063
991	0.010664137080311775
992	0.0095511544495821
993	0.008953352458775043
994	0.010429185815155506
995	0.012429095804691315
996	0.009751957841217518
997	0.008245570585131645
998	0.007994423620402813
999	0.008958935737609863
1000	0.010686238296329975
1001	0.010819786228239536
1002	0.01018174272030592
1003	0.011639028787612915
1004	0.012525185942649841
1005	0.011520691215991974
1006	0.020743032917380333
1007	0.01535761822015047
1008	0.021634167060256004
1009	0.01892269030213356
1010	0.024666478857398033
1011	0.020580735057592392
1012	0.016868025064468384
1013	0.012770538218319416
1014	0.0139228580519557
1015	0.023085033521056175
1016	0.015527795068919659
1017	0.02883683517575264
1018	0.015265487134456635
1019	0.01372914481908083
1020	0.012741071172058582
1021	0.01495217066258192
1022	0.024839697405695915
1023	0.013687406666576862
1024	0.013816135935485363
1025	0.015303747728466988
1026	0.009898907504975796
1027	0.01403820514678955
1028	0.015148607082664967
1029	0.013313451781868935
1030	0.0203342754393816
1031	0.020863771438598633
1032	0.017223848029971123
1033	0.02277667634189129
1034	0.02215287648141384
1035	0.014214075170457363
1036	0.016245556995272636
1037	0.021959787234663963
1038	0.02328099124133587
1039	0.027270177379250526
1040	0.07265268266201019
1041	0.06040683016180992
1042	0.018969066441059113
1043	0.023354271426796913
1044	0.029425352811813354
1045	0.03459476679563522
1046	0.02954617142677307
1047	0.043039172887802124
1048	0.026196161285042763
1049	0.04123242571949959
1050	0.016510864719748497
1051	0.02264152094721794
1052	0.019384494051337242
1053	0.028831401839852333
1054	0.01706443540751934
1055	0.030920375138521194
1056	0.020235810428857803
1057	0.023764921352267265
1058	0.017793873324990273
1059	0.021883094683289528
1060	0.014846366830170155
1061	0.015094290487468243
1062	0.016136741265654564
1063	0.017875200137495995
1064	0.022022321820259094
1065	0.020757313817739487
1066	0.020703554153442383
1067	0.019011175259947777
1068	0.013702045194804668
1069	0.017345726490020752
1070	0.01421018224209547
1071	0.015080426819622517
1072	0.027670396491885185
1073	0.024693958461284637
1074	0.03356282785534859
1075	0.02560802735388279
1076	0.03359285369515419
1077	0.034681614488363266
1078	0.02788705937564373
1079	0.02275742217898369
1080	0.03171578794717789
1081	0.03241477906703949
1082	0.024581458419561386
1083	0.023520173504948616
1084	0.044001199305057526
1085	0.055601734668016434
1086	0.04249650612473488
1087	0.02547977678477764
1088	0.026524091139435768
1089	0.03006376139819622
1090	0.03092290833592415
1091	0.028785426169633865
1092	0.020697815343737602
1093	0.06515888124704361
1094	0.023030897602438927
1095	0.02657018043100834
1096	0.02223503403365612
1097	0.060087528079748154
1098	0.037238750606775284
1099	0.03938053548336029
1100	0.023515278473496437
1101	0.029621902853250504
1102	0.02603204920887947
1103	0.027201304212212563
1104	0.022253965958952904
1105	0.01762382499873638
1106	0.014853213913738728
1107	0.01929575763642788
1108	0.018635043874382973
1109	0.028776049613952637
1110	0.06250450015068054
1111	0.08353056758642197
1112	0.052446287125349045
1113	0.044342778623104095
1114	0.035453714430332184
1115	0.03469482809305191
1116	0.019717378541827202
1117	0.045346587896347046
1118	0.02272493578493595
1119	0.028223473578691483
1120	0.017211705446243286
1121	0.03341777250170708
1122	0.04473303630948067
1123	0.026931121945381165
1124	0.029918288812041283
1125	0.024180486798286438
1126	0.030430356040596962
1127	0.02639097534120083
1128	0.01529504545032978
1129	0.018158994615077972
1130	0.02048167586326599
1131	0.022696051746606827
1132	0.017987212166190147
1133	0.01978418044745922
1134	0.017612813040614128
1135	0.031135058030486107
1136	0.03236929327249527
1137	0.022668488323688507
1138	0.019113322719931602
1139	0.021192321553826332
1140	0.023002097383141518
1141	0.029637372121214867
1142	0.023703640326857567
1143	0.043825965374708176
1144	0.01591837964951992
1145	0.026177769526839256
1146	0.018655696883797646
1147	0.03563521057367325
1148	0.016358790919184685
1149	0.09519738703966141
1150	0.18484638631343842
1151	0.06681715697050095
1152	0.01293107122182846
1153	0.009674148634076118
1154	0.011862291023135185
1155	0.01445375382900238
1156	0.010691309347748756
1157	0.01368755754083395
1158	0.01887635700404644
1159	0.01612594909965992
1160	0.020223572850227356
1161	0.030384987592697144
1162	0.03325352817773819
1163	0.04232838377356529
1164	0.030159926041960716
1165	0.028327465057373047
1166	0.024056481197476387
1167	0.024531817063689232
1168	0.033454298973083496
1169	0.03687199950218201
1170	0.02272101864218712
1171	0.02174973487854004
1172	0.012983867898583412
1173	0.019431471824645996
1174	0.02027757093310356
1175	0.02216975763440132
1176	0.032891638576984406
1177	0.015952080488204956
1178	0.022348875179886818
1179	0.04026051238179207
1180	0.0408824197947979
1181	0.07272060215473175
1182	0.043916117399930954
1183	0.04190821573138237
1184	0.023419467732310295
1185	0.037035178393125534
1186	0.014900284819304943
1187	0.016203850507736206
1188	0.011624044738709927
1189	0.019239516928792
1190	0.013047388754785061
1191	0.01526441890746355
1192	0.01359049417078495
1193	0.014526103623211384
1194	0.0172526016831398
1195	0.018654508516192436
1196	0.023188455030322075
1197	0.043971989303827286
1198	0.010854301042854786
1199	0.010816645808517933
1200	0.012684573419392109
1201	0.03592342138290405
1202	0.030556155368685722
1203	0.025552332401275635
1204	0.020810214802622795
1205	0.019454849883913994
1206	0.010379447601735592
1207	0.009874937124550343
1208	0.013013212941586971
1209	0.011639051139354706
1210	0.013556286692619324
1211	0.022289792075753212
1212	0.03574943169951439
1213	0.031181810423731804
1214	0.011680163443088531
1215	0.009663199074566364
1216	0.010843418538570404
1217	0.015516330488026142
1218	0.010009216144680977
1219	0.011218887753784657
1220	0.015154651366174221
1221	0.01388764102011919
1222	0.014317497611045837
1223	0.016143234446644783
1224	0.007903008721768856
1225	0.013056228868663311
1226	0.012167110107839108
1227	0.009012425318360329
1228	0.011038661003112793
1229	0.0201213788241148
1230	0.013116838410496712
1231	0.015801548957824707
1232	0.007790179457515478
1233	0.008936519734561443
1234	0.015001267194747925
1235	0.02527986280620098
1236	0.039487309753894806
1237	0.061383556574583054
1238	0.02976917289197445
1239	0.028453467413783073
1240	0.02011450007557869
1241	0.044972117990255356
1242	0.013014650903642178
1243	0.019741615280508995
1244	0.020561611279845238
1245	0.027588803321123123
1246	0.031075334176421165
1247	0.0354221872985363
1248	0.013461439870297909
1249	0.015360573306679726
1250	0.022348972037434578
1251	0.013970687985420227
1252	0.016399696469306946
1253	0.011583049781620502
1254	0.0174686461687088
1255	0.017017964273691177
1256	0.014246637001633644
1257	0.017387086525559425
1258	0.015210697427392006
1259	0.01193250622600317
1260	0.00819613691419363
1261	0.019211092963814735
1262	0.01684640161693096
1263	0.014972730539739132
1264	0.01155806053429842
1265	0.01421735342592001
1266	0.011427560821175575
1267	0.010790461674332619
1268	0.006352819502353668
1269	0.0046704914420843124
1270	0.0052308375015854836
1271	0.0031933782156556845
1272	0.0054241507314145565
1273	0.005445030517876148
1274	0.008290454745292664
1275	0.009432273916900158
1276	0.011522054672241211
1277	0.009407179430127144
1278	0.010489256121218204
1279	0.008801263757050037
1280	0.007105620112270117
1281	0.008120029233396053
1282	0.006319345440715551
1283	0.006894474383443594
1284	0.0058448235504329205
1285	0.005081538110971451
1286	0.005101279355585575
1287	0.005549940746277571
1288	0.008385146968066692
1289	0.007930447347462177
1290	0.006700263824313879
1291	0.005601878277957439
1292	0.004824563395231962
1293	0.0057005914859473705
1294	0.005873647518455982
1295	0.005969704128801823
1296	0.00580201018601656
1297	0.005575919058173895
1298	0.007172764278948307
1299	0.006737411022186279
1300	0.005054553039371967
1301	0.00453828414902091
1302	0.005831916816532612
1303	0.006137857213616371
1304	0.005572160240262747
1305	0.006242647301405668
1306	0.005855414550751448
1307	0.0054998272098600864
1308	0.005969012621790171
1309	0.004644577391445637
1310	0.005981465335935354
1311	0.0047822268679738045
1312	0.0037758126854896545
1313	0.0038952738977968693
1314	0.0035902478266507387
1315	0.0038150956388562918
1316	0.003735313890501857
1317	0.004158513154834509
1318	0.0038728408981114626
1319	0.005062398966401815
1320	0.004771520849317312
1321	0.005020152777433395
1322	0.0038960427045822144
1323	0.0034065512008965015
1324	0.0035136544611305
1325	0.00467392522841692
1326	0.004108354914933443
1327	0.004964871797710657
1328	0.0042519704438745975
1329	0.0034820400178432465
1330	0.004207547288388014
1331	0.003303719451650977
1332	0.00518221827223897
1333	0.005052680615335703
1334	0.00441660825163126
1335	0.004116394557058811
1336	0.003575253067538142
1337	0.00533105107024312
1338	0.005616035312414169
1339	0.009858428500592709
1340	0.006020843517035246
1341	0.007986371405422688
1342	0.007396385073661804
1343	0.00742359971627593
1344	0.006855789106339216
1345	0.008448383770883083
1346	0.008564992807805538
1347	0.00907230842858553
1348	0.008439086377620697
1349	0.010215294547379017
1350	0.011159084737300873
1351	0.014135489240288734
1352	0.009821540676057339
1353	0.008670756593346596
1354	0.009825299493968487
1355	0.009326999075710773
1356	0.013859778642654419
1357	0.013137749396264553
1358	0.014526578597724438
1359	0.015849247574806213
1360	0.009908747859299183
1361	0.009455511346459389
1362	0.005553168710321188
1363	0.006458854768425226
1364	0.009754978120326996
1365	0.0066243805922567844
1366	0.007198020815849304
1367	0.007256018463522196
1368	0.005730986595153809
1369	0.005012918263673782
1370	0.005172537174075842
1371	0.0036652334965765476
1372	0.004051576368510723
1373	0.004054890479892492
1374	0.0038657865952700377
1375	0.004319028463214636
1376	0.003660361049696803
1377	0.003280025441199541
1378	0.0039666034281253815
1379	0.004019855055958033
1380	0.004755951464176178
1381	0.004658468533307314
1382	0.004597958642989397
1383	0.004687069449573755
1384	0.0031908282544463873
1385	0.0040953573770821095
1386	0.0034761172719299793
1387	0.004071593284606934
1388	0.003796810284256935
1389	0.003099940251559019
1390	0.0030674419831484556
1391	0.0030328116845339537
1392	0.004128018859773874
1393	0.004262459464371204
1394	0.0035656520631164312
1395	0.0032712107058614492
1396	0.003625590354204178
1397	0.0031413466203957796
1398	0.0028661643154919147
1399	0.002518232213333249
1400	0.0028760640416294336
1401	0.0030264027882367373
1402	0.0030936039984226227
1403	0.0029722650069743395
1404	0.0027674285229295492
1405	0.003019494703039527
1406	0.003085321979597211
1407	0.0023301790934056044
1408	0.0032038434874266386
1409	0.00337618263438344
1410	0.0033333131577819586
1411	0.003190648974850774
1412	0.0033432033378630877
1413	0.004293343983590603
1414	0.003767047543078661
1415	0.004629659932106733
1416	0.0035989698953926563
1417	0.0051062279380857944
1418	0.004474518820643425
1419	0.005530691705644131
1420	0.004817754961550236
1421	0.00437726778909564
1422	0.004497486166656017
1423	0.004475428722798824
1424	0.006551933940500021
1425	0.007366356439888477
1426	0.005810070317238569
1427	0.006079017650336027
1428	0.006037674378603697
1429	0.006165392696857452
1430	0.005904198624193668
1431	0.005719731096178293
1432	0.006399994250386953
1433	0.008502191863954067
1434	0.005267489235848188
1435	0.0067609818652272224
1436	0.006573954131454229
1437	0.006176050286740065
1438	0.0055481004528701305
1439	0.00445674080401659
1440	0.006683205254375935
1441	0.007767601404339075
1442	0.0054665314964950085
1443	0.006466446910053492
1444	0.0068251765333116055
1445	0.0058739082887768745
1446	0.005373343825340271
1447	0.0054353876039385796
1448	0.008127790875732899
1449	0.012928775511682034
1450	0.00973512977361679
1451	0.010611439123749733
1452	0.010542894713580608
1453	0.02154582180082798
1454	0.012559935450553894
1455	0.02243349887430668
1456	0.06867056339979172
1457	0.0478704459965229
1458	0.033707283437252045
1459	0.08020589500665665
1460	0.15628524124622345
1461	0.15591548383235931
1462	0.06053030490875244
1463	0.08586522936820984
1464	0.24719500541687012
1465	0.0846872553229332
1466	0.2152952253818512
1467	0.06715081632137299
1468	0.21279378235340118
1469	0.25721055269241333
1470	0.10610482841730118
1471	0.048037488013505936
1472	0.03718305751681328
1473	0.019364798441529274
1474	0.01657198742032051
1475	0.035412248224020004
1476	0.032399844378232956
1477	0.13981018960475922
1478	0.038751307874917984
1479	0.01640673540532589
1480	0.012184600345790386
1481	0.013555848971009254
1482	0.015240895561873913
1483	0.015429176390171051
1484	0.024134375154972076
1485	0.03824133425951004
1486	0.0670786052942276
1487	0.09140192717313766
1488	0.13250355422496796
1489	0.0968860313296318
1490	0.03572387993335724
1491	0.040594734251499176
1492	0.05893997102975845
1493	0.016609443351626396
1494	0.016655104234814644
1495	0.01245119422674179
1496	0.013038361445069313
1497	0.012187710963189602
1498	0.01777893304824829
1499	0.06812398135662079
1500	0.0999482050538063
1501	0.3382806181907654
1502	0.4300222396850586
1503	0.5414829254150391
1504	0.7320147752761841
1505	0.5627570152282715
1506	0.712171733379364
1507	0.6708972454071045
1508	0.8022661209106445
1509	0.8298555612564087
1510	0.8436445593833923
1511	0.8799898028373718
1512	0.85267573595047
1513	0.8016023635864258
1514	0.8903185725212097
1515	0.9159889221191406
1516	0.7771603465080261
1517	0.5858039259910583
1518	0.6390907168388367
1519	0.5688617825508118
1520	0.5236759781837463
1521	0.477476567029953
1522	0.5671080946922302
1523	0.5362637042999268
1524	0.5843257308006287
1525	0.6847689151763916
1526	0.7598344683647156
1527	0.8231598138809204
1528	0.7778581976890564
1529	0.8852537274360657
1530	0.8586754202842712
1531	0.8712394833564758
1532	0.9108043909072876
1533	0.8843187689781189
1534	0.8950414657592773
1535	0.9214584231376648
1536	0.8860287070274353
1537	0.9034482836723328
1538	0.9376323819160461
1539	0.9597405791282654
1540	0.9188560843467712
1541	0.9503082633018494
1542	0.8098645210266113
1543	0.74702388048172
1544	0.8657402396202087
1545	0.9094563722610474
1546	0.786938488483429
1547	0.7776694297790527
1548	0.8275124430656433
1549	0.3967300057411194
1550	0.11633525043725967
1551	0.06281279027462006
1552	0.012612859718501568
1553	0.015842413529753685
1554	0.010537274181842804
1555	0.4659399092197418
1556	0.9089388847351074
1557	0.9737483263015747
1558	0.8201654553413391
1559	0.6085570454597473
1560	0.01402631588280201
1561	0.008880066685378551
1562	0.010172748006880283
1563	0.009129269979894161
1564	0.00917795766144991
1565	0.009811005555093288
1566	0.010982943698763847
1567	0.011143723502755165
1568	0.009393766522407532
1569	0.010683538392186165
1570	0.01130292471498251
1571	0.009479808621108532
1572	0.008868030272424221
1573	0.008415049873292446
1574	0.006386678200215101
1575	0.0072783599607646465
1576	0.008915646933019161
1577	0.008764195255935192
1578	0.008251599036157131
1579	0.00731735909357667
1580	0.005871811416000128
1581	0.007463368121534586
1582	0.006059218198060989
1583	0.00636949110776186
1584	0.007523827254772186
1585	0.006274943705648184
1586	0.008216730318963528
1587	0.005382015835493803
1588	0.010132881812751293
1589	0.007275897543877363
1590	0.005851868074387312
1591	0.006881798151880503
1592	0.008981096558272839
1593	0.008058751001954079
1594	0.009462452493607998
1595	0.00659822067245841
1596	0.008639072068035603
1597	0.01070371177047491
1598	0.005913216155022383
1599	0.00875531230121851
1600	0.010320382192730904
1601	0.008854083716869354
1602	0.0116158751770854
1603	0.01646106317639351
1604	0.009146123193204403
1605	0.008332434110343456
1606	0.009604865685105324
1607	0.01158710103482008
1608	0.00696626165881753
1609	0.006546004209667444
1610	0.007566583342850208
1611	0.010101663880050182
1612	0.01348232664167881
1613	0.010615403763949871
1614	0.015559569001197815
1615	0.015837326645851135
1616	0.01636570319533348
1617	0.01682913303375244
1618	0.01670255698263645
1619	0.016463113948702812
1620	0.014378163032233715
1621	0.013512897305190563
1622	0.017023254185914993
1623	0.0155907291918993
1624	0.013958706520497799
1625	0.011082847602665424
1626	0.009905267506837845
1627	0.010868116281926632
1628	0.01097647100687027
1629	0.006871912162750959
1630	0.0055283294059336185
1631	0.006753592286258936
1632	0.008698493242263794
1633	0.006954750511795282
1634	0.006500153336673975
1635	0.008128630928695202
1636	0.011111835017800331
1637	0.006784324534237385
1638	0.008517957292497158
1639	0.007559133227914572
1640	0.006609578616917133
1641	0.006168612744659185
1642	0.005633166991174221
1643	0.0056434678845107555
1644	0.004496400244534016
1645	0.004856935236603022
1646	0.004324319772422314
1647	0.0048994082026183605
1648	0.0035641968715935946
1649	0.004102723672986031
1650	0.004086802713572979
1651	0.004710592795163393
1652	0.003916633781045675
1653	0.003785473993048072
1654	0.004072848707437515
1655	0.0038698327261954546
1656	0.0034339867997914553
1657	0.0031585698015987873
1658	0.004701120313256979
1659	0.004320655949413776
1660	0.004218840505927801
1661	0.0034152292646467686
1662	0.0033472918439656496
1663	0.0032957890070974827
1664	0.0027106921188533306
1665	0.0031172344461083412
1666	0.0030025425367057323
1667	0.0033229452092200518
1668	0.0030189116951078176
1669	0.0025777665432542562
1670	0.003258236451074481
1671	0.0034686445724219084
1672	0.0032738172449171543
1673	0.003790702670812607
1674	0.003541243029758334
1675	0.0029405683744698763
1676	0.003348244819790125
1677	0.00447119539603591
1678	0.003969488199800253
1679	0.0036907054018229246
1680	0.0037419924046844244
1681	0.0026600274723023176
1682	0.0033503081649541855
1683	0.003147825365886092
1684	0.003082748269662261
1685	0.0025554029271006584
1686	0.0032227716874331236
1687	0.0028681897092610598
1688	0.0028456624131649733
1689	0.0032080106902867556
1690	0.0031016157008707523
1691	0.0029358614701777697
1692	0.0029067520517855883
1693	0.003262950573116541
1694	0.0027860028203576803
1695	0.0030784502159804106
1696	0.003584363730624318
1697	0.002872239099815488
1698	0.003822589060291648
1699	0.003203605068847537
1700	0.003913701046258211
1701	0.003606951329857111
1702	0.004398161079734564
1703	0.0031768286135047674
1704	0.003833810333162546
1705	0.002766326069831848
1706	0.0026047423016279936
1707	0.002812902443110943
1708	0.003090752987191081
1709	0.0031982031650841236
1710	0.0042684744112193584
1711	0.004188936203718185
1712	0.0036173895932734013
1713	0.003710717661306262
1714	0.003171236952766776
1715	0.0033992945682257414
1716	0.0032949799206107855
1717	0.003802277846261859
1718	0.0043001542799174786
1719	0.003092484548687935
1720	0.0035203248262405396
1721	0.003947649151086807
1722	0.003946037031710148
1723	0.00408162921667099
1724	0.0048932707868516445
1725	0.0038229399360716343
1726	0.004138389136642218
1727	0.00400890875607729
1728	0.004030523356050253
1729	0.004826124757528305
1730	0.004640141036361456
1731	0.004312178585678339
1732	0.004524411167949438
1733	0.004982077516615391
1734	0.004125650506466627
1735	0.003798210294917226
1736	0.005230636335909367
1737	0.00616759667173028
1738	0.00518805393949151
1739	0.005312331020832062
1740	0.004599691368639469
1741	0.0052184672094881535
1742	0.004876662511378527
1743	0.005122845061123371
1744	0.004314280580729246
1745	0.003105459501966834
1746	0.003235795069485903
1747	0.003533850656822324
1748	0.0032278657890856266
1749	0.00445721298456192
1750	0.00499326316639781
1751	0.004957208875566721
1752	0.005702911410480738
1753	0.006806869059801102
1754	0.005559280049055815
1755	0.007074219174683094
1756	0.005622620228677988
1757	0.00512390211224556
1758	0.004536769352853298
1759	0.005983548704534769
1760	0.006105148699134588
1761	0.006527964025735855
1762	0.005582883954048157
1763	0.008123017847537994
1764	0.004563130438327789
1765	0.006349056959152222
1766	0.0056131756864488125
1767	0.007817060686647892
1768	0.006627838592976332
1769	0.009107278659939766
1770	0.011506207287311554
1771	0.0160381942987442
1772	0.01166496705263853
1773	0.030093109235167503
1774	0.01998838223516941
1775	0.020328296348452568
1776	0.01936521753668785
1777	0.023270195350050926
1778	0.046398937702178955
1779	0.06086219474673271
1780	0.01106985192745924
1781	0.022575004026293755
1782	0.03351216018199921
1783	0.04939638450741768
1784	0.027993088588118553
1785	0.048303086310625076
1786	0.04223572090268135
1787	0.07868411391973495
1788	0.0683363601565361
1789	0.10525631159543991
1790	0.08858535438776016
1791	0.14881056547164917
1792	0.11909198015928268
1793	0.34614983201026917
1794	0.5618243217468262
1795	0.49429750442504883
1796	0.8497597575187683
1797	0.8596900105476379
1798	0.8753488659858704
1799	0.8790882229804993
1800	0.8788987994194031
1801	0.907788872718811
1802	0.8693963885307312
1803	0.8809915781021118
1804	0.9019851684570312
1805	0.9618610739707947
1806	0.9213160872459412
1807	0.9125438928604126
1808	0.9435272216796875
1809	0.9431506991386414
1810	0.9239763617515564
1811	0.9473058581352234
1812	0.9691568613052368
1813	0.9460985064506531
1814	0.933263897895813
1815	0.9613431096076965
1816	0.9832999110221863
1817	0.9864215850830078
1818	0.9868292808532715
1819	0.9932279586791992
1820	0.9916929602622986
1821	0.9970022439956665
1822	0.9928435683250427
1823	0.982161819934845
1824	0.990987241268158
1825	0.9892811179161072
1826	0.9910299181938171
1827	0.9914318323135376
1828	0.9913133978843689
1829	0.9820171594619751
1830	0.9906288385391235
1831	0.9841681718826294
1832	0.9590204358100891
1833	0.9879884719848633
1834	0.9754714369773865
1835	0.9767951965332031
1836	0.9148569107055664
1837	0.9210781455039978
1838	0.8808762431144714
1839	0.9472315907478333
1840	0.9623834490776062
1841	0.9494568109512329
1842	0.9592702984809875
1843	0.986740231513977
1844	0.988786518573761
1845	0.9710370302200317
1846	0.9832037091255188
1847	0.9813749194145203
1848	0.9660850763320923
1849	0.98028963804245
1850	0.9716053009033203
1851	0.9847564697265625
1852	0.983991265296936
1853	0.9724399447441101
1854	0.9887951016426086
1855	0.9788359999656677
1856	0.9846016764640808
1857	0.9875264167785645
1858	0.9644849896430969
1859	0.9684524536132812
1860	0.9196836352348328
1861	0.9665336012840271
1862	0.9476394653320312
1863	0.9595131874084473
1864	0.957763135433197
1865	0.9678148627281189
1866	0.9461011290550232
1867	0.9446153044700623
1868	0.9495062232017517
1869	0.9675535559654236
1870	0.9296072125434875
1871	0.9611418843269348
1872	0.9767559170722961
1873	0.8835902214050293
1874	0.9646747708320618
1875	0.803139865398407
1876	0.6703214645385742
1877	0.5420491695404053
1878	0.09323552995920181
1879	0.18291454017162323
1880	0.37600013613700867
1881	0.5678442716598511
1882	0.6807385683059692
1883	0.9095802307128906
1884	0.8726410865783691
1885	0.909305214881897
1886	0.9078525900840759
1887	0.9765844345092773
1888	0.9765648245811462
1889	0.9566942453384399
1890	0.972150981426239
1891	0.9752979278564453
1892	0.9672088623046875
1893	0.9235171675682068
1894	0.8709076046943665
1895	0.8744327425956726
1896	0.8899531364440918
1897	0.8355307579040527
1898	0.8118330240249634
1899	0.8135570883750916
1900	0.9379541277885437
1901	0.9538953900337219
1902	0.9237348437309265
1903	0.8307329416275024
1904	0.7059962153434753
1905	0.5037472248077393
1906	0.2593204975128174
1907	0.3061304986476898
1908	0.6140637397766113
1909	0.8001627922058105
1910	0.6545599102973938
1911	0.8611354231834412
1912	0.912124752998352
1913	0.9326085448265076
1914	0.9120069742202759
1915	0.9355118870735168
1916	0.8803731799125671
1917	0.9156980514526367
1918	0.9247581362724304
1919	0.9404563903808594
1920	0.864278256893158
1921	0.8874346017837524
1922	0.9264971613883972
1923	0.939081609249115
1924	0.917192280292511
1925	0.955203652381897
1926	0.9585758447647095
1927	0.9645503163337708
1928	0.9559940695762634
1929	0.9602956771850586
1930	0.9186521768569946
1931	0.8792256712913513
1932	0.955439567565918
1933	0.8658773303031921
1934	0.029516983777284622
1935	0.1069340705871582
1936	0.020337184891104698
1937	0.014196395874023438
1938	0.014079186134040356
1939	0.01219110656529665
1940	0.01236128993332386
1941	0.012458461336791515
1942	0.013054996728897095
1943	0.012804493308067322
1944	0.011731507256627083
1945	0.009695989079773426
1946	0.009466268122196198
1947	0.011626546271145344
1948	0.010783577337861061
1949	0.041033487766981125
1950	0.3202835023403168
1951	0.40081730484962463
1952	0.01638578251004219
1953	0.006669254507869482
1954	0.009000626392662525
1955	0.013431963510811329
1956	0.013774195685982704
1957	0.007817447185516357
1958	0.013024002313613892
1959	0.010138645768165588
1960	0.012271116487681866
1961	0.014918905682861805
1962	0.01825018785893917
1963	0.018910396844148636
1964	0.01830357126891613
1965	0.016375867649912834
1966	0.01451257336884737
1967	0.014611080288887024
1968	0.015723204240202904
1969	0.015613405965268612
1970	0.012471809983253479
1971	0.020411919802427292
1972	0.017177848145365715
1973	0.011975973844528198
1974	0.004811372607946396
1975	0.0064787189476192
1976	0.005899716168642044
1977	0.008863259106874466
1978	0.007718530483543873
1979	0.007065955549478531
1980	0.008917629718780518
1981	0.007506659720093012
1982	0.008548970334231853
1983	0.00841344054788351
1984	0.009543748572468758
1985	0.006212640553712845
1986	0.006290432997047901
1987	0.006149109452962875
1988	0.005359621252864599
1989	0.004259778652340174
1990	0.0044639259576797485
1991	0.004206215031445026
1992	0.0038104162085801363
1993	0.005071727093309164
1994	0.004846798721700907
1995	0.0049546221271157265
1996	0.005452124867588282
1997	0.006232595536857843
1998	0.00550222210586071
1999	0.005914249457418919
2000	0.0061944881454110146
2001	0.004633088130503893
2002	0.005447583273053169
2003	0.007166921626776457
2004	0.006022170186042786
2005	0.006157980300486088
2006	0.008589555509388447
2007	0.01591639034450054
2008	0.03442190960049629
2009	0.01964705064892769
2010	0.013048655353486538
2011	0.022402135655283928
2012	0.02552005648612976
2013	0.03348732739686966
2014	0.0320792980492115
2015	0.019350288435816765
2016	0.027223337441682816
2017	0.04913528636097908
2018	0.03584771603345871
2019	0.032716140151023865
2020	0.015739677473902702
2021	0.016395900398492813
2022	0.013146236538887024
2023	0.024929305538535118
2024	0.01662120595574379
2025	0.03040316142141819
2026	0.07171618938446045
2027	0.17812906205654144
2028	0.15584610402584076
2029	0.24276518821716309
2030	0.44773226976394653
2031	0.5605120658874512
2032	0.594180703163147
2033	0.880976676940918
2034	0.9047562479972839
2035	0.8710140585899353
2036	0.790581464767456
2037	0.9503257870674133
2038	0.9333945512771606
2039	0.9041471481323242
2040	0.9304893612861633
2041	0.8503984808921814
2042	0.9461067318916321
2043	0.9131121039390564
2044	0.9383675456047058
2045	0.8732286691665649
2046	0.874725341796875
2047	0.8357540369033813
2048	0.7992632985115051
2049	0.8300529718399048
2050	0.7909793257713318
2051	0.9257581830024719
2052	0.8558597564697266
2053	0.8962920308113098
2054	0.8707689642906189
2055	0.898351788520813
2056	0.9045570492744446
2057	0.9209968447685242
2058	0.9129948616027832
2059	0.953292191028595
2060	0.9555323719978333
2061	0.9324125647544861
2062	0.8788058161735535
2063	0.9576671719551086
2064	0.8793746829032898
2065	0.7771117091178894
2066	0.8133180737495422
2067	0.832440972328186
2068	0.7288675308227539
2069	0.6632025837898254
2070	0.44150495529174805
2071	0.32026124000549316
2072	0.2004070281982422
2073	0.16598156094551086
2074	0.35728323459625244
2075	0.21383395791053772
2076	0.30676180124282837
2077	0.19533799588680267
2078	0.17074806988239288
2079	0.27858296036720276
2080	0.20264600217342377
2081	0.5447695851325989
2082	0.6215915083885193
2083	0.6528644561767578
2084	0.8336858749389648
2085	0.9046949744224548
2086	0.9110919833183289
2087	0.888629138469696
2088	0.8509494662284851
2089	0.9034805297851562
2090	0.8482557535171509
2091	0.9243006706237793
2092	0.9244996309280396
2093	0.9728083610534668
2094	0.9795358777046204
2095	0.8513950705528259
2096	0.9046341776847839
2097	0.9745427370071411
2098	0.9314435124397278
2099	0.9681294560432434
2100	0.9586638808250427
2101	0.9546369910240173
2102	0.8789860010147095
2103	0.769020140171051
2104	0.4085295796394348
2105	0.5696754455566406
2106	0.1922014057636261
2107	0.353831946849823
2108	0.2755742073059082
2109	0.569390594959259
2110	0.7069329023361206
2111	0.8965297937393188
2112	0.9434930682182312
2113	0.8160054087638855
2114	0.8171573877334595
2115	0.8640910983085632
2116	0.815474808216095
2117	0.8070217967033386
2118	0.8228349685668945
2119	0.8253890872001648
2120	0.8071115612983704
2121	0.8041704297065735
2122	0.7927067875862122
2123	0.8210123181343079
2124	0.6974497437477112
2125	0.7371924519538879
2126	0.2785740792751312
2127	0.47543007135391235
2128	0.20226779580116272
2129	0.06153029203414917
2130	0.016537345945835114
2131	0.017452238127589226
2132	0.009756275452673435
2133	0.009722779504954815
2134	0.006891908589750528
2135	0.005095477681607008
2136	0.005414766725152731
2137	0.004873407073318958
2138	0.004180452320724726
2139	0.005504253786057234
2140	0.005459403619170189
2141	0.004436673130840063
2142	0.004589015152305365
2143	0.0049521708860993385
2144	0.005131464451551437
2145	0.004513125400990248
2146	0.007377213332802057
2147	0.01368145365267992
2148	0.05491846427321434
2149	0.1572350114583969
2150	0.33407607674598694
2151	0.18333210051059723
2152	0.20784763991832733
2153	0.27569207549095154
2154	0.1570597141981125
2155	0.2465987652540207
2156	0.2841697633266449
2157	0.26669904589653015
2158	0.27417871356010437
2159	0.37329062819480896
2160	0.23907902836799622
2161	0.5522246360778809
2162	0.4746837615966797
2163	0.23791365325450897
2164	0.28413182497024536
2165	0.16912449896335602
2166	0.021237274631857872
2167	0.021304994821548462
2168	0.022988412529230118
2169	0.03581545501947403
2170	0.08515433222055435
2171	0.0532379150390625
2172	0.0262307021766901
2173	0.03641233593225479
2174	0.044846996665000916
2175	0.14172787964344025
2176	0.07218638807535172
2177	0.030284255743026733
2178	0.014886582270264626
2179	0.01702624373137951
2180	0.01699008233845234
2181	0.015125678852200508
2182	0.014966189861297607
2183	0.015264627523720264
2184	0.01900493912398815
2185	0.010851974599063396
2186	0.015103836543858051
2187	0.010239571332931519
2188	0.012185662984848022
2189	0.009442801587283611
2190	0.01064383890479803
2191	0.0082344189286232
2192	0.008571160025894642
2193	0.017323538661003113
2194	0.0202914010733366
2195	0.007105337921530008
2196	0.008035737089812756
2197	0.009603546001017094
2198	0.008689040318131447
2199	0.008333451114594936
2200	0.010278432630002499
2201	0.009929944761097431
2202	0.009581873193383217
2203	0.008688539266586304
2204	0.0074666510336101055
2205	0.007168824318796396
2206	0.010304066352546215
2207	0.013257709331810474
2208	0.011746917851269245
2209	0.009487195871770382
2210	0.005383893381804228
2211	0.007401240058243275
2212	0.008580470457673073
2213	0.006193720735609531
2214	0.006097679492086172
2215	0.005443531088531017
2216	0.009039356373250484
2217	0.007369067054241896
2218	0.0068478062748909
2219	0.006430463399738073
2220	0.009083881974220276
2221	0.009245132096111774
2222	0.008577676489949226
2223	0.013050088658928871
2224	0.015460312366485596
2225	0.03683856874704361
2226	0.02101094275712967
2227	0.03010459803044796
2228	0.039281610399484634
2229	0.03708966448903084
2230	0.025758832693099976
2231	0.014344151131808758
2232	0.007112759631127119
2233	0.012519324198365211
2234	0.015779411420226097
2235	0.007509899325668812
2236	0.009220217354595661
2237	0.023827357217669487
2238	0.07612984627485275
2239	0.04272610321640968
2240	0.01646769419312477
2241	0.22141651809215546
2242	0.196222186088562
2243	0.1168178841471672
2244	0.2464190274477005
2245	0.16176094114780426
2246	0.29048117995262146
2247	0.2947256565093994
2248	0.3358340859413147
2249	0.3465350270271301
2250	0.3745175302028656
2251	0.4970078468322754
2252	0.19601964950561523
2253	0.47991490364074707
2254	0.7370017170906067
2255	0.7888879776000977
2256	0.8219464421272278
2257	0.9152229428291321
2258	0.8302589654922485
2259	0.9315508008003235
2260	0.908755898475647
2261	0.9051966071128845
2262	0.9141465425491333
2263	0.9276029467582703
2264	0.9136810302734375
2265	0.9489242434501648
2266	0.837618350982666
2267	0.8792770504951477
2268	0.7823593020439148
2269	0.8662636876106262
2270	0.8206222653388977
2271	0.863484799861908
2272	0.8750953674316406
2273	0.9114584922790527
2274	0.9246959686279297
2275	0.8520002365112305
2276	0.9209780097007751
2277	0.8609758615493774
2278	0.9200984239578247
2279	0.9361191987991333
2280	0.9348648190498352
2281	0.9741317629814148
2282	0.9750941395759583
2283	0.9734054803848267
2284	0.9772184491157532
2285	0.9830318689346313
2286	0.968605637550354
2287	0.9884193539619446
2288	0.9878607988357544
2289	0.9787178039550781
2290	0.9890508055686951
2291	0.9839528203010559
2292	0.995396077632904
2293	0.9902782440185547
2294	0.9876672625541687
2295	0.9773840308189392
2296	0.9756538271903992
2297	0.9347605109214783
2298	0.9592251181602478
2299	0.9662462472915649
2300	0.9697495698928833
2301	0.9399334192276001
2302	0.9017260670661926
2303	0.9757078289985657
2304	0.9807016253471375
2305	0.9960096478462219
2306	0.9559836387634277
2307	0.6521236300468445
2308	0.3768993020057678
2309	0.37074795365333557
2310	0.05735534057021141
2311	0.009707415476441383
2312	0.008845273405313492
2313	0.009376110509037971
2314	0.009168663993477821
2315	0.008917405270040035
2316	0.01322444062680006
2317	0.012954704463481903
2318	0.0134629150852561
2319	0.016740940511226654
2320	0.01451010163873434
2321	0.014569281600415707
2322	0.014409253373742104
2323	0.017084218561649323
2324	0.01607438735663891
2325	0.010145813226699829
2326	0.010546006262302399
2327	0.00875554233789444
2328	0.00686570955440402
2329	0.006149149965494871
2330	0.007064116653054953
2331	0.00738513795658946
2332	0.005343318916857243
2333	0.005192741751670837
2334	0.004690158646553755
2335	0.006032825913280249
2336	0.005921570584177971
2337	0.005380120128393173
2338	0.005522313993424177
2339	0.006180859636515379
2340	0.004716064315289259
2341	0.005316132213920355
2342	0.004574229475110769
2343	0.004560029599815607
2344	0.004877537488937378
2345	0.005512946285307407
2346	0.006174079608172178
2347	0.005762347020208836
2348	0.005049328785389662
2349	0.0056299171410501
2350	0.004474005661904812
2351	0.004777342081069946
2352	0.004939063917845488
2353	0.004988884087651968
2354	0.004997092764824629
2355	0.005587832536548376
2356	0.005421497393399477
2357	0.006018808577209711
2358	0.005385808181017637
2359	0.0046831355430185795
2360	0.004643633496016264
2361	0.004797826986759901
2362	0.005572517402470112
2363	0.005561348050832748
2364	0.004438361618667841
2365	0.005189274903386831
2366	0.0049289376474916935
2367	0.005280332174152136
2368	0.004860773682594299
2369	0.005982336588203907
2370	0.005318238399922848
2371	0.004802375566214323
2372	0.005250950809568167
2373	0.004416756331920624
2374	0.004352384712547064
2375	0.004848947282880545
2376	0.004610654432326555
2377	0.004409761633723974
2378	0.0038304792251437902
2379	0.0053525506518781185
2380	0.00450766459107399
2381	0.005284226965159178
2382	0.005398549139499664
2383	0.005481611471623182
2384	0.004936001263558865
2385	0.004230916034430265
2386	0.004337423015385866
2387	0.004424760118126869
2388	0.005880673415958881
2389	0.003607122926041484
2390	0.004551291931420565
2391	0.006088105496019125
2392	0.00488310307264328
2393	0.003807960543781519
2394	0.0042507643811404705
2395	0.004119587130844593
2396	0.004096997436136007
2397	0.004294775426387787
2398	0.003911482635885477
2399	0.004383196588605642
2400	0.0037463826593011618
2401	0.006630222778767347
2402	0.006171701941639185
2403	0.004781119525432587
2404	0.005745129194110632
2405	0.004988719243556261
2406	0.005616250913590193
2407	0.003996093757450581
2408	0.0030084967147558928
2409	0.0036215526051819324
2410	0.0032996858935803175
2411	0.0030058252159506083
2412	0.0031275309156626463
2413	0.003167360322549939
2414	0.003192215459421277
2415	0.00393320806324482
2416	0.003955091815441847
2417	0.0033806152641773224
2418	0.002944470150396228
2419	0.0032402530778199434
2420	0.0032326453365385532
2421	0.004146220628172159
2422	0.004313487559556961
2423	0.003709332784637809
2424	0.00356360268779099
2425	0.003201710060238838
2426	0.003596685593947768
2427	0.004562724381685257
2428	0.004973091185092926
2429	0.004472559783607721
2430	0.004695603623986244
2431	0.004553809762001038
2432	0.00508915213868022
2433	0.0063116238452494144
2434	0.0045509347692132
2435	0.0031747163739055395
2436	0.004709848202764988
2437	0.00374242034740746
2438	0.0042701116763055325
2439	0.004200704395771027
2440	0.004185430705547333
2441	0.004064073320478201
2442	0.00414952402934432
2443	0.0043145339004695415
2444	0.004177830647677183
2445	0.004281579051166773
2446	0.005399058107286692
2447	0.0056599765084683895
2448	0.005263214465230703
2449	0.0040452866815030575
2450	0.004181834869086742
2451	0.003541028592735529
2452	0.004978008568286896
2453	0.003603702876716852
2454	0.0032067892607301474
2455	0.0031110637355595827
2456	0.002635859651491046
2457	0.004150327295064926
2458	0.0036834166385233402
2459	0.004858816508203745
2460	0.005021066404879093
2461	0.005367806646972895
2462	0.005236205644905567
2463	0.006757113616913557
2464	0.00576416403055191
2465	0.009118779562413692
2466	0.008955283090472221
2467	0.0094718923792243
2468	0.008471352979540825
2469	0.007001457270234823
2470	0.009135673753917217
2471	0.009609786793589592
2472	0.007253177464008331
2473	0.009171465411782265
2474	0.011139045469462872
2475	0.010212772525846958
2476	0.00875331461429596
2477	0.009904599748551846
2478	0.007341794669628143
2479	0.007971612736582756
2480	0.009288712404668331
2481	0.006787165999412537
2482	0.008582111448049545
2483	0.00931764580309391
2484	0.015076803974807262
2485	0.017175788059830666
2486	0.017584558576345444
2487	0.04172208532691002
2488	0.022231686860322952
2489	0.028632760047912598
2490	0.04400777444243431
2491	0.04577513411641121
2492	0.028430670499801636
2493	0.051599230617284775
2494	0.02555629424750805
2495	0.04158027842640877
2496	0.16552937030792236
2497	0.05859185382723808
2498	0.04322025924921036
2499	0.039777930825948715
2500	0.03859741613268852
2501	0.05256112292408943
2502	0.04928983375430107
2503	0.19637160003185272
2504	0.3271523416042328
2505	0.8045105338096619
2506	0.6564847826957703
2507	0.6384846568107605
2508	0.530478298664093
2509	0.5122737288475037
2510	0.444342702627182
2511	0.559535801410675
2512	0.617803692817688
2513	0.7811068296432495
2514	0.651907205581665
2515	0.6519379019737244
2516	0.6784640550613403
2517	0.6549853682518005
2518	0.5887079238891602
2519	0.6647772789001465
2520	0.7001379728317261
2521	0.6030263304710388
2522	0.8155456781387329
2523	0.6336219906806946
2524	0.6000429391860962
2525	0.7825851440429688
2526	0.8363380432128906
2527	0.8494731783866882
2528	0.8050328493118286
2529	0.9377270936965942
2530	0.8027121424674988
2531	0.8799745440483093
2532	0.7845526933670044
2533	0.6964566707611084
2534	0.855202853679657
2535	0.8909139633178711
2536	0.9289738535881042
2537	0.8450296521186829
2538	0.8986358046531677
2539	0.930808961391449
2540	0.9333022236824036
2541	0.968300461769104
2542	0.928231418132782
2543	0.9621079564094543
2544	0.9587906002998352
2545	0.9743704795837402
2546	0.9372202157974243
2547	0.9186817407608032
2548	0.8396173715591431
2549	0.841818630695343
2550	0.8201465606689453
2551	0.7522959113121033
2552	0.6819596290588379
2553	0.6431702971458435
2554	0.7319054007530212
2555	0.693122923374176
2556	0.445089191198349
2557	0.7905823588371277
2558	0.647735595703125
2559	0.6665273904800415
2560	0.6656104922294617
2561	0.8019866943359375
2562	0.7702780961990356
2563	0.8648595809936523
2564	0.9341842532157898
2565	0.6030470728874207
2566	0.034624744206666946
2567	0.008703927509486675
2568	0.009169471450150013
2569	0.008436118252575397
2570	0.011706036515533924
2571	0.013122515752911568
2572	0.010753550566732883
2573	0.007870866917073727
2574	0.008325585164129734
2575	0.00825058575719595
2576	0.00756165012717247
2577	0.014399394392967224
2578	0.02562233805656433
2579	0.09748736768960953
2580	0.0585077702999115
2581	0.01030902098864317
2582	0.008982962928712368
2583	0.010077695362269878
2584	0.008052433840930462
2585	0.010197916068136692
2586	0.009452436119318008
2587	0.012443572282791138
2588	0.0075536505319178104
2589	0.009478057734668255
2590	0.012222605757415295
2591	0.01023025345057249
2592	0.009313630871474743
2593	0.008834282867610455
2594	0.01007814146578312
2595	0.01121310330927372
2596	0.009980757720768452
2597	0.015184544026851654
2598	0.010403230786323547
2599	0.009111026301980019
2600	0.010578589513897896
2601	0.014205507934093475
2602	0.005667748395353556
2603	0.009324739687144756
2604	0.0065092407166957855
2605	0.01060426514595747
2606	0.009677588008344173
2607	0.008148357272148132
2608	0.01610792614519596
2609	0.010395877994596958
2610	0.007486873771995306
2611	0.008115079253911972
2612	0.009714612737298012
2613	0.006993451621383429
2614	0.00562417134642601
2615	0.006999131292104721
2616	0.00970364362001419
2617	0.0054976800456643105
2618	0.008771955035626888
2619	0.011806569062173367
2620	0.006496003363281488
2621	0.005244293250143528
2622	0.009326992556452751
2623	0.00834445096552372
2624	0.010667464695870876
2625	0.0125083327293396
2626	0.01064170803874731
2627	0.00974006112664938
2628	0.010541392490267754
2629	0.014817366376519203
2630	0.008887014351785183
2631	0.011300381273031235
2632	0.01350277941673994
2633	0.008147611282765865
2634	0.01116117462515831
2635	0.01251282263547182
2636	0.007517630700021982
2637	0.013085116632282734
2638	0.011446005664765835
2639	0.020561233162879944
2640	0.01641750894486904
2641	0.013444649055600166
2642	0.017398899421095848
2643	0.016726909205317497
2644	0.016412878409028053
2645	0.017651954665780067
2646	0.03289586305618286
2647	0.035872768610715866
2648	0.029542500153183937
2649	0.03340579941868782
2650	0.05882455036044121
2651	0.07237143814563751
2652	0.2266656905412674
2653	0.10186630487442017
2654	0.08620085567235947
2655	0.05511314794421196
2656	0.026069561019539833
2657	0.02628358080983162
2658	0.016260040923953056
2659	0.022735610604286194
2660	0.014301071874797344
2661	0.019231298938393593
2662	0.016386494040489197
2663	0.018579667434096336
2664	0.012418336234986782
2665	0.016533300280570984
2666	0.021700317040085793
2667	0.04540575295686722
2668	0.03301095962524414
2669	0.03889625892043114
2670	0.025393325835466385
2671	0.026527706533670425
2672	0.03620236739516258
2673	0.017682118341326714
2674	0.020847365260124207
2675	0.01568177342414856
2676	0.019384238868951797
2677	0.017518237233161926
2678	0.01531145628541708
2679	0.013816148042678833
2680	0.012849447317421436
2681	0.012468193657696247
2682	0.01915634237229824
2683	0.03434356302022934
2684	0.047788359224796295
2685	0.08534365892410278
2686	0.1757383644580841
2687	0.2085435688495636
2688	0.18638749420642853
2689	0.24049217998981476
2690	0.35325881838798523
2691	0.2129649966955185
2692	0.2983364760875702
2693	0.3658929467201233
2694	0.46065282821655273
2695	0.6058647036552429
2696	0.5713669061660767
2697	0.6462745666503906
2698	0.5899812579154968
2699	0.4955887794494629
2700	0.7064068913459778
2701	0.6583883762359619
2702	0.7444228529930115
2703	0.7533556818962097
2704	0.8131645321846008
2705	0.8518655896186829
2706	0.7853308916091919
2707	0.7584862112998962
2708	0.6781055331230164
2709	0.8740617632865906
2710	0.895633339881897
2711	0.7672473788261414
2712	0.8714908957481384
2713	0.7991237044334412
2714	0.8444972038269043
2715	0.856430172920227
2716	0.8675758242607117
2717	0.819013774394989
2718	0.9082195162773132
2719	0.9569282531738281
2720	0.9211832880973816
2721	0.9391164779663086
2722	0.905754566192627
2723	0.9157562255859375
2724	0.8485140204429626
2725	0.7420832514762878
2726	0.5789155960083008
2727	0.453508198261261
2728	0.49190303683280945
2729	0.5426620841026306
2730	0.7393673658370972
2731	0.7064058780670166
2732	0.8381683230400085
2733	0.8994864821434021
2734	0.853515625
2735	0.9338211417198181
2736	0.9795100092887878
2737	0.964080810546875
2738	0.9658775329589844
2739	0.944989025592804
2740	0.9668167233467102
2741	0.8283700942993164
2742	0.8212987780570984
2743	0.4187251031398773
2744	0.11553483456373215
2745	0.021000757813453674
2746	0.013550621457397938
2747	0.01662752404808998
2748	0.01680164597928524
2749	0.08825118094682693
2750	0.1653720587491989
2751	0.18701870739459991
2752	0.06647629290819168
2753	0.02498701773583889
2754	0.017343716695904732
2755	0.012121686711907387
2756	0.00974845327436924
2757	0.010240679606795311
2758	0.009055862203240395
2759	0.01616322435438633
2760	0.03055204451084137
2761	0.06118163466453552
2762	0.10619032382965088
2763	0.12413977831602097
2764	0.2863629460334778
2765	0.2713087201118469
2766	0.34025320410728455
2767	0.5392635464668274
2768	0.4912189543247223
2769	0.11077380180358887
2770	0.1624297946691513
2771	0.021092135459184647
2772	0.018816350027918816
2773	0.017213504761457443
2774	0.016822699457406998
2775	0.011548343114554882
2776	0.010581104084849358
2777	0.013622005470097065
2778	0.022211039438843727
2779	0.013586214743554592
2780	0.011377905495464802
2781	0.011797497980296612
2782	0.010836414992809296
2783	0.009321077726781368
2784	0.007347123231738806
2785	0.007300631608814001
2786	0.007773806340992451
2787	0.0060231639072299
2788	0.007155074272304773
2789	0.007124356459826231
2790	0.006194453686475754
2791	0.00748937064781785
2792	0.007601714227348566
2793	0.006088170688599348
2794	0.004820720292627811
2795	0.005331639666110277
2796	0.004919055383652449
2797	0.006159936543554068
2798	0.004891360644251108
2799	0.004744484554976225
2800	0.004071145784109831
2801	0.004142718855291605
2802	0.004406886175274849
2803	0.0035215169191360474
2804	0.003569165011867881
2805	0.004316315986216068
2806	0.0029015603940933943
2807	0.0035616985987871885
2808	0.004252777900546789
2809	0.0037556232418864965
2810	0.0037084463983774185
2811	0.004045191686600447
2812	0.0031401775777339935
2813	0.003022243967279792
2814	0.0032408603001385927
2815	0.004049544222652912
2816	0.003811384318396449
2817	0.003501566592603922
2818	0.0031574189197272062
2819	0.0037135493475943804
2820	0.003293403657153249
2821	0.004296872764825821
2822	0.004544756840914488
2823	0.005186933558434248
2824	0.00569674838334322
2825	0.0066261449828743935
2826	0.005067668855190277
2827	0.004511439241468906
2828	0.004102752078324556
2829	0.004547057207673788
2830	0.004260040353983641
2831	0.004746873397380114
2832	0.004799558315426111
2833	0.005322484765201807
2834	0.005814324598759413
2835	0.00505831791087985
2836	0.0043112426064908504
2837	0.0035560433752834797
2838	0.004213771317154169
2839	0.00411018542945385
2840	0.005022976081818342
2841	0.0036015589721500874
2842	0.004779264330863953
2843	0.0035608489997684956
2844	0.0035335689317435026
2845	0.0031972359865903854
2846	0.002894035307690501
2847	0.0027367030270397663
2848	0.00331360031850636
2849	0.0032830925192683935
2850	0.0038288801442831755
2851	0.003984987270087004
2852	0.0047242301516234875
2853	0.0038415405433624983
2854	0.0037836257833987474
2855	0.0038766406942158937
2856	0.0033053269144147635
2857	0.0034915690775960684
2858	0.003445486770942807
2859	0.0037461393512785435
2860	0.0031860352028161287
2861	0.00254473346285522
2862	0.0030558090656995773
2863	0.003306599101051688
2864	0.0038533376064151525
2865	0.003362104995176196
2866	0.003844566410407424
2867	0.0034869411028921604
2868	0.004218423273414373
2869	0.0038162756245583296
2870	0.004994874354451895
2871	0.00393868051469326
2872	0.004664899315685034
2873	0.006131931208074093
2874	0.004029476549476385
2875	0.003358957590535283
2876	0.0037621238734573126
2877	0.0032811209093779325
2878	0.004071289207786322
2879	0.003802553517743945
2880	0.003909218590706587
2881	0.0034412082750350237
2882	0.0030513980891555548
2883	0.003946651704609394
2884	0.0038714155089110136
2885	0.0036226236261427402
2886	0.003434301121160388
2887	0.003127428237348795
2888	0.002685021376237273
2889	0.0028241362888365984
2890	0.0030193650163710117
2891	0.0030365472193807364
2892	0.0028942376375198364
2893	0.004090532194823027
2894	0.003092690370976925
2895	0.003309043822810054
2896	0.00476117106154561
2897	0.003609070321545005
2898	0.003321791533380747
2899	0.00395281333476305
2900	0.003568110754713416
2901	0.0026830327697098255
2902	0.003552214941009879
2903	0.003143732203170657
2904	0.0045484998263418674
2905	0.005301448050886393
2906	0.004504175391048193
2907	0.0048211379908025265
2908	0.00494201947003603
2909	0.005305772181600332
2910	0.005715403705835342
2911	0.007222536485642195
2912	0.005904543679207563
2913	0.009081527590751648
2914	0.008255316875874996
2915	0.009948846884071827
2916	0.00721664447337389
2917	0.008139298297464848
2918	0.008595856837928295
2919	0.0072340513579547405
2920	0.007546824403107166
2921	0.007737116422504187
2922	0.005883160978555679
2923	0.006071050185710192
2924	0.007106702774763107
2925	0.007169037591665983
2926	0.00997167732566595
2927	0.008059381507337093
2928	0.007432766258716583
2929	0.008436120115220547
2930	0.008005748502910137
2931	0.009594596922397614
2932	0.008241605944931507
2933	0.007504903711378574
2934	0.007636683527380228
2935	0.00828723143786192
2936	0.006365133915096521
2937	0.0061837369576096535
2938	0.005650320556014776
2939	0.005852562841027975
2940	0.004810280632227659
2941	0.003980202134698629
2942	0.003979665692895651
2943	0.003955235239118338
2944	0.0037047534715384245
2945	0.0036650311667472124
2946	0.003391142236068845
2947	0.003234999720007181
2948	0.004660032689571381
2949	0.004124523140490055
2950	0.0041823661886155605
2951	0.005574339535087347
2952	0.004432896617799997
2953	0.004054139833897352
2954	0.0049667018465697765
2955	0.004867148119956255
2956	0.003324512392282486
2957	0.0040814680978655815
2958	0.004039645195007324
2959	0.005370155908167362
2960	0.003507255809381604
2961	0.0034787512850016356
2962	0.004818494897335768
2963	0.0048344554379582405
2964	0.004374236799776554
2965	0.004086922854185104
2966	0.004101968836039305
2967	0.0040948945097625256
2968	0.005254591815173626
2969	0.004165795631706715
2970	0.004753293003886938
2971	0.0049113743007183075
2972	0.005751959979534149
2973	0.005352408159524202
2974	0.005119922570884228
2975	0.005402459297329187
2976	0.0055074794217944145
2977	0.005233210977166891
2978	0.005318912211805582
2979	0.005237257108092308
2980	0.003940879832953215
2981	0.006332998163998127
2982	0.0048403250984847546
2983	0.004494514316320419
2984	0.005493275821208954
2985	0.005246693268418312
2986	0.004204548429697752
2987	0.00523453950881958
2988	0.005051692482084036
2989	0.004693637136369944
2990	0.004326615948230028
2991	0.004953206982463598
2992	0.005342633463442326
2993	0.005135876126587391
2994	0.005956381559371948
2995	0.00464010750874877
2996	0.005871529225260019
2997	0.008064277470111847
2998	0.00735620129853487
2999	0.010323306545615196
3000	0.00745225278660655
3001	0.008405919186770916
3002	0.005422036629170179
3003	0.008377445861697197
3004	0.0050608934834599495
3005	0.007644484285265207
3006	0.005680314730852842
3007	0.006683026906102896
3008	0.006065658759325743
3009	0.010246282443404198
3010	0.008469502441585064
3011	0.010890306904911995
3012	0.01184143777936697
3013	0.027111446484923363
3014	0.040667202323675156
3015	0.07901324331760406
3016	0.0657813549041748
3017	0.03348345682024956
3018	0.04198579862713814
3019	0.08150341361761093
3020	0.07299144566059113
3021	0.0912466049194336
3022	0.14038947224617004
3023	0.10402997583150864
3024	0.0876622274518013
3025	0.024176789447665215
3026	0.02355263940989971
3027	0.018781615421175957
3028	0.01426320057362318
3029	0.015472414903342724
3030	0.014334556646645069
3031	0.03278232738375664
3032	0.03217354416847229
3033	0.019441893324255943
3034	0.016535362228751183
3035	0.03875262662768364
3036	0.02887062169611454
3037	0.02158319391310215
3038	0.01901254989206791
3039	0.01749328337609768
3040	0.015392703004181385
3041	0.013256216421723366
3042	0.01019276212900877
3043	0.011271712370216846
3044	0.01295163482427597
3045	0.011093216948211193
3046	0.011819722130894661
3047	0.00883964728564024
3048	0.008774948306381702
3049	0.011086609214544296
3050	0.012727501802146435
3051	0.019503388553857803
3052	0.13644640147686005
3053	0.35033512115478516
3054	0.48012325167655945
3055	0.6988121867179871
3056	0.6626972556114197
3057	0.48570528626441956
3058	0.3645370900630951
3059	0.3168306052684784
3060	0.10154709964990616
3061	0.02940039150416851
3062	0.01376819796860218
3063	0.01683885231614113
3064	0.011926623992621899
3065	0.012021134607493877
3066	0.011754524894058704
3067	0.011154559440910816
3068	0.01039762794971466
3069	0.013169889338314533
3070	0.01124006137251854
3071	0.013356352224946022
3072	0.016079403460025787
3073	0.013892029412090778
3074	0.009487303905189037
3075	0.01023626048117876
3076	0.014277035370469093
3077	0.014529409818351269
3078	0.018273308873176575
3079	0.019056031480431557
3080	0.03966396674513817
3081	0.06788236647844315
3082	0.06247536092996597
3083	0.08855869621038437
3084	0.16964831948280334
3085	0.18527929484844208
3086	0.281022846698761
3087	0.554643452167511
3088	0.781895101070404
3089	0.8961283564567566
3090	0.8757411241531372
3091	0.8801875114440918
3092	0.9397744536399841
3093	0.9530672430992126
3094	0.8912418484687805
3095	0.9610275626182556
3096	0.7888532876968384
3097	0.7823390960693359
3098	0.7213383316993713
3099	0.8283816576004028
3100	0.7792287468910217
3101	0.7886564135551453
3102	0.8351848721504211
3103	0.6206608414649963
3104	0.07111715525388718
3105	0.019081130623817444
3106	0.0379483662545681
3107	0.13651743531227112
3108	0.5386334657669067
3109	0.6323038339614868
3110	0.6116377115249634
3111	0.15905360877513885
3112	0.10903747379779816
3113	0.036497846245765686
3114	0.01600619964301586
3115	0.017011558637022972
3116	0.013924001716077328
3117	0.014379973523318768
3118	0.014559336006641388
3119	0.017198801040649414
3120	0.011979395523667336
3121	0.01053108274936676
3122	0.016941267997026443
3123	0.016644874587655067
3124	0.011173303239047527
3125	0.013952161185443401
3126	0.01026334147900343
3127	0.00850734394043684
3128	0.009128575213253498
3129	0.010193848982453346
3130	0.014535622671246529
3131	0.010787174105644226
3132	0.012735249474644661
3133	0.009324847720563412
3134	0.00992863904684782
3135	0.010915743187069893
3136	0.010807917453348637
3137	0.00732899084687233
3138	0.00914361234754324
3139	0.009647523984313011
3140	0.011059815995395184
3141	0.01056187879294157
3142	0.012134974822402
3143	0.015480167232453823
3144	0.012092038989067078
3145	0.007026283536106348
3146	0.005602220539003611
3147	0.008370026014745235
3148	0.006908421870321035
3149	0.009578272700309753
3150	0.0097165172919631
3151	0.00929062720388174
3152	0.009770834818482399
3153	0.008547439239919186
3154	0.007379801012575626
3155	0.0054385303519666195
3156	0.007623709738254547
3157	0.004576863255351782
3158	0.005552405491471291
3159	0.004768709186464548
3160	0.004425338003784418
3161	0.006032682489603758
3162	0.004469151142984629
3163	0.004863495472818613
3164	0.0038312121760100126
3165	0.0032286010682582855
3166	0.0031411952804774046
3167	0.00386366480961442
3168	0.003737939288839698
3169	0.0036904343869537115
3170	0.0031577625777572393
3171	0.0029358265455812216
3172	0.0038522090762853622
3173	0.0037978359032422304
3174	0.0029774499125778675
3175	0.0036815342027693987
3176	0.003913284279406071
3177	0.004972114693373442
3178	0.0039003249257802963
3179	0.004518601577728987
3180	0.00345294619910419
3181	0.0034305681474506855
3182	0.0030787745490670204
3183	0.002892328193411231
3184	0.0024921579752117395
3185	0.0026066042482852936
3186	0.0038630717899650335
3187	0.0023660867009311914
3188	0.003889385610818863
3189	0.0029149798210710287
3190	0.003205417888239026
3191	0.00400296226143837
3192	0.0033266551326960325
3193	0.003192141419276595
3194	0.0035106544382870197
3195	0.003372697625309229
3196	0.0029222697485238314
3197	0.0032328322995454073
3198	0.0033767372369766235
3199	0.0025851831305772066
3200	0.003365305485203862
3201	0.003844622289761901
3202	0.004472249187529087
3203	0.004529261961579323
3204	0.004130963701754808
3205	0.004721934907138348
3206	0.0038166255690157413
3207	0.0054588038474321365
3208	0.004564673639833927
3209	0.005738864187151194
3210	0.005738039966672659
3211	0.006567825563251972
3212	0.00562996556982398
3213	0.006106900051236153
3214	0.006956229452043772
3215	0.0080801323056221
3216	0.007051531225442886
3217	0.007144048810005188
3218	0.006373729091137648
3219	0.008928695693612099
3220	0.0077748894691467285
3221	0.006688144989311695
3222	0.007657964713871479
3223	0.009272279217839241
3224	0.006773328874260187
3225	0.008903893642127514
3226	0.008430506102740765
3227	0.008125031366944313
3228	0.007249155547469854
3229	0.008141297847032547
3230	0.006551122758537531
3231	0.007061675190925598
3232	0.008196040987968445
3233	0.02401202730834484
3234	0.025072544813156128
3235	0.01794668845832348
3236	0.014814850874245167
3237	0.052601952105760574
3238	0.07099049538373947
3239	0.04856128245592117
3240	0.062090881168842316
3241	0.2648880183696747
3242	0.186011403799057
3243	0.09422832727432251
3244	0.2966146767139435
3245	0.39128583669662476
3246	0.24697580933570862
3247	0.15068848431110382
3248	0.2088768482208252
3249	0.2880980372428894
3250	0.3340039849281311
3251	0.6719565391540527
3252	0.440739244222641
3253	0.5616135001182556
3254	0.6170987486839294
3255	0.48373737931251526
3256	0.4595731198787689
3257	0.4828072190284729
3258	0.7794926762580872
3259	0.8477551341056824
3260	0.9112502932548523
3261	0.8082274794578552
3262	0.7320097088813782
3263	0.6905593276023865
3264	0.7183237075805664
3265	0.5675744414329529
3266	0.7436736822128296
3267	0.4942830204963684
3268	0.42438778281211853
3269	0.5178495049476624
3270	0.43310680985450745
3271	0.6118155121803284
3272	0.20134130120277405
3273	0.15986447036266327
3274	0.2976718544960022
3275	0.6285433173179626
3276	0.7583199739456177
3277	0.9239692687988281
3278	0.9158535003662109
3279	0.9743265509605408
3280	0.8943660855293274
3281	0.9845724105834961
3282	0.9777969717979431
3283	0.9851808547973633
3284	0.9732494354248047
3285	0.9643390774726868
3286	0.9785693287849426
3287	0.9904993176460266
3288	0.9813432693481445
3289	0.9925169348716736
3290	0.9955976605415344
3291	0.9823594093322754
3292	0.9698600769042969
3293	0.9760372042655945
3294	0.9843246340751648
3295	0.9576234221458435
3296	0.9250296950340271
3297	0.9716750979423523
3298	0.9534798860549927
3299	0.9809734225273132
3300	0.9649114608764648
3301	0.9820766448974609
3302	0.9628341794013977
3303	0.9904851317405701
3304	0.9631940722465515
3305	0.9811199307441711
3306	0.9711536765098572
3307	0.9774988293647766
3308	0.9810328483581543
3309	0.986491322517395
3310	0.9749170541763306
3311	0.9798237085342407
3312	0.9720073938369751
3313	0.9743105173110962
3314	0.9670215845108032
3315	0.9730765223503113
3316	0.9816313982009888
3317	0.9618673324584961
3318	0.9685748219490051
3319	0.9436257481575012
3320	0.9569209218025208
3321	0.9628661274909973
3322	0.979107677936554
3323	0.9876264929771423
3324	0.9823328852653503
3325	0.9911001324653625
3326	0.9727084040641785
3327	0.9726396799087524
3328	0.9272513389587402
3329	0.9661828875541687
3330	0.9009940028190613
3331	0.9436739087104797
3332	0.9347219467163086
3333	0.9391197562217712
3334	0.9200716018676758
3335	0.957176685333252
3336	0.8563084006309509
3337	0.7906063199043274
3338	0.8082563281059265
3339	0.9241964221000671
3340	0.9105052947998047
3341	0.8749381303787231
3342	0.9127813577651978
3343	0.9084005355834961
3344	0.9096443057060242
3345	0.6762337684631348
3346	0.8225563168525696
3347	0.8395038843154907
3348	0.9730467200279236
3349	0.9790586829185486
3350	0.9653953909873962
3351	0.9603052139282227
3352	0.9343547821044922
3353	0.8603691458702087
3354	0.7597174048423767
3355	0.576173722743988
3356	0.5931369066238403
3357	0.544454038143158
3358	0.694017231464386
3359	0.7597355842590332
3360	0.8918926119804382
