frame	prob
0	0.004669113550335169
1	0.005107298027724028
2	0.005580570083111525
3	0.005834739655256271
4	0.004466095007956028
5	0.005565478000789881
6	0.005425841547548771
7	0.005239721387624741
8	0.005051575135439634
9	0.005683360621333122
10	0.005602573044598103
11	0.0048180208541452885
12	0.0048962845467031
13	0.005605804268270731
14	0.00487771350890398
15	0.005736509803682566
16	0.004329105373471975
17	0.004889161791652441
18	0.005156926345080137
19	0.004872357472777367
20	0.006752131972461939
21	0.0065727755427360535
22	0.009789525531232357
23	0.006026260554790497
24	0.007584064733237028
25	0.009255945682525635
26	0.009016863070428371
27	0.009380221366882324
28	0.009842060506343842
29	0.00747727369889617
30	0.00730976602062583
31	0.00798003375530243
32	0.007502185646444559
33	0.008393137715756893
34	0.007161752786487341
35	0.00700489291921258
36	0.00970855075865984
37	0.011260402388870716
38	0.01009544637054205
39	0.021328452974557877
40	0.03286607936024666
41	0.08876539766788483
42	0.08111629635095596
43	0.07376360893249512
44	0.06410851329565048
45	0.07836636900901794
46	0.25380846858024597
47	0.18815162777900696
48	0.26834192872047424
49	0.35367274284362793
50	0.628685474395752
51	0.6759228706359863
52	0.6190415620803833
53	0.4408738613128662
54	0.46989676356315613
55	0.32546162605285645
56	0.5374299883842468
57	0.6184517741203308
58	0.6578805446624756
59	0.4174287021160126
60	0.2433781623840332
61	0.10601069778203964
62	0.04045376181602478
63	0.03340517729520798
64	0.14315475523471832
65	0.10254605114459991
66	0.2874462902545929
67	0.2942466735839844
68	0.6292960047721863
69	0.6064290404319763
70	0.28189730644226074
71	0.3123730719089508
72	0.13267086446285248
73	0.029351895675063133
74	0.08482734113931656
75	0.13244611024856567
76	0.2953752279281616
77	0.3953920304775238
78	0.23878346383571625
79	0.5553168654441833
80	0.2521620988845825
81	0.26137325167655945
82	0.408627986907959
83	0.3146456182003021
84	0.20026595890522003
85	0.3840404450893402
86	0.7147673964500427
87	0.8836662173271179
88	0.8300814628601074
89	0.8968305587768555
90	0.8210863471031189
91	0.7114359736442566
92	0.23254866898059845
93	0.17600835859775543
94	0.036466699093580246
95	0.015785926952958107
96	0.013781723566353321
97	0.015971122309565544
98	0.046922989189624786
99	0.1951078623533249
100	0.19818024337291718
101	0.05088650807738304
102	0.010150882415473461
103	0.01258354913443327
104	0.010289187543094158
105	0.011102506890892982
106	0.010949007235467434
107	0.010997769422829151
108	0.011792297475039959
109	0.01316186971962452
110	0.011150526814162731
111	0.013722297735512257
112	0.011570865288376808
113	0.012634995393455029
114	0.00825186911970377
115	0.010203428566455841
116	0.010974823497235775
117	0.007392127998173237
118	0.606278121471405
119	0.8245922923088074
120	0.7964302897453308
121	0.7791505455970764
122	0.3862471282482147
123	0.06308438628911972
124	0.011523990891873837
125	0.010090270079672337
126	0.01017900463193655
127	0.010898927226662636
128	0.010847914032638073
129	0.010032901540398598
130	0.011566989123821259
131	0.011296581476926804
132	0.011039004661142826
133	0.008076108992099762
134	0.4271463453769684
135	0.8025216460227966
136	0.704655647277832
137	0.016339773312211037
138	0.010298575274646282
139	0.010866577737033367
140	0.007502228952944279
141	0.008732750080525875
142	0.010126880370080471
143	0.010719755664467812
144	0.00925519224256277
145	0.010046089999377728
146	0.009965184144675732
147	0.27707353234291077
148	0.7161588072776794
149	0.8737861514091492
150	0.8193885684013367
151	0.9306506514549255
152	0.7250321507453918
153	0.8014591336250305
154	0.9006657004356384
155	0.9028000235557556
156	0.8337942361831665
157	0.6501632928848267
158	0.649520218372345
159	0.4066370129585266
160	0.3148493468761444
161	0.08755356818437576
162	0.014900467358529568
163	0.010896488092839718
164	0.010705117136240005
165	0.010364753194153309
166	0.010143999010324478
167	0.011702860705554485
168	0.008387732319533825
169	0.009893684647977352
170	0.11373575031757355
171	0.39240702986717224
172	0.5926603674888611
173	0.4988124966621399
174	0.7324196696281433
175	0.7575949430465698
176	0.5936394929885864
177	0.5028959512710571
178	0.1719260811805725
179	0.00884917564690113
180	0.009337705560028553
181	0.010121162980794907
182	0.008137257769703865
183	0.011316034942865372
184	0.011432523839175701
185	0.015124921686947346
186	0.011674677021801472
187	0.00989397894591093
188	0.008821648545563221
189	0.011376466602087021
190	0.01118985004723072
191	0.014061938039958477
192	0.015555987134575844
193	0.012201107107102871
194	0.01295484323054552
195	0.017128806561231613
196	0.01275885384529829
197	0.015570676885545254
198	0.018970435485243797
199	0.013467289507389069
200	0.014600853435695171
201	0.017252519726753235
202	0.013334854505956173
203	0.011694574728608131
204	0.011051042936742306
205	0.012469043023884296
206	0.008845753967761993
207	0.010011698119342327
208	0.008938537910580635
209	0.00819262582808733
210	0.008159962482750416
211	0.006964295636862516
212	0.005043194629251957
213	0.004993264563381672
214	0.004107154440134764
215	0.004263173323124647
216	0.005003226920962334
217	0.005360886454582214
218	0.005300700664520264
219	0.006333151366561651
220	0.004160511773079634
221	0.0038973968476057053
222	0.003606267739087343
223	0.0050681415013968945
224	0.005319114308804274
225	0.006487601436674595
226	0.005537556484341621
227	0.005369849037379026
228	0.005052636843174696
229	0.005316583905369043
230	0.005958549212664366
231	0.0068875025026500225
232	0.006528487894684076
233	0.008078549057245255
234	0.007812317460775375
235	0.007566151209175587
236	0.007560443133115768
237	0.005812512245029211
238	0.006378808058798313
239	0.00597462197765708
240	0.006560626905411482
241	0.007168053183704615
242	0.013126037083566189
243	0.03063843585550785
244	0.036929067224264145
245	0.01725231111049652
246	0.012909567914903164
247	0.0162537582218647
248	0.010253794491291046
249	0.008354246616363525
250	0.007716619875282049
251	0.009164166636765003
252	0.01135921198874712
253	0.01580435037612915
254	0.035694003105163574
255	0.14805839955806732
256	0.25660452246665955
257	0.19017457962036133
258	0.13058875501155853
259	0.29897770285606384
260	0.5548975467681885
261	0.8319284319877625
262	0.7093408703804016
263	0.752821683883667
264	0.8500205874443054
265	0.8596479296684265
266	0.8993860483169556
267	0.8397971987724304
268	0.8302516937255859
269	0.5076914429664612
270	0.25061970949172974
271	0.4930424690246582
272	0.3599953353404999
273	0.10786321014165878
274	0.22975902259349823
275	0.2870151102542877
276	0.5365996956825256
277	0.8002756237983704
278	0.7401670217514038
279	0.7455801963806152
280	0.7095091342926025
281	0.9528204202651978
282	0.9426369071006775
283	0.8386455774307251
284	0.719508171081543
285	0.5283492207527161
286	0.7951633930206299
287	0.4627808630466461
288	0.5198432207107544
289	0.2451377660036087
290	0.623740017414093
291	0.8809065222740173
292	0.9414476752281189
293	0.9518271684646606
294	0.9261495471000671
295	0.9228982925415039
296	0.9516243934631348
297	0.9095661044120789
298	0.9368821978569031
299	0.9191375970840454
300	0.8901199698448181
301	0.5742070078849792
302	0.07213622331619263
303	0.0555352084338665
304	0.0231721643358469
305	0.01774245873093605
306	0.011004871688783169
307	0.013923496007919312
308	0.011116990819573402
309	0.016127126291394234
310	0.01170394942164421
311	0.011424324475228786
312	0.011152195744216442
313	0.012187565676867962
314	0.012315349653363228
315	0.01248044054955244
316	0.010064007714390755
317	0.010240547358989716
318	0.011062582023441792
319	0.01486652810126543
320	0.013775047846138477
321	0.010979458689689636
322	0.01042198110371828
323	0.012070000171661377
324	0.00926656648516655
325	0.01300924550741911
326	0.011558380909264088
327	0.011999162845313549
328	0.009002504870295525
329	0.01211550273001194
330	0.01329720951616764
331	0.011193739250302315
332	0.011103466153144836
333	0.010143612511456013
334	0.012303988449275494
335	0.01326205488294363
336	0.015597382560372353
337	0.05015509948134422
338	0.02845306135714054
339	0.01235208660364151
340	0.014169908128678799
341	0.014437573030591011
342	0.034097325056791306
343	0.12074732780456543
344	0.08636407554149628
345	0.10825204849243164
346	0.08096139878034592
347	0.450256884098053
348	0.446010559797287
349	0.33482345938682556
350	0.4780488908290863
351	0.719269335269928
352	0.7322024703025818
353	0.6679219603538513
354	0.6136760115623474
355	0.14840225875377655
356	0.010344462469220161
357	0.007722713053226471
358	0.007362043019384146
359	0.011317535303533077
360	0.010055853985249996
361	0.013183231465518475
362	0.009893386624753475
363	0.011968313716351986
364	0.011228041723370552
365	0.010595688596367836
366	0.012368670664727688
367	0.014091918244957924
368	0.01282523013651371
369	0.012017725966870785
370	0.013964069075882435
371	0.15045185387134552
372	0.16612112522125244
373	0.05846552178263664
374	0.06945613771677017
375	0.10059302300214767
376	0.1286419779062271
377	0.2549135088920593
378	0.16462354362010956
379	0.5838529467582703
380	0.6646329760551453
381	0.15812447667121887
382	0.05873028188943863
383	0.03022058680653572
384	0.06376980990171432
385	0.08629580587148666
386	0.04282383248209953
387	0.03362521529197693
388	0.019391344860196114
389	0.023051366209983826
390	0.023339716717600822
391	0.02318849042057991
392	0.013829514384269714
393	0.017073828727006912
394	0.014675346203148365
395	0.031359802931547165
396	0.044618722051382065
397	0.11543597280979156
398	0.06863421201705933
399	0.06134382635354996
400	0.03845107555389404
401	0.014865905046463013
402	0.011508913710713387
403	0.012286221608519554
404	0.015411538071930408
405	0.010296436958014965
406	0.014185798354446888
407	0.060198452323675156
408	0.43802234530448914
409	0.6962229609489441
410	0.8512231111526489
411	0.8899521231651306
412	0.6370424628257751
413	0.12997807562351227
414	0.02181190624833107
415	0.016081778332591057
416	0.013935858383774757
417	0.015041673555970192
418	0.012755924835801125
419	0.013018714264035225
420	0.02322430908679962
421	0.07636090368032455
422	0.1980777084827423
423	0.5974575281143188
424	0.5747800469398499
425	0.8869733810424805
426	0.8632931709289551
427	0.7915472388267517
428	0.7713190317153931
429	0.8607708215713501
430	0.7331230640411377
431	0.7857361435890198
432	0.7580764889717102
433	0.7159620523452759
434	0.7103700041770935
435	0.7848345637321472
436	0.71572345495224
437	0.7855216264724731
438	0.7702824473381042
439	0.651645839214325
440	0.6648073196411133
441	0.607353687286377
442	0.7844204902648926
443	0.7034530639648438
444	0.6964928507804871
445	0.8248997926712036
446	0.7921167016029358
447	0.8632448315620422
448	0.8264053463935852
449	0.8795656561851501
450	0.8043109178543091
451	0.8246224522590637
452	0.7123551368713379
453	0.5865712761878967
454	0.1887551099061966
455	0.5553895235061646
456	0.8222969174385071
457	0.5351309180259705
458	0.8807984590530396
459	0.7615219950675964
460	0.5419012308120728
461	0.04682433232665062
462	0.013445473276078701
463	0.01057365071028471
464	0.009263639338314533
465	0.015730733051896095
466	0.012659505009651184
467	0.014429290778934956
468	0.011745848692953587
469	0.01198056060820818
470	0.009147588163614273
471	0.009370843879878521
472	0.011840783059597015
473	0.011440393514931202
474	0.01333552598953247
475	0.014087063260376453
476	0.012006235308945179
477	0.01518038660287857
478	0.014522391371428967
479	0.014911356382071972
480	0.016666997224092484
481	0.01399503368884325
482	0.01334062498062849
483	0.012092182412743568
484	0.01452734787017107
485	0.009608502499759197
486	0.006501912605017424
487	0.007219095714390278
488	0.006026064977049828
489	0.010735797695815563
490	0.007482524495571852
491	0.010841707699000835
492	0.012913382612168789
493	0.01717219315469265
494	0.005817777011543512
495	0.005277283024042845
496	0.009200750850141048
497	0.009211714379489422
498	0.012336011044681072
499	0.010357639752328396
500	0.010988299734890461
501	0.015560179017484188
502	0.012987625785171986
503	0.008025331422686577
504	0.007661220617592335
505	0.013269977644085884
506	0.017498187720775604
507	0.009442067705094814
508	0.006486072670668364
509	0.007190731354057789
510	0.009308275766670704
511	0.014794143848121166
512	0.011948681436479092
513	0.01422970462590456
514	0.013762873597443104
515	0.01618812419474125
516	0.007622882723808289
517	0.007148050703108311
518	0.008450105786323547
519	0.010446283034980297
520	0.010418565943837166
521	0.016060497611761093
522	0.010450797155499458
523	0.011680048890411854
524	0.012054991908371449
525	0.013483354821801186
526	0.012065856717526913
527	0.010275759734213352
528	0.01005004346370697
529	0.011033962480723858
530	0.010552708990871906
531	0.010003526695072651
532	0.006704359780997038
533	0.008757670409977436
534	0.010896722786128521
535	0.014459501020610332
536	0.013091091997921467
537	0.013346582651138306
538	0.011645582504570484
539	0.017110934481024742
540	0.016825078055262566
541	0.015468238852918148
542	0.0129506541416049
543	0.012662927620112896
544	0.01445714570581913
545	0.015421274118125439
546	0.012251848354935646
547	0.01190443430095911
548	0.01302636880427599
549	0.01337106991559267
550	0.01437289733439684
551	0.017124712467193604
552	0.013399103656411171
553	0.017393214628100395
554	0.01406023558229208
555	0.012976664118468761
556	0.013866039924323559
557	0.017852259799838066
558	0.012736707925796509
559	0.013271423056721687
560	0.0203940998762846
561	0.013810314238071442
562	0.018407171592116356
563	0.01934029906988144
564	0.01882752776145935
565	0.022026052698493004
566	0.015183989889919758
567	0.01994607411324978
568	0.0296795554459095
569	0.02473171055316925
570	0.042139992117881775
571	0.03610386326909065
572	0.039325132966041565
573	0.03286042436957359
574	0.03403759002685547
575	0.026382511481642723
576	0.030554672703146935
577	0.030683482065796852
578	0.04084550216794014
579	0.10761614143848419
580	0.021776651963591576
581	0.03130694851279259
582	0.029086265712976456
583	0.051061391830444336
584	0.11792123317718506
585	0.04976629838347435
586	0.015646284446120262
587	0.02407701313495636
588	0.019103555008769035
589	0.01654842123389244
590	0.012327947653830051
591	0.018436670303344727
592	0.011175638996064663
593	0.023671595379710197
594	0.013136784546077251
595	0.01402120292186737
596	0.011779041960835457
597	0.014033538289368153
598	0.01640312746167183
599	0.014401460066437721
600	0.013397998176515102
601	0.018194448202848434
602	0.013754834420979023
603	0.018710071220993996
604	0.020221596583724022
605	0.01817648485302925
606	0.05480495095252991
607	0.029622524976730347
608	0.012184111401438713
609	0.01180410385131836
610	0.011302478611469269
611	0.01210836973041296
612	0.015383251011371613
613	0.011226654052734375
614	0.011413903906941414
615	0.010539042763411999
616	0.00982094556093216
617	0.011174006387591362
618	0.010160368867218494
619	0.009495086967945099
620	0.011768524535000324
621	0.011410780251026154
622	0.008368129841983318
623	0.007989881560206413
624	0.006387033499777317
625	0.006600273307412863
626	0.006784589495509863
627	0.009085853584110737
628	0.011953760869801044
629	0.011025011539459229
630	0.011131221428513527
631	0.011452282778918743
632	0.010595152154564857
633	0.010266920551657677
634	0.010382572188973427
635	0.007141584064811468
636	0.01007126085460186
637	0.008641079068183899
638	0.008408836089074612
639	0.007967106997966766
640	0.009933018125593662
641	0.008205385878682137
642	0.009842206723988056
643	0.008748353458940983
644	0.009459889493882656
645	0.010422196239233017
646	0.009788506664335728
647	0.008490032516419888
648	0.013449360616505146
649	0.012853357009589672
650	0.013810223899781704
651	0.013456371612846851
652	0.011421330273151398
653	0.014085759408771992
654	0.01547690387815237
655	0.015551812946796417
656	0.01501642819494009
657	0.01567334495484829
658	0.01651788502931595
659	0.01652621664106846
660	0.014912912622094154
661	0.014295453205704689
662	0.017264369875192642
663	0.01678754761815071
664	0.01291376631706953
665	0.015204234980046749
666	0.016049927100539207
667	0.019202962517738342
668	0.015259087085723877
669	0.016147403046488762
670	0.012700806371867657
671	0.012058521620929241
672	0.010621967725455761
673	0.011252946220338345
674	0.012043188326060772
675	0.010649343021214008
676	0.012164181098341942
677	0.010739967226982117
678	0.00933672022074461
679	0.010949506424367428
680	0.014954362995922565
681	0.01048864796757698
682	0.011293826624751091
683	0.009280475787818432
684	0.0077971527352929115
685	0.0071774632669985294
686	0.006427390035241842
687	0.0048653739504516125
688	0.004907881375402212
689	0.004129128064960241
690	0.0038209736812859774
691	0.004774427507072687
692	0.004920366685837507
693	0.004722439683973789
694	0.003941541071981192
695	0.0037181072402745485
696	0.0045844451524317265
697	0.004123651888221502
698	0.0043620034120976925
699	0.005043741315603256
700	0.0031791788060218096
701	0.004245810676366091
702	0.004699740093201399
703	0.005133541766554117
704	0.005201374180614948
705	0.004878705833107233
706	0.004905190318822861
707	0.005003845784813166
708	0.004506960045546293
709	0.005421116482466459
710	0.005139712709933519
711	0.004681658931076527
712	0.004785202443599701
713	0.004347093869000673
714	0.004327349830418825
715	0.006609191652387381
716	0.008607379160821438
717	0.006979985628277063
718	0.0073222327046096325
719	0.008456147275865078
720	0.007650251965969801
721	0.008422249928116798
722	0.008523400872945786
723	0.01098710298538208
724	0.008037070743739605
725	0.007301177363842726
726	0.008646294474601746
727	0.006839577108621597
728	0.009132477454841137
729	0.00947155524045229
730	0.012357671745121479
731	0.019017450511455536
732	0.01973302848637104
733	0.06768443435430527
734	0.0272725410759449
735	0.11418664455413818
736	0.11046459525823593
737	0.09803988039493561
738	0.1132054552435875
739	0.05625442788004875
740	0.03203738480806351
741	0.05047846958041191
742	0.06067945435643196
743	0.05225224420428276
744	0.08422509580850601
745	0.06934348493814468
746	0.04435747489333153
747	0.11540784686803818
748	0.031793974339962006
749	0.018912089988589287
750	0.10570672899484634
751	0.08910981565713882
752	0.06583666801452637
753	0.09412511438131332
754	0.14671793580055237
755	0.05852402374148369
756	0.11786534637212753
757	0.2320176213979721
758	0.20621824264526367
759	0.2513883709907532
760	0.3147164285182953
761	0.3091028332710266
762	0.3643231689929962
763	0.5784854888916016
764	0.9034755825996399
765	0.9564030766487122
766	0.9771726727485657
767	0.9865779876708984
768	0.9776518940925598
769	0.9751155972480774
770	0.9481787085533142
771	0.9588837623596191
772	0.9154860377311707
773	0.9502859115600586
774	0.970123291015625
775	0.9786258935928345
776	0.9756259322166443
777	0.9821362495422363
778	0.869458019733429
779	0.8558173179626465
780	0.7793930768966675
781	0.8840312361717224
782	0.929952085018158
783	0.9378800392150879
784	0.9555599093437195
785	0.8940642476081848
786	0.9288749694824219
787	0.9441885352134705
788	0.8634073138237
789	0.9279654622077942
790	0.9211729168891907
791	0.9406119585037231
792	0.9502038955688477
793	0.9699472784996033
794	0.9198076128959656
795	0.965847909450531
796	0.9687654376029968
797	0.9515885710716248
798	0.9680728912353516
799	0.9890093803405762
800	0.9811561703681946
801	0.9668775796890259
802	0.9571416974067688
803	0.9363242387771606
804	0.7865266799926758
805	0.8353873491287231
806	0.792995274066925
807	0.8638006448745728
808	0.8433338403701782
809	0.9375761151313782
810	0.9384785890579224
811	0.9172882437705994
812	0.9204832315444946
813	0.964970588684082
814	0.9174705743789673
815	0.9528779983520508
816	0.9387430548667908
817	0.9394398927688599
818	0.9019004702568054
819	0.9450845718383789
820	0.730299174785614
821	0.3889789283275604
822	0.2330237627029419
823	0.031316693872213364
824	0.008369744755327702
825	0.008917300961911678
826	0.008166809566318989
827	0.009324397891759872
828	0.009176249615848064
829	0.009487357921898365
830	0.014542642049491405
831	0.6889009475708008
832	0.8502815365791321
833	0.96059650182724
834	0.9581155776977539
835	0.9570273756980896
836	0.9712274670600891
837	0.9688920974731445
838	0.9611794352531433
839	0.961955726146698
840	0.9551348090171814
841	0.9588131308555603
842	0.9106689691543579
843	0.8146217465400696
844	0.6055864691734314
845	0.519858181476593
846	0.04962891340255737
847	0.025317132472991943
848	0.055264052003622055
849	0.0201509278267622
850	0.5081315040588379
851	0.9430457949638367
852	0.9792405962944031
853	0.9879100918769836
854	0.9888202548027039
855	0.9917616248130798
856	0.9870293736457825
857	0.9926223754882812
858	0.9907113909721375
859	0.9858617186546326
860	0.9815614819526672
861	0.9796053767204285
862	0.7745465636253357
863	0.9375553131103516
864	0.9761075377464294
865	0.9714870452880859
866	0.9776539206504822
867	0.9749191403388977
868	0.9773872494697571
869	0.967723548412323
870	0.9623485803604126
871	0.9830784201622009
872	0.9869583249092102
873	0.9909168481826782
874	0.9762606024742126
875	0.9893549084663391
876	0.9860215187072754
877	0.9944035410881042
878	0.9728261232376099
879	0.9771251082420349
880	0.9580281376838684
881	0.9727444648742676
882	0.9662014245986938
883	0.9520169496536255
884	0.9521923065185547
885	0.5552765727043152
886	0.05675939470529556
887	0.007807459682226181
888	0.00822095014154911
889	0.00860889907926321
890	0.009904815815389156
891	0.012344333343207836
892	0.02183356322348118
893	0.4277191162109375
894	0.8018385171890259
895	0.9758850336074829
896	0.9915390014648438
897	0.9961031079292297
898	0.9951969385147095
899	0.9878649711608887
900	0.9928867220878601
901	0.9822441339492798
902	0.9934087991714478
903	0.9912613034248352
904	0.9884843826293945
905	0.9952832460403442
906	0.9363757371902466
907	0.7091631293296814
908	0.03263026475906372
909	0.012092621996998787
910	0.010228532366454601
911	0.008924446068704128
912	0.008061743341386318
913	0.008563264273107052
914	0.009583952836692333
915	0.01031849067658186
916	0.009604563005268574
917	0.016813233494758606
918	0.06522899121046066
919	0.3440690040588379
920	0.6349678039550781
921	0.2528041899204254
922	0.03769400343298912
923	0.012671141885221004
924	0.009729273617267609
925	0.010611108504235744
926	0.012733272276818752
927	0.011023488827049732
928	0.012093103490769863
929	0.010479439981281757
930	0.010537679307162762
931	0.011272592470049858
932	0.010258241556584835
933	0.011237713508307934
934	0.010337739251554012
935	0.011589130386710167
936	0.01270283479243517
937	0.010054308921098709
938	0.010413064621388912
939	0.0110706752166152
940	0.04228745773434639
941	0.9140446782112122
942	0.992068886756897
943	0.9968069195747375
944	0.9919845461845398
945	0.9856809973716736
946	0.9841586351394653
947	0.9850287437438965
948	0.9640762209892273
949	0.9373053908348083
950	0.9568220376968384
951	0.9605503082275391
952	0.9824329614639282
953	0.981201171875
954	0.975982129573822
955	0.9824129939079285
956	0.9804005026817322
957	0.9842114448547363
958	0.9864737391471863
959	0.9696524739265442
960	0.9539575576782227
961	0.9495668411254883
962	0.9298116564750671
963	0.9748285412788391
964	0.9623976945877075
965	0.9749982953071594
966	0.9820634126663208
967	0.9782970547676086
968	0.9576187133789062
969	0.9785323143005371
970	0.8366093635559082
971	0.8335682153701782
972	0.4498146176338196
973	0.8972633481025696
974	0.9619520306587219
975	0.9519136548042297
976	0.9800994992256165
977	0.9937989115715027
978	0.9916709065437317
979	0.9743966460227966
980	0.9834598898887634
981	0.980623185634613
982	0.9792928695678711
983	0.9882646799087524
984	0.9694402813911438
985	0.9613397717475891
986	0.912371814250946
987	0.9373944401741028
988	0.9059379696846008
989	0.8210121393203735
990	0.7428103685379028
991	0.5927945375442505
992	0.2820693552494049
993	0.5921759605407715
994	0.8540444374084473
995	0.9268165826797485
996	0.94291752576828
997	0.9602755904197693
998	0.9675459265708923
999	0.990818440914154
1000	0.9849086999893188
1001	0.9711149334907532
1002	0.9691129922866821
1003	0.9666343927383423
1004	0.9346007704734802
1005	0.9384620785713196
1006	0.9186801910400391
1007	0.9145734906196594
1008	0.8335390090942383
1009	0.9280300140380859
1010	0.8241187334060669
1011	0.8897981643676758
1012	0.8938632011413574
1013	0.9397164583206177
1014	0.7961309552192688
1015	0.7899156212806702
1016	0.7924888134002686
1017	0.5465416312217712
1018	0.6278882026672363
1019	0.4737425744533539
1020	0.6750418543815613
1021	0.9544498324394226
1022	0.9487289786338806
1023	0.973221480846405
1024	0.9100337028503418
1025	0.9365535974502563
1026	0.6591557860374451
1027	0.7898156642913818
1028	0.6668857932090759
1029	0.913281261920929
1030	0.9152250289916992
1031	0.7470924258232117
1032	0.8120405077934265
1033	0.9601616263389587
1034	0.9260444641113281
1035	0.861728847026825
1036	0.7847915291786194
1037	0.8661022186279297
1038	0.8785771727561951
1039	0.8517021536827087
1040	0.9350547194480896
1041	0.9501268267631531
1042	0.9389747977256775
1043	0.9702043533325195
1044	0.9737432599067688
1045	0.9780042767524719
1046	0.9602108001708984
1047	0.9763635993003845
1048	0.9509845972061157
1049	0.8850733041763306
1050	0.9256533980369568
1051	0.6980617046356201
1052	0.476471483707428
1053	0.04832620546221733
1054	0.010242520831525326
1055	0.006715849973261356
1056	0.010848554782569408
1057	0.006703593768179417
1058	0.010103106498718262
1059	0.007765856571495533
1060	0.005981852766126394
1061	0.005764977540820837
1062	0.004927983973175287
1063	0.004555180203169584
1064	0.0056585404090583324
1065	0.006186302751302719
1066	0.009932169690728188
1067	0.011360615491867065
1068	0.008118072524666786
1069	0.011171783320605755
1070	0.021047724410891533
1071	0.039059918373823166
1072	0.024073025211691856
1073	0.014659284614026546
1074	0.013144612312316895
1075	0.012281027622520924
1076	0.00783118512481451
1077	0.010909216478466988
1078	0.00815620832145214
1079	0.010800981894135475
1080	0.007122717797756195
1081	0.006354119163006544
1082	0.0077069662511348724
1083	0.006690070033073425
1084	0.006305439863353968
1085	0.006435892079025507
1086	0.00560765853151679
1087	0.005211899988353252
1088	0.005526720080524683
1089	0.007458403706550598
1090	0.00517117278650403
1091	0.008622023276984692
1092	0.005548539105802774
1093	0.00580216757953167
1094	0.006550093647092581
1095	0.0069038444198668
1096	0.007860234938561916
1097	0.006329219322651625
1098	0.006348002701997757
1099	0.005086959805339575
1100	0.005907521583139896
1101	0.006829848047345877
1102	0.006222342606633902
1103	0.005340874195098877
1104	0.006499601993709803
1105	0.008416775614023209
1106	0.006206000689417124
1107	0.007426959462463856
1108	0.006448444910347462
1109	0.0063561247661709785
1110	0.007220287807285786
1111	0.007901459001004696
1112	0.00786234438419342
1113	0.007619648706167936
1114	0.00829541590064764
1115	0.006408863700926304
1116	0.008618242107331753
1117	0.006225408520549536
1118	0.007469005882740021
1119	0.009509807452559471
1120	0.010898246429860592
1121	0.010691284202039242
1122	0.009790467098355293
1123	0.010488823056221008
1124	0.009878712706267834
1125	0.010743274353444576
1126	0.009504281915724277
1127	0.013108647428452969
1128	0.010441568680107594
1129	0.012217508628964424
1130	0.009115325286984444
1131	0.009458918124437332
1132	0.012020492926239967
1133	0.00983539316803217
1134	0.010531509295105934
1135	0.012128281407058239
1136	0.015601693652570248
1137	0.008229379542171955
1138	0.00813306961208582
1139	0.012866185978055
1140	0.013154138810932636
1141	0.013361947610974312
1142	0.013017845340073109
1143	0.012855014763772488
1144	0.009739900939166546
1145	0.012734527699649334
1146	0.013014890253543854
1147	0.01002249401062727
1148	0.01089632697403431
1149	0.011401099152863026
1150	0.011332658119499683
1151	0.013796654529869556
1152	0.01574886217713356
1153	0.014636710286140442
1154	0.022644514217972755
1155	0.011202644556760788
1156	0.011890092864632607
1157	0.014602715149521828
1158	0.013392982073128223
1159	0.011727510951459408
1160	0.010884115472435951
1161	0.010248836129903793
1162	0.007089655380696058
1163	0.008160406723618507
1164	0.010219158604741096
1165	0.010879911482334137
1166	0.007692261133342981
1167	0.00733828404918313
1168	0.008309372700750828
1169	0.006916106678545475
1170	0.007318997289985418
1171	0.006086645182222128
1172	0.0067634182050824165
1173	0.005966645665466785
1174	0.006041914224624634
1175	0.005293840076774359
1176	0.004197652917355299
1177	0.004275008104741573
1178	0.0037025806959718466
1179	0.00458773085847497
1180	0.004851445090025663
1181	0.004420384764671326
1182	0.004758533090353012
1183	0.004222393035888672
1184	0.004654477816075087
1185	0.0034707714803516865
1186	0.003592411521822214
1187	0.0035616729874163866
1188	0.0041332123801112175
1189	0.004475189372897148
1190	0.005477406550198793
1191	0.0057438132353127
1192	0.004793537314981222
1193	0.009448018856346607
1194	0.007105269934982061
1195	0.009888583794236183
1196	0.007606838829815388
1197	0.006715388502925634
1198	0.008065478876233101
1199	0.008454922586679459
1200	0.0075447591952979565
1201	0.008482328616082668
1202	0.007458938751369715
1203	0.009058507159352303
1204	0.008600443601608276
1205	0.009269804693758488
1206	0.009350809268653393
1207	0.010936619713902473
1208	0.010416961275041103
1209	0.009762509725987911
1210	0.01220628060400486
1211	0.01060404907912016
1212	0.009830029681324959
1213	0.009698725305497646
1214	0.010894331149756908
1215	0.011366726830601692
1216	0.014874969609081745
1217	0.01322463434189558
1218	0.01611696369946003
1219	0.01922444812953472
1220	0.017408374696969986
1221	0.01811160333454609
1222	0.01686057634651661
1223	0.0182654969394207
1224	0.019968897104263306
1225	0.020408829674124718
1226	0.01998186483979225
1227	0.024901671335101128
1228	0.035170603543519974
1229	0.0442492701113224
1230	0.01966400071978569
1231	0.02426847442984581
1232	0.024667000398039818
1233	0.023416530340909958
1234	0.03390270099043846
1235	0.025720957666635513
1236	0.049025870859622955
1237	0.03375681862235069
1238	0.05216975882649422
1239	0.06505230069160461
1240	0.10712563991546631
1241	0.1715036779642105
1242	0.047408100217580795
1243	0.05634693056344986
1244	0.07108182460069656
1245	0.16967180371284485
1246	0.049185916781425476
1247	0.1147836223244667
1248	0.19115370512008667
1249	0.15318475663661957
1250	0.12782925367355347
1251	0.08883018046617508
1252	0.10989969968795776
1253	0.14380097389221191
1254	0.20126238465309143
1255	0.0695016160607338
1256	0.03443827107548714
1257	0.03599162772297859
1258	0.04310378432273865
1259	0.1358797550201416
1260	0.3605367839336395
1261	0.3364786207675934
1262	0.36966434121131897
1263	0.3768787086009979
1264	0.22754164040088654
1265	0.5170470476150513
1266	0.17957447469234467
1267	0.27051201462745667
1268	0.1317368596792221
1269	0.04547908902168274
1270	0.044013023376464844
1271	0.12232547253370285
1272	0.1586712896823883
1273	0.30177226662635803
1274	0.27880048751831055
1275	0.2530210614204407
1276	0.2702953815460205
1277	0.4711861312389374
1278	0.4833010733127594
1279	0.4457174241542816
1280	0.4080691933631897
1281	0.23050928115844727
1282	0.38792523741722107
1283	0.24029937386512756
1284	0.2653559744358063
1285	0.22220659255981445
1286	0.26759016513824463
1287	0.24854962527751923
1288	0.3363153636455536
1289	0.4411484897136688
1290	0.42639419436454773
1291	0.26514333486557007
1292	0.44919997453689575
1293	0.5734983682632446
1294	0.43600359559059143
1295	0.35434484481811523
1296	0.34552842378616333
1297	0.4808667302131653
1298	0.35705313086509705
1299	0.31738317012786865
1300	0.37283986806869507
1301	0.6115307807922363
1302	0.43194523453712463
1303	0.43572863936424255
1304	0.31495317816734314
1305	0.23521092534065247
1306	0.06749629229307175
1307	0.056528087705373764
1308	0.04190297797322273
1309	0.010350823402404785
1310	0.009274118579924107
1311	0.013820593245327473
1312	0.0998278558254242
1313	0.12442278861999512
1314	0.08346087485551834
1315	0.13533245027065277
1316	0.1834387332201004
1317	0.21284250915050507
1318	0.2982810437679291
1319	0.4413503110408783
1320	0.1838839054107666
1321	0.33631348609924316
1322	0.21833418309688568
1323	0.4032702147960663
1324	0.1389966607093811
1325	0.33910295367240906
1326	0.19021472334861755
1327	0.11359500885009766
1328	0.13027290999889374
1329	0.05322780832648277
1330	0.1046963483095169
1331	0.26120176911354065
1332	0.20472125709056854
1333	0.2900322377681732
1334	0.12871474027633667
1335	0.043217338621616364
1336	0.12605272233486176
1337	0.10564398765563965
1338	0.1004873514175415
1339	0.060641635209321976
1340	0.06553401052951813
1341	0.07570183277130127
1342	0.38365817070007324
1343	0.23392586410045624
1344	0.09158928692340851
1345	0.05001271888613701
1346	0.012902540154755116
1347	0.032051026821136475
1348	0.029693013057112694
1349	0.02829436957836151
1350	0.014899137429893017
1351	0.016599634662270546
1352	0.01731497049331665
1353	0.014363326132297516
1354	0.042699795216321945
1355	0.08885303884744644
1356	0.10231401771306992
1357	0.0706852450966835
1358	0.03937620669603348
1359	0.012630722485482693
1360	0.010824992321431637
1361	0.01822715252637863
1362	0.014460289850831032
1363	0.03152552619576454
1364	0.02562883496284485
1365	0.017030660063028336
1366	0.011861025355756283
1367	0.009167050011456013
1368	0.007169259246438742
1369	0.009108150377869606
1370	0.007868628948926926
1371	0.013708526268601418
1372	0.010314102284610271
1373	0.15112681686878204
1374	0.049123913049697876
1375	0.006516653578728437
1376	0.012203611433506012
1377	0.007901963777840137
1378	0.013817094266414642
1379	0.009837299585342407
1380	0.005677089095115662
1381	0.007466149982064962
1382	0.006792670581489801
1383	0.006740538869053125
1384	0.005168121308088303
1385	0.006618637125939131
1386	0.006684597581624985
1387	0.006844915449619293
1388	0.005954526364803314
1389	0.005062747746706009
1390	0.006170261185616255
1391	0.006015550810843706
1392	0.006617625243961811
1393	0.006329043302685022
1394	0.012202679179608822
1395	0.005703423172235489
1396	0.0060842083767056465
1397	0.007094444241374731
1398	0.007917138747870922
1399	0.005325825419276953
1400	0.00430598109960556
1401	0.00491667352616787
1402	0.004937307443469763
1403	0.004574472550302744
1404	0.004882642533630133
1405	0.005018041469156742
1406	0.004442555829882622
1407	0.004591344390064478
1408	0.0047348556108772755
1409	0.004346815403550863
1410	0.005429945886135101
1411	0.005022578872740269
1412	0.004067618399858475
1413	0.0038806346710771322
1414	0.004610409494489431
1415	0.004574184771627188
1416	0.004398526158183813
1417	0.005675250198692083
1418	0.006811228580772877
1419	0.005141780711710453
1420	0.004958676639944315
1421	0.006604138296097517
1422	0.0055059208534657955
1423	0.004898752551525831
1424	0.005558655597269535
1425	0.008933313190937042
1426	0.007907221093773842
1427	0.008964805863797665
1428	0.008985384367406368
1429	0.010026310570538044
1430	0.01155765075236559
1431	0.011852792464196682
1432	0.011566159315407276
1433	0.010377234779298306
1434	0.011539514176547527
1435	0.011068739928305149
1436	0.011409756727516651
1437	0.01049348060041666
1438	0.010235319845378399
1439	0.011065310798585415
1440	0.011346977204084396
1441	0.007788953371345997
1442	0.011089429259300232
1443	0.01103897299617529
1444	0.011679122224450111
1445	0.011706746183335781
1446	0.01168350875377655
1447	0.01205131970345974
1448	0.014843347482383251
1449	0.012540409341454506
1450	0.014244700782001019
1451	0.01651824824512005
1452	0.013786010444164276
1453	0.013196057640016079
1454	0.01098871510475874
1455	0.014709237031638622
1456	0.014295089058578014
1457	0.011683222837746143
1458	0.01232305821031332
1459	0.011094734072685242
1460	0.013218975625932217
1461	0.012371405959129333
1462	0.012978553771972656
1463	0.01140338834375143
1464	0.01072954386472702
1465	0.014736651442945004
1466	0.012528404593467712
1467	0.014448839239776134
1468	0.010984671302139759
1469	0.012571200728416443
1470	0.011617927812039852
1471	0.014597907662391663
1472	0.016987323760986328
1473	0.011564104817807674
1474	0.011508312076330185
1475	0.01066076010465622
1476	0.01416714396327734
1477	0.012735450640320778
1478	0.01378097664564848
1479	0.011411995626986027
1480	0.011318014934659004
1481	0.014721336774528027
1482	0.014198741875588894
1483	0.015697559341788292
1484	0.01525847613811493
1485	0.01210681814700365
1486	0.011004846543073654
1487	0.008877547457814217
1488	0.00749362725764513
1489	0.011031466536223888
1490	0.007259804755449295
1491	0.007488378789275885
1492	0.007459886372089386
1493	0.008230404928326607
1494	0.011545565910637379
1495	0.00917999166995287
1496	0.007342691998928785
1497	0.006928849499672651
1498	0.004717367701232433
1499	0.005983302835375071
1500	0.005180257838219404
1501	0.006124831736087799
1502	0.005305558443069458
1503	0.004158100578933954
1504	0.005643181037157774
1505	0.004797795321792364
1506	0.004640424158424139
1507	0.004134334158152342
1508	0.003982202615588903
1509	0.0039864229038357735
1510	0.004544905852526426
1511	0.005347701255232096
1512	0.004327793605625629
1513	0.004230370279401541
1514	0.005897218827158213
1515	0.005861749406903982
1516	0.005352967884391546
1517	0.00568779930472374
1518	0.0046241083182394505
1519	0.006209938321262598
1520	0.0064756013453006744
1521	0.006310682278126478
1522	0.0064202952198684216
1523	0.004960974212735891
1524	0.005701011512428522
1525	0.0068149748258292675
1526	0.00740775465965271
1527	0.007516705896705389
1528	0.006945586297661066
1529	0.00683337077498436
1530	0.007718669716268778
1531	0.007803210057318211
1532	0.007279461715370417
1533	0.008291489444673061
1534	0.009118892252445221
1535	0.009100820869207382
1536	0.012924812734127045
1537	0.012910290621221066
1538	0.014079125598073006
1539	0.01636817492544651
1540	0.0167970173060894
1541	0.018592575564980507
1542	0.01789681240916252
1543	0.017823297530412674
1544	0.019487319514155388
1545	0.015578249469399452
1546	0.02066853456199169
1547	0.01573820784687996
1548	0.01911846734583378
1549	0.015635328367352486
1550	0.018552584573626518
1551	0.01806286908686161
1552	0.017347602173686028
1553	0.01864822767674923
1554	0.018470633774995804
1555	0.01697903871536255
1556	0.01833246648311615
1557	0.01461836975067854
1558	0.01646849513053894
1559	0.01607813872396946
1560	0.014564506709575653
1561	0.01427404023706913
1562	0.014495454728603363
1563	0.013091109693050385
1564	0.01379673182964325
1565	0.014083321206271648
1566	0.013673990964889526
1567	0.01267880480736494
1568	0.014584066346287727
1569	0.01577211730182171
1570	0.016201816499233246
1571	0.01538551039993763
1572	0.01305230613797903
1573	0.016000330448150635
1574	0.013587531633675098
1575	0.013630233705043793
1576	0.012587795034050941
1577	0.014575356617569923
1578	0.01296429242938757
1579	0.011585636995732784
1580	0.009942382574081421
1581	0.011155216954648495
1582	0.011911826208233833
1583	0.01176916342228651
1584	0.011212682351469994
1585	0.011199004016816616
1586	0.012922587804496288
1587	0.013750632293522358
1588	0.010710439644753933
1589	0.011383290402591228
1590	0.012832793407142162
1591	0.012834422290325165
1592	0.01313292421400547
1593	0.011159921996295452
1594	0.013314003124833107
1595	0.013056828640401363
1596	0.012052517384290695
1597	0.014856487512588501
1598	0.01255742460489273
1599	0.013068926520645618
1600	0.012105604633688927
1601	0.01095892209559679
1602	0.012838120572268963
1603	0.012362928129732609
1604	0.012155801989138126
1605	0.011311768554151058
1606	0.013518747873604298
1607	0.012670566327869892
1608	0.011174104176461697
1609	0.012002191506326199
1610	0.012027118355035782
1611	0.011413603089749813
1612	0.010532625019550323
1613	0.011633535847067833
1614	0.00983503833413124
1615	0.01123682502657175
1616	0.010078219696879387
1617	0.012158092111349106
1618	0.013257729820907116
1619	0.014053392224013805
1620	0.01052930485457182
1621	0.014764360152184963
1622	0.012651684693992138
1623	0.013462011702358723
1624	0.012139672413468361
1625	0.0131221953779459
1626	0.011894366703927517
1627	0.01077923085540533
1628	0.010680180042982101
1629	0.010076227597892284
1630	0.013985908590257168
1631	0.010529652237892151
1632	0.012655925936996937
1633	0.01172518078237772
1634	0.008790567517280579
1635	0.012453082017600536
1636	0.008842158131301403
1637	0.009727215394377708
1638	0.00970244687050581
1639	0.011766194365918636
1640	0.009774957783520222
1641	0.011584616266191006
1642	0.010529519990086555
1643	0.01531099434942007
1644	0.011676641181111336
1645	0.01407704409211874
1646	0.0148157998919487
1647	0.01676999405026436
1648	0.013352430425584316
1649	0.01620294339954853
1650	0.014679360203444958
1651	0.01731133833527565
1652	0.015018274076282978
1653	0.013040012679994106
1654	0.012849944643676281
1655	0.02056642435491085
1656	0.013059337623417377
1657	0.007016816642135382
1658	0.006334155797958374
1659	0.005536810960620642
1660	0.013199090957641602
1661	0.010959552600979805
1662	0.006699895020574331
1663	0.006857490632683039
1664	0.003933292347937822
1665	0.004649631679058075
1666	0.00846018921583891
1667	0.015677565708756447
1668	0.02365696243941784
1669	0.024044854566454887
1670	0.014487162232398987
1671	0.010813730768859386
1672	0.011466152966022491
1673	0.008731274865567684
1674	0.007849062792956829
1675	0.007662786636501551
1676	0.009801432490348816
1677	0.011533929966390133
1678	0.009677992202341557
1679	0.01033331174403429
1680	0.009955848567187786
1681	0.015018044970929623
1682	0.009969829581677914
1683	0.007405504584312439
1684	0.008597775362432003
1685	0.01044809352606535
1686	0.00959183182567358
1687	0.021641982719302177
1688	0.02469811588525772
1689	0.03459455445408821
1690	0.04392325133085251
1691	0.0473158024251461
1692	0.013900605030357838
1693	0.022257152944803238
1694	0.018714532256126404
1695	0.021170932799577713
1696	0.02049337327480316
1697	0.0322808101773262
1698	0.045909665524959564
1699	0.041466981172561646
1700	0.033749233931303024
1701	0.04165844991803169
1702	0.019434435293078423
1703	0.036872364580631256
1704	0.016110330820083618
1705	0.010945172980427742
1706	0.011349077336490154
1707	0.01018790528178215
1708	0.0149769876152277
1709	0.012199725024402142
1710	0.009997612796723843
1711	0.008668454363942146
1712	0.005743294022977352
1713	0.004999940749257803
1714	0.005077187437564135
1715	0.00632000807672739
1716	0.007833439856767654
1717	0.006650454830378294
1718	0.00519527867436409
1719	0.0064531653188169
1720	0.005669542122632265
1721	0.007474957499653101
1722	0.0044658794067800045
1723	0.005607787519693375
1724	0.00637340871617198
1725	0.006323350127786398
1726	0.006899236235767603
1727	0.010255426168441772
1728	0.01247378345578909
1729	0.020632866770029068
1730	0.016673337668180466
1731	0.011264457367360592
1732	0.015444076620042324
1733	0.012058520689606667
1734	0.008823536336421967
1735	0.007450889330357313
1736	0.007575406227260828
1737	0.008582709357142448
1738	0.006140200421214104
1739	0.005944762844592333
1740	0.0052622100338339806
1741	0.004290577955543995
1742	0.005107567645609379
1743	0.006046848837286234
1744	0.005139421205967665
1745	0.005282594822347164
1746	0.005403862800449133
1747	0.007419724948704243
1748	0.007275612559169531
1749	0.007895185612142086
1750	0.008936083875596523
1751	0.007897126488387585
1752	0.009007018990814686
1753	0.009978758171200752
1754	0.01172944437712431
1755	0.008489513769745827
1756	0.010914213955402374
1757	0.011313303373754025
1758	0.010444139130413532
1759	0.009974905289709568
1760	0.008887003175914288
1761	0.009420453570783138
1762	0.010654494166374207
1763	0.011810611002147198
1764	0.010779148899018764
1765	0.012399780564010143
1766	0.012921241112053394
1767	0.012424795888364315
1768	0.014783674851059914
1769	0.01214932557195425
1770	0.012122961692512035
1771	0.013340634293854237
1772	0.013517423532903194
1773	0.011600513942539692
1774	0.00898190401494503
1775	0.008036762475967407
1776	0.01598760299384594
1777	0.009095731191337109
1778	0.0068058716133236885
1779	0.009690976701676846
1780	0.007148798555135727
1781	0.012572556734085083
1782	0.011290361173450947
1783	0.021459711715579033
1784	0.018224645406007767
1785	0.026535410434007645
1786	0.036863841116428375
1787	0.07858770340681076
1788	0.05926858261227608
1789	0.04952793940901756
1790	0.023378418758511543
1791	0.05303459241986275
1792	0.12160568684339523
1793	0.06001807004213333
1794	0.08828949928283691
1795	0.028701821342110634
1796	0.013483061455190182
1797	0.015805881470441818
1798	0.018655387684702873
1799	0.01556683611124754
1800	0.009128784760832787
1801	0.01669902727007866
1802	0.01536637544631958
1803	0.030429203063249588
1804	0.02961692214012146
1805	0.016631416976451874
1806	0.011690857820212841
1807	0.035430412739515305
1808	0.017396634444594383
1809	0.01890259049832821
1810	0.019958365708589554
1811	0.020692357793450356
1812	0.012463408522307873
1813	0.01696447841823101
1814	0.012710613198578358
1815	0.013364210724830627
1816	0.012143547646701336
1817	0.0228587593883276
1818	0.017227811738848686
1819	0.04715860262513161
1820	0.01598804071545601
1821	0.014075785875320435
1822	0.0124363349750638
1823	0.01706358976662159
1824	0.0145182553678751
1825	0.026619061827659607
1826	0.01345991063863039
1827	0.013321158476173878
1828	0.038254670798778534
1829	0.013969803228974342
1830	0.01879682019352913
1831	0.008755016140639782
1832	0.012147799134254456
1833	0.026927867904305458
1834	0.04646056890487671
1835	0.014921641908586025
1836	0.014806270599365234
1837	0.020961854606866837
1838	0.052109576761722565
1839	0.036914076656103134
1840	0.02175840549170971
1841	0.01800636760890484
1842	0.011099985800683498
1843	0.013971889391541481
1844	0.01950003020465374
1845	0.01370010431855917
1846	0.012466791085898876
1847	0.012732947245240211
1848	0.020115260034799576
1849	0.01726759970188141
1850	0.013931870460510254
1851	0.02660059928894043
1852	0.04507174715399742
1853	0.04130704700946808
1854	0.01114343386143446
1855	0.012096747756004333
1856	0.01261198241263628
1857	0.036596011370420456
1858	0.032493527978658676
1859	0.022401398047804832
1860	0.012764649465680122
1861	0.008854152634739876
1862	0.014988973736763
1863	0.013157281093299389
1864	0.025973115116357803
1865	0.01842675171792507
1866	0.014267968013882637
1867	0.04736815765500069
1868	0.016947297379374504
1869	0.03246726468205452
1870	0.039380401372909546
1871	0.012606635689735413
1872	0.01428686548024416
1873	0.02033376693725586
1874	0.014670372009277344
1875	0.049074746668338776
1876	0.10549619048833847
1877	0.06385979056358337
1878	0.08083971589803696
1879	0.02239101193845272
1880	0.015366017818450928
1881	0.031220141798257828
1882	0.04821508750319481
1883	0.06165604665875435
1884	0.01630820520222187
1885	0.018626872450113297
1886	0.015850646421313286
1887	0.014237004332244396
1888	0.023273129016160965
1889	0.02290787734091282
1890	0.019056513905525208
1891	0.02132120169699192
1892	0.03325405716896057
1893	0.015757238492369652
1894	0.012220474891364574
1895	0.013823434710502625
1896	0.010409275069832802
1897	0.00869652908295393
1898	0.008240126073360443
1899	0.012799016200006008
1900	0.013517022132873535
1901	0.008028706535696983
1902	0.00807949434965849
1903	0.009518751874566078
1904	0.006813784129917622
1905	0.00734995910897851
1906	0.006005951203405857
1907	0.006469713058322668
1908	0.005725478287786245
1909	0.005388577934354544
1910	0.00662565091624856
1911	0.007156612817198038
1912	0.005825330037623644
1913	0.007077407091856003
1914	0.006771727930754423
1915	0.0067634726874530315
1916	0.006820815149694681
1917	0.006875678431242704
1918	0.004945686552673578
1919	0.005203089211136103
1920	0.004761242773383856
1921	0.004567813593894243
1922	0.004122633021324873
1923	0.007959148846566677
1924	0.00734407315030694
1925	0.009252971969544888
1926	0.008400928229093552
1927	0.007587497588247061
1928	0.009483114816248417
1929	0.009056249633431435
1930	0.008366306312382221
1931	0.0096302954480052
1932	0.010151216760277748
1933	0.01089941430836916
1934	0.010301976464688778
1935	0.008253837004303932
1936	0.00840101670473814
1937	0.005813875701278448
1938	0.0075928219594061375
1939	0.009616301394999027
1940	0.00790584459900856
1941	0.008339574560523033
1942	0.004639769904315472
1943	0.0057026296854019165
1944	0.0068641058169305325
1945	0.007112655322998762
1946	0.0065701985731720924
1947	0.007204863708466291
1948	0.006965521723031998
1949	0.008091069757938385
1950	0.007544290274381638
1951	0.007025425788015127
1952	0.00809119176119566
1953	0.007733800448477268
1954	0.006851397454738617
1955	0.010532992891967297
1956	0.006258334964513779
1957	0.007867115549743176
1958	0.010264693759381771
1959	0.011121182702481747
1960	0.006523358169943094
1961	0.012525317259132862
1962	0.017576802521944046
1963	0.016770055517554283
1964	0.01096771564334631
1965	0.01668713055551052
1966	0.018768176436424255
1967	0.02059769444167614
1968	0.016198700293898582
1969	0.018139759078621864
1970	0.022717198356986046
1971	0.014569479040801525
1972	0.014505094848573208
1973	0.018345702439546585
1974	0.02053709700703621
1975	0.02053329348564148
1976	0.02188943885266781
1977	0.019758542999625206
1978	0.020760726183652878
1979	0.010397396050393581
1980	0.016192732378840446
1981	0.013902872800827026
1982	0.008158831857144833
1983	0.0068228840827941895
1984	0.009523832239210606
1985	0.010163160972297192
1986	0.007657070644199848
1987	0.011086116544902325
1988	0.010928228497505188
1989	0.008320148102939129
1990	0.009020926430821419
1991	0.00845834705978632
1992	0.008098555728793144
1993	0.00875320564955473
1994	0.007174588739871979
1995	0.008538826368749142
1996	0.008094352670013905
1997	0.008416919969022274
1998	0.00849215965718031
1999	0.007676008623093367
2000	0.008152134716510773
2001	0.007393401116132736
2002	0.005166058894246817
2003	0.007425458636134863
2004	0.005692297127097845
2005	0.005713526159524918
2006	0.0063568237237632275
2007	0.005409899167716503
2008	0.005567530170083046
2009	0.004427814390510321
2010	0.006495251785963774
2011	0.005354180466383696
2012	0.0044984701089560986
2013	0.005666795652359724
2014	0.0042863087728619576
2015	0.004320698790252209
2016	0.004670433234423399
2017	0.005099351517856121
2018	0.004795245360583067
2019	0.005684953648597002
2020	0.005645742639899254
2021	0.005562517326325178
2022	0.0063878679648041725
2023	0.007073064334690571
2024	0.006496043410152197
2025	0.006513780448585749
2026	0.00667201355099678
2027	0.007415843196213245
2028	0.007176196668297052
2029	0.009271837770938873
2030	0.0074805812910199165
2031	0.009713414125144482
2032	0.008546588942408562
2033	0.007777130696922541
2034	0.00795761402696371
2035	0.00902199000120163
2036	0.009740411303937435
2037	0.010630615055561066
2038	0.011014518328011036
2039	0.010517189279198647
2040	0.013387146405875683
2041	0.014548474922776222
2042	0.014351141639053822
2043	0.01269108708947897
2044	0.019780179485678673
2045	0.0192971620708704
2046	0.016229569911956787
2047	0.018219973891973495
2048	0.018406741321086884
2049	0.01871626265347004
2050	0.01779060997068882
2051	0.020393086597323418
2052	0.018116138875484467
2053	0.01909225434064865
2054	0.016412412747740746
2055	0.021442877128720284
2056	0.01568257249891758
2057	0.019536316394805908
2058	0.017833618447184563
2059	0.020222216844558716
2060	0.014097553677856922
2061	0.01619618944823742
2062	0.017551273107528687
2063	0.014006412588059902
2064	0.011672528460621834
2065	0.016043659299612045
2066	0.02067393623292446
2067	0.019812380895018578
2068	0.012106253765523434
2069	0.023247290402650833
2070	0.016303662210702896
2071	0.01902252808213234
2072	0.01389237679541111
2073	0.014526774175465107
2074	0.015214996412396431
2075	0.013661048375070095
2076	0.011658391915261745
2077	0.012047089636325836
2078	0.01410693395882845
2079	0.01435158308595419
2080	0.016129374504089355
2081	0.012765455059707165
2082	0.014631151221692562
2083	0.015186718665063381
2084	0.019351379945874214
2085	0.030583864077925682
2086	0.026196015998721123
2087	0.018183507025241852
2088	0.014132964424788952
2089	0.013694807887077332
2090	0.014049333520233631
2091	0.01729130744934082
2092	0.023391015827655792
2093	0.03263285383582115
2094	0.013827851973474026
2095	0.01691998355090618
2096	0.016600778326392174
2097	0.019969327375292778
2098	0.020327642560005188
2099	0.02129592001438141
2100	0.0157689917832613
2101	0.01996905915439129
2102	0.024090087041258812
2103	0.022141197696328163
2104	0.024667073041200638
2105	0.013004186563193798
2106	0.022133968770503998
2107	0.02532219886779785
2108	0.015254384838044643
2109	0.02992222271859646
2110	0.016066789627075195
2111	0.022195637226104736
2112	0.02015610784292221
2113	0.012633389793336391
2114	0.011902607046067715
2115	0.008104055188596249
2116	0.009573275223374367
2117	0.007671593222767115
2118	0.010218166746199131
2119	0.012366733513772488
2120	0.01002314779907465
2121	0.009544332511723042
2122	0.01246661227196455
2123	0.01667850650846958
2124	0.021658487617969513
2125	0.02095438912510872
2126	0.014801964163780212
2127	0.024145198985934258
2128	0.011662092059850693
2129	0.008738839998841286
2130	0.010223559103906155
2131	0.012459925375878811
2132	0.009112866595387459
2133	0.013977653346955776
2134	0.00948785338550806
2135	0.01046567689627409
2136	0.011804530397057533
2137	0.009656774811446667
2138	0.009771892800927162
2139	0.012060527689754963
2140	0.013622010126709938
2141	0.015154263935983181
2142	0.015600651502609253
2143	0.01829587109386921
2144	0.018253255635499954
2145	0.015349364839494228
2146	0.024066854268312454
2147	0.015244600363075733
2148	0.013468173332512379
2149	0.012971878051757812
2150	0.014748918823897839
2151	0.016338175162672997
2152	0.01133457850664854
2153	0.009968845173716545
2154	0.011343334801495075
2155	0.011648575775325298
2156	0.012236661277711391
2157	0.012592226266860962
2158	0.01168461050838232
2159	0.012594533152878284
2160	0.011783934198319912
2161	0.015407121740281582
2162	0.01690446399152279
2163	0.015511693432927132
2164	0.0138411745429039
2165	0.007754813879728317
2166	0.005357983056455851
2167	0.005344237666577101
2168	0.007551044225692749
2169	0.01125415600836277
2170	0.009453453123569489
2171	0.008594609797000885
2172	0.012674150057137012
2173	0.019591620191931725
2174	0.014138932339847088
2175	0.004940010141581297
2176	0.0043115513399243355
2177	0.006605334114283323
2178	0.008344628848135471
2179	0.007528867572546005
2180	0.010180037468671799
2181	0.006403923034667969
2182	0.006612260825932026
2183	0.010770219378173351
2184	0.012447405606508255
2185	0.012257752008736134
2186	0.010880484245717525
2187	0.01152238342911005
2188	0.007960900664329529
2189	0.010557601228356361
2190	0.008474527858197689
2191	0.006344103254377842
2192	0.009203515015542507
2193	0.011759348213672638
2194	0.007966771721839905
2195	0.007810284849256277
2196	0.01228171307593584
2197	0.015075469389557838
2198	0.01185466069728136
2199	0.010059928521513939
2200	0.012985254637897015
2201	0.010454517789185047
2202	0.012404139153659344
2203	0.011717083863914013
2204	0.008042225614190102
2205	0.006398941855877638
2206	0.004269995726644993
2207	0.0054450067691504955
2208	0.021430067718029022
2209	0.014390639029443264
2210	0.012936333194375038
2211	0.010427824221551418
2212	0.012331316247582436
2213	0.01317030843347311
2214	0.011691765859723091
2215	0.013145471923053265
2216	0.012776704505085945
2217	0.01359994150698185
2218	0.010940411128103733
2219	0.015952516347169876
2220	0.014989638701081276
2221	0.009430195204913616
2222	0.012416725046932697
2223	0.014116764068603516
2224	0.011407691985368729
2225	0.010159590281546116
2226	0.007898442447185516
2227	0.010036593303084373
2228	0.007851888425648212
2229	0.007917886599898338
2230	0.012302961200475693
2231	0.017263436689972878
2232	0.03385796770453453
2233	0.02016615867614746
2234	0.03235331177711487
2235	0.016393594443798065
2236	0.013703576289117336
2237	0.016574496403336525
2238	0.026661545038223267
2239	0.028323998674750328
2240	0.010562392883002758
2241	0.012433758936822414
2242	0.009876261465251446
2243	0.01401813980191946
2244	0.008679363876581192
2245	0.008644702844321728
2246	0.005803567357361317
2247	0.006755576469004154
2248	0.007050140295177698
2249	0.00803536269813776
2250	0.00802004523575306
2251	0.006708692759275436
2252	0.007594143506139517
2253	0.008380889892578125
2254	0.008013791404664516
2255	0.01144916471093893
2256	0.006116356234997511
2257	0.005749552510678768
2258	0.00477137416601181
2259	0.005120787303894758
2260	0.00529984338209033
2261	0.005593848414719105
2262	0.005265470128506422
2263	0.004659860860556364
2264	0.0036886518355458975
2265	0.0042616333812475204
2266	0.004264062736183405
2267	0.004227107390761375
2268	0.004756930749863386
2269	0.004177265800535679
2270	0.0040315622463822365
2271	0.004930935800075531
2272	0.004922963213175535
2273	0.0049514188431203365
2274	0.004687251523137093
2275	0.005003735423088074
2276	0.004848423879593611
2277	0.00413762591779232
2278	0.004581427667289972
2279	0.004974863957613707
2280	0.006327045615762472
2281	0.007515070028603077
2282	0.008368179202079773
2283	0.008094408549368382
2284	0.0077801854349672794
2285	0.009339448995888233
2286	0.009347225539386272
2287	0.008077961392700672
2288	0.007559984922409058
2289	0.0070182583294808865
2290	0.008604747243225574
2291	0.008608168922364712
2292	0.009368090890347958
2293	0.008809263817965984
2294	0.008907213807106018
2295	0.00808555819094181
2296	0.0076948972418904305
2297	0.009319005534052849
2298	0.009915913455188274
2299	0.008464462123811245
2300	0.01360003650188446
2301	0.015540534630417824
2302	0.012686771340668201
2303	0.01362969633191824
2304	0.01239130087196827
2305	0.011132406070828438
2306	0.014633732847869396
2307	0.017835551872849464
2308	0.016270441934466362
2309	0.017731431871652603
2310	0.019903449341654778
2311	0.016233963891863823
2312	0.0150561248883605
2313	0.0163884200155735
2314	0.019022008404135704
2315	0.012170994654297829
2316	0.012227538041770458
2317	0.016168463975191116
2318	0.017012877389788628
2319	0.015658659860491753
2320	0.015229932963848114
2321	0.013920766301453114
2322	0.01253686286509037
2323	0.011946914717555046
2324	0.01369189377874136
2325	0.012092666700482368
2326	0.012637550011277199
2327	0.012558944523334503
2328	0.010542863979935646
2329	0.012703279964625835
2330	0.012891423888504505
2331	0.012643607333302498
2332	0.010207838378846645
2333	0.011274846270680428
2334	0.012664410285651684
2335	0.014174717478454113
2336	0.01193122286349535
2337	0.011205132119357586
2338	0.01204331312328577
2339	0.006022502668201923
2340	0.006169682834297419
2341	0.008033624850213528
2342	0.009738047607243061
2343	0.009770367294549942
2344	0.012023558840155602
2345	0.0065000406466424465
2346	0.005425188224762678
2347	0.0067790294997394085
2348	0.003609471023082733
2349	0.005015495698899031
2350	0.0054985396564006805
2351	0.0068598538637161255
2352	0.004113778006285429
2353	0.004059865605086088
2354	0.006128858309239149
2355	0.010720296762883663
2356	0.013419239781796932
2357	0.011071114800870419
2358	0.011541403830051422
2359	0.007829579524695873
2360	0.006667973008006811
2361	0.006988737266510725
2362	0.006320943124592304
2363	0.012137055397033691
2364	0.007306730840355158
2365	0.007768361363559961
2366	0.007071793079376221
2367	0.008748061023652554
2368	0.022254927083849907
2369	0.02252109907567501
2370	0.020255520939826965
2371	0.02532426454126835
2372	0.02152743749320507
2373	0.015936270356178284
2374	0.016327472403645515
2375	0.013320132158696651
2376	0.01580832712352276
2377	0.018658623099327087
2378	0.01709628663957119
2379	0.015508584678173065
2380	0.010595879517495632
2381	0.012757954187691212
2382	0.015207073651254177
2383	0.011037374846637249
2384	0.006655782461166382
2385	0.008253226988017559
2386	0.008250181563198566
2387	0.006137330085039139
2388	0.004809118807315826
2389	0.004444007761776447
2390	0.0036936476826667786
2391	0.005292178597301245
2392	0.004189100582152605
2393	0.00442572170868516
2394	0.0055140964686870575
2395	0.006421179510653019
2396	0.005216784309595823
2397	0.006129544228315353
2398	0.006230328232049942
2399	0.006196575704962015
2400	0.004873787518590689
2401	0.005352870561182499
2402	0.00474545219913125
2403	0.003965800162404776
2404	0.004193667322397232
2405	0.004213304724544287
2406	0.004177459515631199
2407	0.004328304436057806
2408	0.004664131905883551
2409	0.004365783184766769
2410	0.0049094632267951965
2411	0.004338957369327545
2412	0.0048660594038665295
2413	0.004735886584967375
2414	0.004487939178943634
2415	0.004314115270972252
2416	0.004013544414192438
2417	0.004563446622341871
2418	0.004779504146426916
2419	0.004310356918722391
2420	0.004715665243566036
2421	0.004030759911984205
2422	0.004248906392604113
2423	0.0041384007781744
2424	0.00405359361320734
2425	0.00522278668358922
2426	0.004173641093075275
2427	0.0037302232813090086
2428	0.0032701611053198576
2429	0.0035243802703917027
2430	0.0031169578433036804
2431	0.0029429455753415823
2432	0.003936947323381901
2433	0.003547295229509473
2434	0.0031223127152770758
2435	0.004630598705261946
2436	0.005094831343740225
2437	0.004858152009546757
2438	0.004432194400578737
2439	0.003971999045461416
2440	0.0045726485550403595
2441	0.004160415381193161
2442	0.005324514117091894
2443	0.005332448054105043
2444	0.006342373322695494
2445	0.0059108189307153225
2446	0.004550765734165907
2447	0.004815475083887577
2448	0.005154566373676062
2449	0.005968103185296059
2450	0.0041173300705850124
2451	0.003960061818361282
2452	0.003520245896652341
2453	0.0040314956568181515
2454	0.0037354291416704655
2455	0.005095642060041428
2456	0.003999101929366589
2457	0.003942988347262144
2458	0.003507638117298484
2459	0.004420033190399408
2460	0.0050114830955863
2461	0.003998337313532829
2462	0.005050997715443373
2463	0.0056012896820902824
2464	0.005850291345268488
2465	0.00758392596617341
2466	0.006204571574926376
2467	0.006750716362148523
2468	0.006136910058557987
2469	0.00553837139159441
2470	0.004991833120584488
2471	0.004686626605689526
2472	0.005813600029796362
2473	0.004802268464118242
2474	0.004626683425158262
2475	0.0067411186173558235
2476	0.008284625597298145
2477	0.007056634407490492
2478	0.007204745896160603
2479	0.004944731015712023
2480	0.0070195808075368404
2481	0.007565617561340332
2482	0.0065138996578752995
2483	0.005752927623689175
2484	0.006245781201869249
2485	0.006073121912777424
2486	0.006158280652016401
2487	0.005225104745477438
2488	0.005032519344240427
2489	0.004857547581195831
2490	0.004832057747989893
2491	0.00479847053065896
2492	0.003668481484055519
2493	0.004379348363727331
2494	0.005414122249931097
2495	0.0055120233446359634
2496	0.006060445681214333
2497	0.008286175318062305
2498	0.006869831588119268
2499	0.006840232294052839
2500	0.006954126060009003
2501	0.006955644581466913
2502	0.00705815851688385
2503	0.00827384740114212
2504	0.007838564924895763
2505	0.009405501186847687
2506	0.007096178829669952
2507	0.006864320486783981
2508	0.006064239889383316
2509	0.006169277708977461
2510	0.005927718710154295
2511	0.005948605481535196
2512	0.005357346963137388
2513	0.005987899843603373
2514	0.006172203924506903
2515	0.009113720618188381
2516	0.007492288947105408
2517	0.008192162029445171
2518	0.00780907878652215
2519	0.009865161962807178
2520	0.006765364203602076
2521	0.007673468440771103
2522	0.008303478360176086
2523	0.007879423908889294
2524	0.008025924675166607
2525	0.008153568021953106
2526	0.01255965419113636
2527	0.015446960926055908
2528	0.027400344610214233
2529	0.017887655645608902
2530	0.020809104666113853
2531	0.02794755809009075
2532	0.06839054077863693
2533	0.06678871810436249
2534	0.02991289459168911
2535	0.035475365817546844
2536	0.03345830738544464
2537	0.04612431675195694
2538	0.04123508185148239
2539	0.030426329001784325
2540	0.097270667552948
2541	0.0710563138127327
2542	0.07252106815576553
2543	0.024588411673903465
2544	0.03190289065241814
2545	0.0491531677544117
2546	0.037601109594106674
2547	0.018961196765303612
2548	0.030202994123101234
2549	0.08586519211530685
2550	0.10278596729040146
2551	0.08455434441566467
2552	0.08527018874883652
2553	0.07462912052869797
2554	0.0688972994685173
2555	0.06469986587762833
2556	0.03217674419283867
2557	0.021971656009554863
2558	0.010617727413773537
2559	0.00969266053289175
2560	0.01056185457855463
2561	0.010994701646268368
2562	0.012732780538499355
2563	0.014813325367867947
2564	0.011573133058845997
2565	0.010671104304492474
2566	0.01132779847830534
2567	0.013195941224694252
2568	0.00951126404106617
2569	0.005724962800741196
2570	0.005553472321480513
2571	0.007659351918846369
2572	0.008813563734292984
2573	0.014242193661630154
2574	0.01132508646696806
2575	0.013289724476635456
2576	0.00797097384929657
2577	0.006713943090289831
2578	0.006594729609787464
2579	0.007150048855692148
2580	0.005240777041763067
2581	0.008574115112423897
2582	0.011711693368852139
2583	0.012712194584310055
2584	0.008938910439610481
2585	0.011371019296348095
2586	0.015944648534059525
2587	0.014423034153878689
2588	0.010360958985984325
2589	0.00957583636045456
2590	0.010054183192551136
2591	0.00731571763753891
2592	0.010761926881968975
2593	0.011265503242611885
2594	0.010104703716933727
2595	0.007414506282657385
2596	0.00483877956867218
2597	0.004917524755001068
2598	0.006811956409364939
2599	0.005579608026891947
2600	0.006635531783103943
2601	0.007116138469427824
2602	0.007951421663165092
2603	0.008998670615255833
2604	0.00814893189817667
2605	0.0099474573507905
2606	0.011139546521008015
2607	0.009406487457454205
2608	0.00981559045612812
2609	0.009554213844239712
2610	0.009419783018529415
2611	0.008012100122869015
2612	0.009201081469655037
2613	0.010300762951374054
2614	0.008822350762784481
2615	0.00898038037121296
2616	0.009813849814236164
2617	0.011035673320293427
2618	0.008768838830292225
2619	0.008731969632208347
2620	0.00669349730014801
2621	0.007455018348991871
2622	0.007315902505069971
2623	0.005009007174521685
2624	0.004805543925613165
2625	0.007003167178481817
2626	0.0061063701286911964
2627	0.006092249881476164
2628	0.005230768118053675
2629	0.007748541422188282
2630	0.005799673032015562
2631	0.005732250399887562
2632	0.005562212318181992
2633	0.005967285484075546
2634	0.005517574027180672
2635	0.005479485262185335
2636	0.0061164977960288525
2637	0.007857133634388447
2638	0.008251327089965343
2639	0.008136706426739693
2640	0.007928085513412952
2641	0.007966692559421062
2642	0.0057913619093596935
2643	0.004272004123777151
2644	0.004754549823701382
2645	0.00493481894955039
2646	0.0038143619894981384
2647	0.005321670323610306
2648	0.0050619603134691715
2649	0.006149346474558115
2650	0.004482998047024012
2651	0.0054883286356925964
2652	0.004119993653148413
2653	0.004243145231157541
2654	0.004101456608623266
2655	0.0047234236262738705
2656	0.005956831853836775
2657	0.00456644082441926
2658	0.0038977281656116247
2659	0.0042249844409525394
2660	0.005848155822604895
2661	0.004865627270191908
2662	0.0052080401219427586
2663	0.005496930796653032
2664	0.005902711767703295
2665	0.00538983941078186
2666	0.005014149006456137
2667	0.005875136237591505
2668	0.005426936782896519
2669	0.00494370749220252
2670	0.005191710777580738
2671	0.005439873784780502
2672	0.005672238301485777
2673	0.005806450732052326
2674	0.0050088465213775635
2675	0.004572680685669184
2676	0.00545342406257987
2677	0.005068378522992134
2678	0.005923124961555004
2679	0.006141069810837507
2680	0.005196372512727976
2681	0.005175945349037647
2682	0.00598137965425849
2683	0.00617675855755806
2684	0.006866942625492811
2685	0.0066775004379451275
2686	0.005828754976391792
2687	0.0074180299416184425
2688	0.005892499815672636
2689	0.006833829917013645
2690	0.005869301967322826
2691	0.005890797823667526
2692	0.006104454398155212
2693	0.006395118776708841
2694	0.007059283088892698
2695	0.008337763138115406
2696	0.006752967834472656
2697	0.010555137880146503
2698	0.008420870639383793
2699	0.01112296711653471
2700	0.009941374883055687
2701	0.009562849067151546
2702	0.010294399224221706
2703	0.012475201860070229
2704	0.015133398585021496
2705	0.015179081819951534
2706	0.015802565962076187
2707	0.015404527075588703
2708	0.021333131939172745
2709	0.0237625390291214
2710	0.027783924713730812
2711	0.018151044845581055
2712	0.01957925222814083
2713	0.0206295195966959
2714	0.025962261483073235
2715	0.02707076072692871
2716	0.025070620700716972
2717	0.0382927767932415
2718	0.08136072009801865
2719	0.11375132948160172
2720	0.03322320431470871
2721	0.032044537365436554
2722	0.04657898470759392
2723	0.04048911854624748
2724	0.05966676026582718
2725	0.03551412373781204
2726	0.05993087962269783
2727	0.04357101395726204
2728	0.027917513623833656
2729	0.01856004260480404
2730	0.012928396463394165
2731	0.0176145751029253
2732	0.015099984593689442
2733	0.02227460779249668
2734	0.026254717260599136
2735	0.022729147225618362
2736	0.018248779699206352
2737	0.031015247106552124
2738	0.03564127907156944
2739	0.055051691830158234
2740	0.03402421995997429
2741	0.09237813949584961
2742	0.026014132425189018
2743	0.04112802818417549
2744	0.030538180842995644
2745	0.049808841198682785
2746	0.027587685734033585
2747	0.03305625542998314
2748	0.08107142150402069
2749	0.04041387513279915
2750	0.0223448034375906
2751	0.03796173259615898
2752	0.037836380302906036
2753	0.02119147591292858
2754	0.04244454950094223
2755	0.029589777812361717
2756	0.017958341166377068
2757	0.022541068494319916
2758	0.013554957695305347
2759	0.017993276938796043
2760	0.014840749092400074
2761	0.023645568639039993
2762	0.017358632758259773
2763	0.016955522820353508
2764	0.01945602335035801
2765	0.021816447377204895
2766	0.030514342710375786
2767	0.029875630512833595
2768	0.0311362873762846
2769	0.01901206746697426
2770	0.012850025668740273
2771	0.011500854976475239
2772	0.011430066078901291
2773	0.009383496828377247
2774	0.010972500778734684
2775	0.009876028634607792
2776	0.00795050710439682
2777	0.009496246464550495
2778	0.009896383620798588
2779	0.00586754409596324
2780	0.005842875223606825
2781	0.005518363323062658
2782	0.010110055096447468
2783	0.00880440790206194
2784	0.007152566220611334
2785	0.005026503000408411
2786	0.006439602468162775
2787	0.007840468548238277
2788	0.004741308279335499
2789	0.005456036422401667
2790	0.013503290712833405
2791	0.017197025939822197
2792	0.017708715051412582
2793	0.0108313774690032
2794	0.01136766467243433
2795	0.009203305467963219
2796	0.01045889500528574
2797	0.010966573841869831
2798	0.01019285898655653
2799	0.010862360708415508
2800	0.012759136036038399
2801	0.012122376821935177
2802	0.015247342176735401
2803	0.009700203314423561
2804	0.00887798797339201
2805	0.009832176379859447
2806	0.013092182576656342
2807	0.014327979646623135
2808	0.013543486595153809
2809	0.012291069142520428
2810	0.012012249790132046
2811	0.012514694593846798
2812	0.011726945638656616
2813	0.016704991459846497
2814	0.01237514615058899
2815	0.01347285695374012
2816	0.014311316423118114
2817	0.01187958288937807
2818	0.012248413637280464
2819	0.013750630430877209
2820	0.010654482059180737
2821	0.0112594710662961
2822	0.009749137796461582
2823	0.012404595501720905
2824	0.011870536021888256
2825	0.010446391999721527
2826	0.013431444764137268
2827	0.011345955543220043
2828	0.010727489367127419
2829	0.011101755313575268
2830	0.010136030614376068
2831	0.01223782729357481
2832	0.013201089575886726
2833	0.014312396757304668
2834	0.013359405100345612
2835	0.013496092520654202
2836	0.01557161659002304
2837	0.014268769882619381
2838	0.016372261568903923
2839	0.017548002302646637
2840	0.013815613463521004
2841	0.02677292563021183
2842	0.019494516775012016
2843	0.014402112923562527
2844	0.010197731666266918
2845	0.01028843130916357
2846	0.011378924362361431
2847	0.011042416095733643
2848	0.008074206300079823
2849	0.014822348952293396
2850	0.010273518972098827
2851	0.004538821522146463
2852	0.004788649268448353
2853	0.004368866328150034
2854	0.005486260633915663
2855	0.010323009453713894
2856	0.005531099159270525
2857	0.008142988197505474
2858	0.01778523437678814
2859	0.011220659129321575
2860	0.010452035814523697
2861	0.005812318529933691
2862	0.009058397263288498
2863	0.0077578164637088776
2864	0.008553557097911835
2865	0.01183865126222372
2866	0.009868919849395752
2867	0.010795793496072292
2868	0.007497380021959543
2869	0.011424869298934937
2870	0.01304646860808134
2871	0.007825935259461403
2872	0.008665502071380615
2873	0.006651838775724173
2874	0.007897497154772282
2875	0.010914048179984093
2876	0.010295680724084377
2877	0.012250957079231739
2878	0.01221341174095869
2879	0.014685588888823986
2880	0.015344499610364437
2881	0.012026731856167316
2882	0.011179527267813683
2883	0.010841988027095795
2884	0.010651498101651669
2885	0.006982248276472092
2886	0.005183622241020203
2887	0.0037244241684675217
2888	0.003329301020130515
2889	0.003991242498159409
2890	0.0035749387461692095
2891	0.004288536962121725
2892	0.004869535099714994
2893	0.0034363181330263615
2894	0.0032686968334019184
2895	0.00463414192199707
2896	0.005183887667953968
2897	0.005195264704525471
2898	0.005346383433789015
2899	0.004389691166579723
2900	0.004808520432561636
2901	0.005774401128292084
2902	0.0042625186033546925
2903	0.004196132533252239
2904	0.003795814933255315
2905	0.00294678658246994
2906	0.0027218088507652283
2907	0.0028254417702555656
2908	0.0023476879578083754
2909	0.0037776343524456024
2910	0.003953638952225447
2911	0.005122622009366751
2912	0.005094234831631184
2913	0.006017452571541071
2914	0.006432744208723307
2915	0.008470320142805576
2916	0.007864040322601795
2917	0.0067264968529343605
2918	0.008704121224582195
2919	0.005817735102027655
2920	0.007894556038081646
2921	0.006866386625915766
2922	0.00785013660788536
2923	0.007735078688710928
2924	0.006523858290165663
2925	0.0077077047899365425
2926	0.007154040038585663
2927	0.006446170154958963
2928	0.007211570627987385
2929	0.005816636141389608
2930	0.005692219827324152
2931	0.005413511767983437
2932	0.005198742728680372
2933	0.006217838730663061
2934	0.006706719286739826
2935	0.005227359011769295
2936	0.005971354898065329
2937	0.005710251163691282
2938	0.0059835235588252544
2939	0.007192347198724747
2940	0.00611172104254365
2941	0.006994131486862898
2942	0.006603104528039694
2943	0.0051315478049218655
2944	0.006397738587111235
2945	0.006195591297000647
2946	0.0064124129712581635
2947	0.005110169295221567
2948	0.004907036665827036
2949	0.003933233674615622
2950	0.003611896885558963
2951	0.003918989095836878
2952	0.0035918939393013716
2953	0.004529616329818964
2954	0.004071129951626062
2955	0.00472578639164567
2956	0.004008659161627293
2957	0.004900405183434486
2958	0.004063941538333893
2959	0.003905266523361206
2960	0.0038740725722163916
2961	0.0061428300105035305
2962	0.006573772523552179
2963	0.00949032511562109
2964	0.006464993115514517
2965	0.010490082204341888
2966	0.01075154822319746
2967	0.009427868761122227
2968	0.009217965416610241
2969	0.008922538720071316
2970	0.00702006695792079
2971	0.008828939869999886
2972	0.007392268627882004
2973	0.008139056153595448
2974	0.00740434555336833
2975	0.008088801987469196
2976	0.00833720900118351
2977	0.006594193633645773
2978	0.008308758027851582
2979	0.006754938047379255
2980	0.014631045050919056
2981	0.08729525655508041
2982	0.23331640660762787
2983	0.2788715362548828
2984	0.16875870525836945
2985	0.27137643098831177
2986	0.2574528157711029
2987	0.3518837094306946
2988	0.1866481751203537
2989	0.41142597794532776
2990	0.31994739174842834
2991	0.31566986441612244
2992	0.17644988000392914
2993	0.029793936759233475
2994	0.04119224101305008
2995	0.045364391058683395
2996	0.06440000981092453
2997	0.2778523862361908
2998	0.5090524554252625
2999	0.5461120009422302
3000	0.4862092137336731
3001	0.4735298156738281
3002	0.17201168835163116
3003	0.1789436787366867
3004	0.2659144997596741
3005	0.2545483708381653
3006	0.2677747905254364
3007	0.32429584860801697
3008	0.32594940066337585
3009	0.487680584192276
3010	0.46578875184059143
3011	0.6132564544677734
3012	0.3620084822177887
3013	0.2939401865005493
3014	0.24852526187896729
3015	0.06505744159221649
3016	0.05147525295615196
3017	0.029505480080842972
3018	0.012612685561180115
3019	0.012975296936929226
3020	0.008968638256192207
3021	0.008096289820969105
3022	0.007370610721409321
3023	0.011582938022911549
3024	0.011162172071635723
3025	0.00743805943056941
3026	0.012687969021499157
3027	0.013289183378219604
3028	0.015009715221822262
3029	0.027825860306620598
3030	0.1637660562992096
3031	0.33607253432273865
3032	0.38587576150894165
3033	0.5308483242988586
3034	0.4370061457157135
3035	0.47986769676208496
3036	0.22619962692260742
3037	0.07925840467214584
3038	0.01216779462993145
3039	0.011861146427690983
3040	0.010691029019653797
3041	0.013807626441121101
3042	0.009842908941209316
3043	0.014130291528999805
3044	0.00885207299143076
3045	0.010689491406083107
3046	0.012542827986180782
3047	0.0118684321641922
3048	0.010349206626415253
3049	0.015444964170455933
3050	0.026386797428131104
3051	0.06707657873630524
3052	0.054674673825502396
3053	0.060320090502500534
3054	0.03222043067216873
3055	0.013326207175850868
3056	0.007425125688314438
3057	0.008730893954634666
3058	0.007069769781082869
3059	0.005008960608392954
3060	0.007415729109197855
3061	0.006494626402854919
3062	0.006309835705906153
3063	0.007796403951942921
3064	0.0055020395666360855
3065	0.005263095255941153
3066	0.004328690003603697
3067	0.004377944860607386
3068	0.005773973651230335
3069	0.009136566892266273
3070	0.009702285751700401
3071	0.005943336524069309
3072	0.008481606841087341
3073	0.007461025845259428
3074	0.006450728513300419
3075	0.006918265018612146
3076	0.008702021092176437
3077	0.007467757444828749
3078	0.007106503937393427
3079	0.007267992943525314
3080	0.005778681021183729
3081	0.004782475996762514
3082	0.005219551268965006
3083	0.008642645552754402
3084	0.005982138682156801
3085	0.006438264157623053
3086	0.006615133490413427
3087	0.005312537308782339
3088	0.0046475911512970924
3089	0.005530213937163353
3090	0.004717111121863127
3091	0.004967139568179846
3092	0.0048354314640164375
3093	0.004557712469249964
3094	0.005578705109655857
3095	0.005825759842991829
3096	0.0050944178365170956
3097	0.003992052283138037
3098	0.004411067347973585
3099	0.004485043231397867
3100	0.0037045299541205168
3101	0.005180438980460167
3102	0.0053970399312675
3103	0.004016337916254997
3104	0.005884460639208555
3105	0.006021200213581324
3106	0.005390005186200142
3107	0.004481066018342972
3108	0.004041989799588919
3109	0.0033684060908854008
3110	0.004530943464487791
3111	0.004506050609052181
3112	0.004400502424687147
3113	0.004569304175674915
3114	0.004763780627399683
3115	0.0056212530471384525
3116	0.005690678488463163
3117	0.00591597193852067
3118	0.006687895394861698
3119	0.007695154752582312
3120	0.008841601200401783
3121	0.00853074248880148
3122	0.007401123642921448
3123	0.00899537093937397
3124	0.008475440554320812
3125	0.008685668930411339
3126	0.008709910325706005
3127	0.009483054280281067
3128	0.008980265818536282
3129	0.007937091402709484
3130	0.008127736859023571
3131	0.007282330188900232
3132	0.006354011595249176
3133	0.008341262117028236
3134	0.009643360041081905
3135	0.008238355629146099
3136	0.010702230967581272
3137	0.009150887839496136
3138	0.008754654787480831
3139	0.009516600519418716
3140	0.010739934630692005
3141	0.013777381740510464
3142	0.014003023505210876
3143	0.01639394275844097
3144	0.013430478051304817
3145	0.012908724136650562
3146	0.017293421551585197
3147	0.013432206586003304
3148	0.01717766933143139
3149	0.013590526767075062
3150	0.015672078356146812
3151	0.01203071977943182
3152	0.013369902968406677
3153	0.012773235328495502
3154	0.013746211305260658
3155	0.01271570660173893
3156	0.014224370010197163
3157	0.013602077960968018
3158	0.014859813265502453
3159	0.017067471519112587
3160	0.022871173918247223
3161	0.02124163694679737
3162	0.01767299510538578
3163	0.020314881578087807
3164	0.018161870539188385
3165	0.02133716642856598
3166	0.015184963122010231
3167	0.014794721268117428
3168	0.014553114771842957
3169	0.01320693176239729
3170	0.012016397900879383
3171	0.019045354798436165
3172	0.013385036960244179
3173	0.020333746448159218
3174	0.01781451888382435
3175	0.013282542116940022
3176	0.019325973466038704
3177	0.024693364277482033
3178	0.046617090702056885
3179	0.03359030559659004
3180	0.03215370699763298
3181	0.014348955824971199
3182	0.013282609172165394
3183	0.012219928205013275
3184	0.008264397270977497
3185	0.010269997641444206
3186	0.010456608608365059
3187	0.011051167733967304
3188	0.008395601995289326
3189	0.0087660513818264
3190	0.010078481398522854
3191	0.015099785290658474
3192	0.01273493655025959
3193	0.018735630437731743
3194	0.012347232550382614
3195	0.012376274913549423
3196	0.009016776457428932
3197	0.01084881741553545
3198	0.010544347576797009
3199	0.012083078734576702
3200	0.019294260069727898
3201	0.014590385369956493
3202	0.009350555017590523
3203	0.012801587581634521
3204	0.01177066657692194
3205	0.01586035080254078
3206	0.011540251784026623
3207	0.010136585682630539
3208	0.009620911441743374
3209	0.011920944787561893
3210	0.01004766020923853
3211	0.011898529715836048
3212	0.011760430410504341
3213	0.01645084284245968
3214	0.019225355237722397
3215	0.046009838581085205
3216	0.024478120729327202
3217	0.025029463693499565
3218	0.015004396438598633
3219	0.006705363281071186
3220	0.006157335359603167
3221	0.008192474953830242
3222	0.010022128000855446
3223	0.006796323694288731
3224	0.006203123833984137
3225	0.007085036486387253
3226	0.005648581776767969
3227	0.00895940512418747
3228	0.007728672120720148
3229	0.00720452843233943
3230	0.00938089657574892
3231	0.010907407850027084
3232	0.018147751688957214
3233	0.008558186702430248
3234	0.007878989912569523
3235	0.011531198397278786
3236	0.02050795964896679
3237	0.011381327174603939
3238	0.012157104909420013
3239	0.012679572217166424
3240	0.011431845836341381
3241	0.02191161923110485
3242	0.016778787598013878
3243	0.011785104870796204
3244	0.015870779752731323
3245	0.012545582838356495
3246	0.017964240163564682
3247	0.010707623325288296
3248	0.010505720973014832
3249	0.007717826869338751
3250	0.007541391998529434
3251	0.007797870319336653
3252	0.006477035582065582
3253	0.009980070404708385
3254	0.007566231768578291
3255	0.01116046030074358
3256	0.009226649068295956
3257	0.010017446242272854
3258	0.009595496580004692
3259	0.011831692419946194
3260	0.007733743172138929
3261	0.01054286491125822
3262	0.008203639648854733
3263	0.009279786609113216
3264	0.012119709514081478
3265	0.010896841995418072
3266	0.010522663593292236
3267	0.0118558993563056
3268	0.0074416822753846645
3269	0.008722223341464996
3270	0.012130565010011196
3271	0.015269379131495953
3272	0.010218932293355465
3273	0.009529727511107922
3274	0.010429322719573975
3275	0.014101455919444561
3276	0.010412156581878662
3277	0.010885939933359623
3278	0.011005489155650139
3279	0.011523516848683357
3280	0.010672615841031075
3281	0.011276925913989544
3282	0.012360076420009136
3283	0.01465860940515995
3284	0.011457244865596294
3285	0.012005443684756756
3286	0.010515890084207058
3287	0.014265022240579128
3288	0.011073772795498371
3289	0.008939938619732857
3290	0.007364524994045496
3291	0.009593005292117596
3292	0.010332583449780941
3293	0.011684033088386059
3294	0.009145637974143028
3295	0.008808200247585773
3296	0.010301283560693264
3297	0.011794506572186947
3298	0.015665961429476738
3299	0.011312903836369514
3300	0.007181487511843443
3301	0.011896363459527493
3302	0.010201903060078621
3303	0.024135297164320946
3304	0.02945234812796116
3305	0.02038620412349701
3306	0.0160448607057333
3307	0.026319777593016624
3308	0.03318570926785469
3309	0.0594700463116169
3310	0.03183587267994881
3311	0.03402290493249893
3312	0.024898746982216835
3313	0.018120024353265762
3314	0.026315981522202492
3315	0.020108573138713837
3316	0.01720668189227581
3317	0.010583214461803436
3318	0.007819498889148235
3319	0.008251170627772808
3320	0.008185779675841331
3321	0.00879055354744196
3322	0.009344520978629589
3323	0.00949803926050663
3324	0.0061875940300524235
3325	0.005777094513177872
3326	0.006328182760626078
3327	0.007299038115888834
3328	0.010420508682727814
3329	0.010573595762252808
3330	0.012204388156533241
3331	0.009199677035212517
3332	0.010639643296599388
3333	0.010634307749569416
3334	0.008847343735396862
3335	0.009947567246854305
3336	0.009875938296318054
3337	0.00980427023023367
3338	0.008908200077712536
3339	0.00933583453297615
3340	0.008160045370459557
3341	0.012166357599198818
3342	0.009069853462278843
3343	0.01117042638361454
3344	0.007276866585016251
3345	0.010620447807013988
3346	0.010175436735153198
3347	0.013117127120494843
3348	0.013163660652935505
3349	0.012963834218680859
3350	0.013515116646885872
3351	0.014144989661872387
3352	0.01346155721694231
3353	0.013203552924096584
3354	0.009597595781087875
3355	0.014434960670769215
3356	0.018111392855644226
3357	0.011609474197030067
3358	0.016627544537186623
3359	0.014608400873839855
3360	0.014474905095994473
3361	0.014194400981068611
3362	0.01320051308721304
3363	0.01325485110282898
3364	0.011095396243035793
3365	0.016385577619075775
3366	0.013040554709732533
3367	0.012393203563988209
3368	0.013866379857063293
3369	0.009294216521084309
3370	0.00875765085220337
3371	0.011487176641821861
3372	0.011044583283364773
3373	0.014285613782703876
3374	0.008993501774966717
3375	0.008166170679032803
3376	0.00651706475764513
3377	0.005725144874304533
3378	0.0045370133593678474
3379	0.005843236576765776
3380	0.005617789924144745
3381	0.005965597461909056
3382	0.006012705620378256
3383	0.005112100392580032
3384	0.0062587084248661995
3385	0.004861685913056135
3386	0.00520497327670455
3387	0.0053161559626460075
3388	0.0050837635062634945
3389	0.003899676725268364
3390	0.005078759975731373
3391	0.00480177765712142
3392	0.005595584399998188
3393	0.0047323452308773994
3394	0.0054458254016935825
3395	0.005495912861078978
3396	0.005083625670522451
3397	0.004328064154833555
3398	0.0049170576967298985
3399	0.004714733920991421
3400	0.0037147861439734697
3401	0.003844453487545252
3402	0.004729227628558874
3403	0.004114223178476095
3404	0.00451597711071372
3405	0.006619695574045181
3406	0.0051887864246964455
3407	0.005425406154245138
3408	0.0046914685517549515
3409	0.00502043915912509
3410	0.004885707516223192
3411	0.00589109817519784
3412	0.005277759861201048
3413	0.004519301932305098
3414	0.004620650317519903
3415	0.004004390444606543
3416	0.0038025439716875553
3417	0.004419425968080759
3418	0.004553109407424927
3419	0.007185814436525106
3420	0.0054288520477712154
3421	0.005983648356050253
3422	0.008056352846324444
3423	0.008121547289192677
3424	0.007308395113795996
3425	0.008512968197464943
3426	0.008242255076766014
3427	0.009916841052472591
3428	0.008548298850655556
3429	0.009539655409753323
3430	0.008069227449595928
3431	0.010091899894177914
3432	0.008008826524019241
3433	0.008076384663581848
3434	0.008258882910013199
3435	0.008275048807263374
3436	0.009056206792593002
3437	0.011339525692164898
3438	0.010375472716987133
3439	0.01092856377363205
3440	0.009547180496156216
3441	0.009755204431712627
3442	0.010178807191550732
3443	0.010842744261026382
3444	0.011711763218045235
3445	0.008994975127279758
3446	0.01147394347935915
3447	0.011703438125550747
3448	0.01037535909563303
3449	0.013847355730831623
3450	0.013457976281642914
3451	0.01844376139342785
3452	0.017845038324594498
3453	0.12643344700336456
3454	0.2843884229660034
3455	0.23957596719264984
3456	0.382703572511673
3457	0.4084528386592865
3458	0.2712204158306122
3459	0.11608888953924179
3460	0.017675472423434258
3461	0.02474021352827549
3462	0.0195793267339468
3463	0.014294934459030628
3464	0.01475892961025238
3465	0.10842332988977432
3466	0.1273903250694275
3467	0.2263384610414505
3468	0.24039292335510254
3469	0.29255422949790955
3470	0.37566491961479187
3471	0.30829355120658875
3472	0.28376007080078125
3473	0.28444620966911316
3474	0.32200342416763306
3475	0.23419880867004395
3476	0.2685684263706207
3477	0.15806154906749725
3478	0.2867489457130432
3479	0.10504510253667831
3480	0.04293961450457573
3481	0.11840963363647461
3482	0.16285443305969238
3483	0.2014329731464386
3484	0.17266111075878143
3485	0.12863604724407196
3486	0.2220064401626587
3487	0.076820008456707
3488	0.13196435570716858
3489	0.058251697570085526
3490	0.05119269713759422
3491	0.06399669498205185
3492	0.048651691526174545
3493	0.03861946985125542
3494	0.03195912018418312
3495	0.04838014021515846
3496	0.05959458276629448
3497	0.04088152199983597
3498	0.08732949942350388
3499	0.18964383006095886
3500	0.30081674456596375
3501	0.3491284251213074
3502	0.34163981676101685
3503	0.28344234824180603
3504	0.28863510489463806
3505	0.444040983915329
3506	0.4986392557621002
3507	0.44542399048805237
3508	0.3087364137172699
3509	0.4952526092529297
3510	0.4154437184333801
3511	0.40069445967674255
3512	0.41224369406700134
3513	0.31315454840660095
3514	0.33244165778160095
3515	0.4175330102443695
3516	0.5682442784309387
3517	0.30754560232162476
3518	0.6007139682769775
3519	0.6514590382575989
3520	0.3973787724971771
3521	0.3816024661064148
3522	0.5314258933067322
3523	0.35758551955223083
3524	0.3689703941345215
3525	0.4856128692626953
3526	0.4965565800666809
3527	0.3960925042629242
3528	0.20490002632141113
3529	0.13586559891700745
3530	0.2513794004917145
3531	0.4089634418487549
3532	0.44078493118286133
3533	0.49121448397636414
3534	0.5917298793792725
3535	0.6853052973747253
3536	0.6543437838554382
3537	0.5221322178840637
3538	0.5494990348815918
3539	0.46996980905532837
3540	0.4579623341560364
3541	0.3726470172405243
3542	0.14113597571849823
3543	0.4140487611293793
3544	0.13743041455745697
3545	0.08982507884502411
3546	0.2733108699321747
3547	0.4886120855808258
3548	0.6677349209785461
3549	0.5966240763664246
3550	0.28862684965133667
3551	0.4791719615459442
3552	0.4333980977535248
3553	0.5439655184745789
3554	0.607394814491272
3555	0.6111776828765869
3556	0.5769476294517517
3557	0.5201266407966614
3558	0.3276704251766205
3559	0.17500750720500946
3560	0.23108775913715363
3561	0.18194226920604706
3562	0.20605802536010742
3563	0.05108294636011124
3564	0.03747088834643364
3565	0.023091383278369904
3566	0.02111944369971752
3567	0.015745097771286964
3568	0.010105924680829048
3569	0.012747744098305702
3570	0.011599496006965637
3571	0.011466060765087605
3572	0.009187872521579266
3573	0.01171011384576559
3574	0.01402774453163147
3575	0.01442442275583744
3576	0.010837659239768982
3577	0.015973489731550217
3578	0.015507121570408344
3579	0.014255234971642494
3580	0.011895100586116314
3581	0.01272142119705677
3582	0.014115299098193645
3583	0.014546475373208523
3584	0.01378179807215929
3585	0.012056897394359112
3586	0.010347085073590279
3587	0.012840719893574715
3588	0.17008665204048157
3589	0.16401565074920654
