frame	prob
0	0.0040419502183794975
1	0.004559916909784079
2	0.006214765831828117
3	0.006696655880659819
4	0.005201453808695078
5	0.0061765993013978004
6	0.0047637526877224445
7	0.00491082388907671
8	0.004391128662973642
9	0.005394937936216593
10	0.0068180011585354805
11	0.008253993466496468
12	0.008258890360593796
13	0.007579122669994831
14	0.0069932639598846436
15	0.007235926575958729
16	0.009026911109685898
17	0.0077079907059669495
18	0.006664562504738569
19	0.00625518849119544
20	0.00750946719199419
21	0.00786786898970604
22	0.008300441317260265
23	0.006833989173173904
24	0.01072694081813097
25	0.010360544547438622
26	0.012350575998425484
27	0.014360408298671246
28	0.013619444333016872
29	0.025191251188516617
30	0.02511686086654663
31	0.0477169044315815
32	0.046664055436849594
33	0.13799245655536652
34	0.08526664227247238
35	0.10039752721786499
36	0.1436511129140854
37	0.15189699828624725
38	0.28887826204299927
39	0.48562559485435486
40	0.257921427488327
41	0.3028254210948944
42	0.40656185150146484
43	0.363329142332077
44	0.28816166520118713
45	0.3606848418712616
46	0.2312610149383545
47	0.6034484505653381
48	0.3945463299751282
49	0.6471776962280273
50	0.555881679058075
51	0.5784456133842468
52	0.4378981292247772
53	0.6879677176475525
54	0.5301322340965271
55	0.7758182883262634
56	0.6645408272743225
57	0.7986648678779602
58	0.7742728590965271
59	0.9139860272407532
60	0.7108738422393799
61	0.884787380695343
62	0.1806975156068802
63	0.7758742570877075
64	0.7352094054222107
65	0.8194252848625183
66	0.7355592846870422
67	0.5920063257217407
68	0.7353477478027344
69	0.782277524471283
70	0.8926483988761902
71	0.7220392227172852
72	0.9276031851768494
73	0.8035585284233093
74	0.7514380216598511
75	0.8235050439834595
76	0.8155272603034973
77	0.8452750444412231
78	0.7783534526824951
79	0.9072253108024597
80	0.8102680444717407
81	0.8508702516555786
82	0.7361961603164673
83	0.7415544390678406
84	0.6526160836219788
85	0.7826991081237793
86	0.7682096362113953
87	0.7805808186531067
88	0.6241674423217773
89	0.8346298336982727
90	0.7801613211631775
91	0.8429729342460632
92	0.85834139585495
93	0.924530029296875
94	0.8956108093261719
95	0.8902377486228943
96	0.8905130624771118
97	0.8821828961372375
98	0.8823385238647461
99	0.8332857489585876
100	0.8316089510917664
101	0.8867226839065552
102	0.9140323996543884
103	0.8036080598831177
104	0.8832464218139648
105	0.8541000485420227
106	0.839553952217102
107	0.7968112826347351
108	0.8284627199172974
109	0.8170434832572937
110	0.8852987289428711
111	0.900543212890625
112	0.8168264627456665
113	0.9043655395507812
114	0.8839606642723083
115	0.9032679796218872
116	0.9508752226829529
117	0.9730493426322937
118	0.8916515707969666
119	0.9333152174949646
120	0.8489503860473633
121	0.891329288482666
122	0.877417266368866
123	0.8324152231216431
124	0.8418020606040955
125	0.8858410120010376
126	0.47932320833206177
127	0.2513901889324188
128	0.5071345567703247
129	0.3409687578678131
130	0.14788810908794403
131	0.04907457157969475
132	0.21808969974517822
133	0.8330053687095642
134	0.872288703918457
135	0.9020403027534485
136	0.7540249824523926
137	0.776176929473877
138	0.6853404641151428
139	0.6003180742263794
140	0.7750266194343567
141	0.6886787414550781
142	0.8035375475883484
143	0.909953773021698
144	0.7625251412391663
145	0.8398033976554871
146	0.8630874752998352
147	0.8904014825820923
148	0.8940867781639099
149	0.8558242917060852
150	0.8512590527534485
151	0.9553167223930359
152	0.8413707613945007
153	0.8845918774604797
154	0.8847058415412903
155	0.9237920641899109
156	0.8741495013237
157	0.8036993145942688
158	0.8474066853523254
159	0.8311118483543396
160	0.787804126739502
161	0.8201101422309875
162	0.7841750979423523
163	0.7581110000610352
164	0.7530542612075806
165	0.8021348118782043
166	0.8262519836425781
167	0.762276828289032
168	0.7401533722877502
169	0.7791061401367188
170	0.7289118766784668
171	0.877210795879364
172	0.6827555894851685
173	0.8069996237754822
174	0.7825674414634705
175	0.8523403406143188
176	0.8924036026000977
177	0.8331118822097778
178	0.7620686888694763
179	0.8305835723876953
180	0.7241882681846619
181	0.6942211985588074
182	0.8354105949401855
183	0.8722753524780273
184	0.8842029571533203
185	0.8983637690544128
186	0.8221872448921204
187	0.8696389198303223
188	0.8692263960838318
189	0.9411760568618774
190	0.8426777720451355
191	0.9228078722953796
192	0.7802673578262329
193	0.6870392560958862
194	0.11279342323541641
195	0.2223861664533615
196	0.013689723797142506
197	0.0098561467602849
198	0.008715375326573849
199	0.00898254569619894
200	0.005766719114035368
201	0.007286929991096258
202	0.006572499871253967
203	0.006555263884365559
204	0.00685425428673625
205	0.00830585416406393
206	0.008434764109551907
207	0.005684912204742432
208	0.007387732155621052
209	0.008548001758754253
210	0.00865444540977478
211	0.006020290311425924
212	0.005473127122968435
213	0.006152354180812836
214	0.006745886988937855
215	0.007458499167114496
216	0.006184882018715143
217	0.006323091685771942
218	0.006240077316761017
219	0.007000533398240805
220	0.007107506971806288
221	0.006429245229810476
222	0.006777029484510422
223	0.004694866482168436
224	0.0061973570846021175
225	0.006950847804546356
226	0.008266354911029339
227	0.006872912403196096
228	0.0067124143242836
229	0.00735218683257699
230	0.006389913149178028
231	0.004928089212626219
232	0.004513338208198547
233	0.0059062158688902855
234	0.005094117019325495
235	0.005223563406616449
236	0.004426439758390188
237	0.005341504700481892
238	0.005590404849499464
239	0.005574656184762716
240	0.006137094926089048
241	0.009266617707908154
242	0.006122799124568701
243	0.006930091883987188
244	0.006003531627357006
245	0.007054903544485569
246	0.007063108962029219
247	0.006441149394959211
248	0.008425670675933361
249	0.006645725108683109
250	0.007722489535808563
251	0.0063847932033240795
252	0.006662809289991856
253	0.006500765681266785
254	0.005137730855494738
255	0.0040117911994457245
256	0.004221380688250065
257	0.004444300662726164
258	0.004420341458171606
259	0.003922115545719862
260	0.004292935132980347
261	0.003719085594639182
262	0.004323258064687252
263	0.005018311087042093
264	0.0055591450072824955
265	0.005666767247021198
266	0.00630033016204834
267	0.005690969061106443
268	0.0065777297131717205
269	0.00602139625698328
270	0.007255513221025467
271	0.0057968576438724995
272	0.006463645491749048
273	0.007044540252536535
274	0.006127862725406885
275	0.005632876884192228
276	0.006304307375103235
277	0.006846483331173658
278	0.006412880029529333
279	0.007539588958024979
280	0.00770100811496377
281	0.005253098905086517
282	0.005231089890003204
283	0.005796835292130709
284	0.006389477290213108
285	0.005837948527187109
286	0.006175126880407333
287	0.005022543948143721
288	0.005370479077100754
289	0.005301502533257008
290	0.004798301495611668
291	0.00481837335973978
292	0.005886751227080822
293	0.004077266901731491
294	0.004259464796632528
295	0.005086131393909454
296	0.006220405455678701
297	0.0049539185129106045
298	0.005863742437213659
299	0.012725427746772766
300	0.009940475225448608
301	0.063423752784729
302	0.033962685614824295
303	0.04073173552751541
304	0.0197339728474617
305	0.022249771282076836
306	0.009135592728853226
307	0.0073233842849731445
308	0.00863851048052311
309	0.010458272881805897
310	0.011103793978691101
311	0.015899986028671265
312	0.012206909246742725
313	0.010388693772256374
314	0.010508530773222446
315	0.01198497973382473
316	0.011270609684288502
317	0.010601404123008251
318	0.01354259718209505
319	0.01186683401465416
320	0.018186766654253006
321	0.03323155269026756
322	0.010625218041241169
323	0.02366654947400093
324	0.023868456482887268
325	0.024757282808423042
326	0.016686027869582176
327	0.008753289468586445
328	0.008465229533612728
329	0.007654045708477497
330	0.007492876145988703
331	0.007586731109768152
332	0.006268993020057678
333	0.006585837807506323
334	0.006978008430451155
335	0.0076878429390490055
336	0.007151460740715265
337	0.006341127213090658
338	0.005482206586748362
339	0.005777162499725819
340	0.005908466875553131
341	0.006038566119968891
342	0.006302402820438147
343	0.005860981531441212
344	0.006291150581091642
345	0.005828469526022673
346	0.005816071759909391
347	0.006212202366441488
348	0.006272495724260807
349	0.006746544968336821
350	0.008706673048436642
351	0.011069687083363533
352	0.04395463690161705
353	0.06392187625169754
354	0.21662843227386475
355	0.6137768030166626
356	0.49187350273132324
357	0.6510795950889587
358	0.3031321167945862
359	0.42740699648857117
360	0.25108852982521057
361	0.13788963854312897
362	0.2036120742559433
363	0.17099034786224365
364	0.44323500990867615
365	0.3046247661113739
366	0.48164722323417664
367	0.607985258102417
368	0.7641137838363647
369	0.6218296885490417
370	0.3399825990200043
371	0.6485744714736938
372	0.426641047000885
373	0.7933418154716492
374	0.701256513595581
375	0.8350601196289062
376	0.8172565698623657
377	0.6919207572937012
378	0.7855927348136902
379	0.7916423082351685
380	0.7740236520767212
381	0.8230054974555969
382	0.6533047556877136
383	0.7030932307243347
384	0.4409237802028656
385	0.7536411881446838
386	0.7613973021507263
387	0.7743560671806335
388	0.5964312553405762
389	0.5733492970466614
390	0.6480695009231567
391	0.7705044150352478
392	0.6134206652641296
393	0.6458767056465149
394	0.6519793272018433
395	0.5659279823303223
396	0.3812600374221802
397	0.4945542514324188
398	0.39142298698425293
399	0.6414454579353333
400	0.5495386123657227
401	0.7294815182685852
402	0.7639588713645935
403	0.7146402597427368
404	0.5398754477500916
405	0.7539429068565369
406	0.6668422818183899
407	0.439932644367218
408	0.49383941292762756
409	0.6440288424491882
410	0.7827414870262146
411	0.6584960222244263
412	0.6686705350875854
413	0.6647675037384033
414	0.5459139347076416
415	0.19731728732585907
416	0.013928517699241638
417	0.009107728488743305
418	0.00729133328422904
419	0.01019328273832798
420	0.010646379552781582
421	0.009784976951777935
422	0.00996041763573885
423	0.012487100437283516
424	0.01496970560401678
425	0.023427829146385193
426	0.0211875569075346
427	0.02661590650677681
428	0.022173281759023666
429	0.01863519288599491
430	0.019585328176617622
431	0.021234702318906784
432	0.020875003188848495
433	0.02430504932999611
434	0.026706630364060402
435	0.020417464897036552
436	0.020822657272219658
437	0.01789538376033306
438	0.014227166771888733
439	0.01604771614074707
440	0.01659715734422207
441	0.017531180754303932
442	0.011400925926864147
443	0.012228995561599731
444	0.01011642999947071
445	0.00812916737049818
446	0.006505973637104034
447	0.007604540791362524
448	0.007004608865827322
449	0.010020139627158642
450	0.009640979580581188
451	0.006259620189666748
452	0.007133756764233112
453	0.007577018346637487
454	0.009141807444393635
455	0.009745927527546883
456	0.009582913480699062
457	0.011986496858298779
458	0.010238624177873135
459	0.007082998286932707
460	0.00826776772737503
461	0.008248203434050083
462	0.007489727344363928
463	0.008765743114054203
464	0.007954261265695095
465	0.009062978439033031
466	0.009150870144367218
467	0.007064912002533674
468	0.0067161740735173225
469	0.007177308201789856
470	0.005950662307441235
471	0.006397967226803303
472	0.008192694745957851
473	0.005632308777421713
474	0.0057196710258722305
475	0.005471568554639816
476	0.006681765895336866
477	0.005913522094488144
478	0.006915069650858641
479	0.018896019086241722
480	0.008043612353503704
481	0.005697152111679316
482	0.0064657749608159065
483	0.009762562811374664
484	0.01056052464991808
485	0.016916349530220032
486	0.03530207276344299
487	0.033615317195653915
488	0.04044194519519806
489	0.08768070489168167
490	0.11366832256317139
491	0.20808584988117218
492	0.17045313119888306
493	0.20230992138385773
494	0.05931192636489868
495	0.22493837773799896
496	0.28045329451560974
497	0.5501804351806641
498	0.40882211923599243
499	0.5976855158805847
500	0.4719885289669037
501	0.4830962121486664
502	0.6071917414665222
503	0.7263310551643372
504	0.692203938961029
505	0.6501087546348572
506	0.5101425051689148
507	0.7171053290367126
508	0.5875660181045532
509	0.4801936745643616
510	0.7008004188537598
511	0.5490445494651794
512	0.6562957763671875
513	0.7399498820304871
514	0.6433591246604919
515	0.8156504034996033
516	0.8324975967407227
517	0.9128265380859375
518	0.9319238662719727
519	0.925515353679657
520	0.7733075022697449
521	0.9400455355644226
522	0.9417582750320435
523	0.9302173852920532
524	0.8683868646621704
525	0.8862271308898926
526	0.8318970799446106
527	0.9701118469238281
528	0.8941710591316223
529	0.8731023073196411
530	0.8469371199607849
531	0.8666650652885437
532	0.7968235015869141
533	0.8905618786811829
534	0.842925488948822
535	0.9178078770637512
536	0.8571993112564087
537	0.825461208820343
538	0.8598431944847107
539	0.9155755043029785
540	0.6176851987838745
541	0.7177209258079529
542	0.7227737307548523
543	0.5715932846069336
544	0.44205227494239807
545	0.6440739035606384
546	0.7973225116729736
547	0.9327512979507446
548	0.9346746802330017
549	0.8803629875183105
550	0.867947518825531
551	0.8342391848564148
552	0.8201791644096375
553	0.7133882641792297
554	0.7284201979637146
555	0.3443506062030792
556	0.056326281279325485
557	0.027380114421248436
558	0.009450379759073257
559	0.0077460529282689095
560	0.007337022572755814
561	0.010024788789451122
562	0.011455247178673744
563	0.009695077314972878
564	0.007144521921873093
565	0.00877907034009695
566	0.008935297839343548
567	0.010916942730545998
568	0.007260364945977926
569	0.008454776369035244
570	0.009236854501068592
571	0.009044884704053402
572	0.007480714004486799
573	0.008365300484001637
574	0.011428385972976685
575	0.010350468568503857
576	0.009256712161004543
577	0.0079477084800601
578	0.007123254239559174
579	0.009128612466156483
580	0.009494843892753124
581	0.010089324787259102
582	0.009214243851602077
583	0.008413346484303474
584	0.008782549761235714
585	0.007857375778257847
586	0.009442879818379879
587	0.009383954107761383
588	0.008863604627549648
589	0.008330190554261208
590	0.007680614944547415
591	0.008441226556897163
592	0.00703299418091774
593	0.00862838327884674
594	0.006350211799144745
595	0.006685332860797644
596	0.004348201211541891
597	0.00531339505687356
598	0.005776930600404739
599	0.007333043497055769
600	0.006929806899279356
601	0.008293007500469685
602	0.008625802583992481
603	0.009203217923641205
604	0.00486273318529129
605	0.005448235664516687
606	0.005314353853464127
607	0.007391420193016529
608	0.006388434674590826
609	0.008661012165248394
610	0.006079403683543205
611	0.0059907264076173306
612	0.006354195065796375
613	0.0056977467611432076
614	0.007136492524296045
615	0.006291975267231464
616	0.004569109063595533
617	0.005205806344747543
618	0.00543240224942565
619	0.007158815395087004
620	0.009940429590642452
621	0.005720434244722128
622	0.006919873412698507
623	0.010200454853475094
624	0.011286171153187752
625	0.00838393159210682
626	0.007052995264530182
627	0.006601977627724409
628	0.0068400404416024685
629	0.008896219544112682
630	0.007956677116453648
631	0.011267833411693573
632	0.011330598033964634
633	0.007955777458846569
634	0.010129622183740139
635	0.0222151055932045
636	0.05979834124445915
637	0.05356106907129288
638	0.007682820316404104
639	0.008958875201642513
640	0.007664998061954975
641	0.008610628545284271
642	0.006318575236946344
643	0.01158589031547308
644	0.01551821082830429
645	0.019686341285705566
646	0.027024567127227783
647	0.017942985519766808
648	0.018954603001475334
649	0.028128905221819878
650	0.046371590346097946
651	0.037631403654813766
652	0.07295890152454376
653	0.06404419988393784
654	0.040382832288742065
655	0.28117138147354126
656	0.23353317379951477
657	0.39127251505851746
658	0.20188915729522705
659	0.4495023190975189
660	0.3021622896194458
661	0.21636390686035156
662	0.4126470685005188
663	0.26476582884788513
664	0.37192705273628235
665	0.4893575608730316
666	0.47161874175071716
667	0.6518447995185852
668	0.7477976679801941
669	0.5820050239562988
670	0.6390472054481506
671	0.5663942098617554
672	0.6096586585044861
673	0.7812516093254089
674	0.7340356707572937
675	0.754070520401001
676	0.5871338248252869
677	0.6676587462425232
678	0.7627855539321899
679	0.7105556130409241
680	0.5716766715049744
681	0.6968848705291748
682	0.7520696520805359
683	0.7317062020301819
684	0.578953742980957
685	0.6288994550704956
686	0.47227364778518677
687	0.5592111945152283
688	0.5758251547813416
689	0.6286486983299255
690	0.4964684545993805
691	0.5090548396110535
692	0.5246849060058594
693	0.7162905931472778
694	0.44463130831718445
695	0.6462305188179016
696	0.5804938673973083
697	0.6273471117019653
698	0.4862433075904846
699	0.6269036531448364
700	0.6462593078613281
701	0.7844266295433044
702	0.7469193339347839
703	0.905793309211731
704	0.8315982222557068
705	0.9250871539115906
706	0.8906959891319275
707	0.9397771954536438
708	0.8392549753189087
709	0.8865284323692322
710	0.919717013835907
711	0.8675233125686646
712	0.9116325378417969
713	0.9475215077400208
714	0.9162122011184692
715	0.9539653062820435
716	0.9444684982299805
717	0.9664307832717896
718	0.9706715941429138
719	0.9626544117927551
720	0.9598532915115356
721	0.9623808860778809
722	0.9256948828697205
723	0.911310613155365
724	0.9105264544487
725	0.9306612014770508
726	0.9445315599441528
727	0.9430543780326843
728	0.9036732912063599
729	0.9452825784683228
730	0.7949888706207275
731	0.26638808846473694
732	0.00927773118019104
733	0.008727026171982288
734	0.006622330751270056
735	0.05980459973216057
736	0.05467451736330986
737	0.025996405631303787
738	0.016371702775359154
739	0.011935475282371044
740	0.007893957197666168
741	0.00941961444914341
742	0.009520485997200012
743	0.007945471443235874
744	0.005371856968849897
745	0.006460069213062525
746	0.004832229111343622
747	0.007984749041497707
748	0.004938153084367514
749	0.00702866492792964
750	0.004987714346498251
751	0.004865482449531555
752	0.004764288663864136
753	0.005930434446781874
754	0.006661218591034412
755	0.006872122175991535
756	0.006397077348083258
757	0.007603733334690332
758	0.0071789235807955265
759	0.006553076207637787
760	0.0060158781707286835
761	0.00517650693655014
762	0.004393075592815876
763	0.006302771158516407
764	0.005832749418914318
765	0.005392332095652819
766	0.005631125997751951
767	0.006246029399335384
768	0.0065637798979878426
769	0.007006013300269842
770	0.010412018746137619
771	0.009309139102697372
772	0.008181024342775345
773	0.0069256857968866825
774	0.0071586431004107
775	0.0071485997177660465
776	0.006630314979702234
777	0.007530826609581709
778	0.007121200207620859
779	0.008419438265264034
780	0.008052916266024113
781	0.009596075862646103
782	0.008488147519528866
783	0.008244422264397144
784	0.008551416918635368
785	0.009537430480122566
786	0.008739897981286049
787	0.008236532099545002
788	0.007727399002760649
789	0.008591303601861
790	0.008971002884209156
791	0.007153734099119902
792	0.00981813669204712
793	0.009340198710560799
794	0.0067060268484056
795	0.0069006094709038734
796	0.0065050506964325905
797	0.00846853293478489
798	0.007187364157289267
799	0.007459703367203474
800	0.006815720349550247
801	0.005102906376123428
802	0.00587415648624301
803	0.005134449806064367
804	0.006481061223894358
805	0.006417573895305395
806	0.005657626781612635
807	0.005385373719036579
808	0.006552907172590494
809	0.005198101978749037
810	0.0037068240344524384
811	0.0056581622920930386
812	0.0055861747823655605
813	0.006518842186778784
814	0.005747024901211262
815	0.005370412953197956
816	0.006038349587470293
817	0.0066474261693656445
818	0.007522395346313715
819	0.008496028371155262
820	0.00724397087469697
821	0.007757123094052076
822	0.0060788607224822044
823	0.006449011154472828
824	0.007114838343113661
825	0.007445865776389837
826	0.00735425902530551
827	0.008735587820410728
828	0.008941028267145157
829	0.00767979770898819
830	0.006521392147988081
831	0.005786139518022537
832	0.00897668395191431
833	0.009433090686798096
834	0.008061723783612251
835	0.006900907959789038
836	0.00978062953799963
837	0.009861749596893787
838	0.010270817205309868
839	0.008911640383303165
840	0.010938371531665325
841	0.010180599987506866
842	0.011892043054103851
843	0.011875376105308533
844	0.010442267172038555
845	0.007840833626687527
846	0.011641070246696472
847	0.013582033105194569
848	0.012325593270361423
849	0.010918284766376019
850	0.011866474524140358
851	0.012601044960319996
852	0.013915699906647205
853	0.012935468927025795
854	0.013097899965941906
855	0.012769350782036781
856	0.013722232542932034
857	0.016900820657610893
858	0.01513567566871643
859	0.01855408027768135
860	0.015349261462688446
861	0.012254046276211739
862	0.011727952398359776
863	0.011103615164756775
864	0.014215420000255108
865	0.014504307880997658
866	0.013105213642120361
867	0.017337972298264503
868	0.014068488962948322
869	0.01642824150621891
870	0.014339417219161987
871	0.015894895419478416
872	0.018083153292536736
873	0.01564386487007141
874	0.014446224085986614
875	0.013105477206408978
876	0.014204400591552258
877	0.010986588895320892
878	0.005533434450626373
879	0.010006675496697426
880	0.010914785787463188
881	0.014252200722694397
882	0.012734136544167995
883	0.010276890359818935
884	0.013175725936889648
885	0.006058788858354092
886	0.00945971067994833
887	0.010404478758573532
888	0.008597510866820812
889	0.010397762060165405
890	0.020744550973176956
891	0.011434364132583141
892	0.009904551319777966
893	0.008797458373010159
894	0.009389345534145832
895	0.008346877060830593
896	0.010893258266150951
897	0.008100869134068489
898	0.008054004982113838
899	0.009736212901771069
900	0.007960790768265724
901	0.007922403514385223
902	0.008718975819647312
903	0.010925531387329102
904	0.0074757784605026245
905	0.00630889693275094
906	0.0075507997535169125
907	0.006397038698196411
908	0.006041687913239002
909	0.007092578802257776
910	0.00704849511384964
911	0.0072548286989331245
912	0.006451526191085577
913	0.009687546640634537
914	0.008325017057359219
915	0.007872561924159527
916	0.007196290884166956
917	0.007587514817714691
918	0.008737503550946712
919	0.008344218134880066
920	0.006342229433357716
921	0.006917236838489771
922	0.006483358331024647
923	0.006897436920553446
924	0.006404367741197348
925	0.010562588460743427
926	0.007759887259453535
927	0.0072064027190208435
928	0.007730078883469105
929	0.009768815711140633
930	0.0065970653668046
931	0.006885841488838196
932	0.005289921071380377
933	0.006975010968744755
934	0.0074890973046422005
935	0.0066929287277162075
936	0.006789534818381071
937	0.00652037700638175
938	0.007137505803257227
939	0.0063043455593287945
940	0.006790468003600836
941	0.006251953542232513
942	0.006736920680850744
943	0.007771327625960112
944	0.007412733044475317
945	0.008473259396851063
946	0.006759262178093195
947	0.007059440016746521
948	0.007858728989958763
949	0.007013557944446802
950	0.006819117348641157
951	0.008326588198542595
952	0.008739578537642956
953	0.008317145518958569
954	0.010398154146969318
955	0.008230051025748253
956	0.008892818354070187
957	0.0073365080170333385
958	0.007938225753605366
959	0.007167946081608534
960	0.008436739444732666
961	0.00743282912299037
962	0.007371705956757069
963	0.010003275237977505
964	0.008795777335762978
965	0.008969460614025593
966	0.00867989007383585
967	0.007195975165814161
968	0.009286810643970966
969	0.010292663238942623
970	0.01060041505843401
971	0.010144985280930996
972	0.01353608351200819
973	0.014159026555716991
974	0.013457749970257282
975	0.017271216958761215
976	0.012646595016121864
977	0.017583055421710014
978	0.014553675428032875
979	0.016562869772315025
980	0.015255081467330456
981	0.015336627140641212
982	0.01638231985270977
983	0.016913501545786858
984	0.015136227011680603
985	0.01605338416993618
986	0.01319392304867506
987	0.015711922198534012
988	0.013629314489662647
989	0.019471654668450356
990	0.014356056228280067
991	0.016020819544792175
992	0.01646670512855053
993	0.011256667785346508
994	0.012075423263013363
995	0.011208117008209229
996	0.012628174386918545
997	0.011919754557311535
998	0.014116907492280006
999	0.018619906157255173
1000	0.017084622755646706
1001	0.01920505426824093
1002	0.016770189628005028
1003	0.015812575817108154
1004	0.014173946343362331
1005	0.015345588326454163
1006	0.01570976711809635
1007	0.014259732328355312
1008	0.015233921818435192
1009	0.01334278006106615
1010	0.011393067426979542
1011	0.017464660108089447
1012	0.018729528412222862
1013	0.016455089673399925
1014	0.014066237024962902
1015	0.013712624087929726
1016	0.010377948172390461
1017	0.008375159464776516
1018	0.007734552025794983
1019	0.011507523246109486
1020	0.01637335494160652
1021	0.011299967765808105
1022	0.010455288924276829
1023	0.016360614448785782
1024	0.017191965132951736
1025	0.0117535050958395
1026	0.012291772291064262
1027	0.014828898012638092
1028	0.011946621350944042
1029	0.01469168346375227
1030	0.013269863091409206
1031	0.01718970201909542
1032	0.014394883997738361
1033	0.014370836317539215
1034	0.01117077935487032
1035	0.013428891077637672
1036	0.013412514701485634
1037	0.008191699162125587
1038	0.012188385240733624
1039	0.008984173648059368
1040	0.011582091450691223
1041	0.007545484695583582
1042	0.01060450915247202
1043	0.014149329625070095
1044	0.012736851349473
1045	0.013344976119697094
1046	0.012509822845458984
1047	0.009530025534331799
1048	0.008903301320970058
1049	0.008457772433757782
1050	0.01125398464500904
1051	0.012538394890725613
1052	0.01094100158661604
1053	0.00924547016620636
1054	0.010699463076889515
1055	0.007433800492435694
1056	0.006902162916958332
1057	0.007370939012616873
1058	0.006880618166178465
1059	0.00871820468455553
1060	0.00787043571472168
1061	0.0073720249347388744
1062	0.008211626671254635
1063	0.008955380879342556
1064	0.009399487636983395
1065	0.009198750369250774
1066	0.0068859197199344635
1067	0.007321621757000685
1068	0.00670283380895853
1069	0.006862239446491003
1070	0.006813929416239262
1071	0.005168308969587088
1072	0.0066062393598258495
1073	0.0060507506132125854
1074	0.00559655949473381
1075	0.007338693831115961
1076	0.007423694711178541
1077	0.008007630705833435
1078	0.006916285492479801
1079	0.006468960549682379
1080	0.007511947304010391
1081	0.008902630768716335
1082	0.005412341561168432
1083	0.008862095884978771
1084	0.009260316379368305
1085	0.008059660904109478
1086	0.008130696602165699
1087	0.008099260739982128
1088	0.007441268768161535
1089	0.008157922886312008
1090	0.00704991677775979
1091	0.007846458815038204
1092	0.006364485714584589
1093	0.009246011264622211
1094	0.007216221187263727
1095	0.010160843841731548
1096	0.008401433005928993
1097	0.006559991743415594
1098	0.00678956089541316
1099	0.007812042720615864
1100	0.006013610400259495
1101	0.0061162319034338
1102	0.007436802145093679
1103	0.008088485337793827
1104	0.0063194348476827145
1105	0.0077051930129528046
1106	0.006327390670776367
1107	0.006482308264821768
1108	0.007529338356107473
1109	0.009692895226180553
1110	0.008737861178815365
1111	0.011980514042079449
1112	0.00999228935688734
1113	0.008835266344249249
1114	0.01455830316990614
1115	0.014953359961509705
1116	0.008890892378985882
1117	0.010752488858997822
1118	0.007482169661670923
1119	0.011610058136284351
1120	0.009276468306779861
1121	0.009883739054203033
1122	0.01123047899454832
1123	0.011221704073250294
1124	0.008075930178165436
1125	0.007112731225788593
1126	0.007086737547069788
1127	0.006587678100913763
1128	0.005918266251683235
1129	0.004256043583154678
1130	0.004801762755960226
1131	0.0034612813033163548
1132	0.004657158628106117
1133	0.005042226519435644
1134	0.004324623849242926
1135	0.004133459646254778
1136	0.0036911063361912966
1137	0.004284293856471777
1138	0.0041328296065330505
1139	0.004076093435287476
1140	0.004019047599285841
1141	0.005314233247190714
1142	0.005236962344497442
1143	0.00433943560346961
1144	0.005404595285654068
1145	0.0048721604980528355
1146	0.005908706691116095
1147	0.004869506694376469
1148	0.006475643254816532
1149	0.0049583567306399345
1150	0.005919890943914652
1151	0.00610125157982111
1152	0.005706350784748793
1153	0.007068315055221319
1154	0.0069876075722277164
1155	0.007696291897445917
1156	0.008008613251149654
1157	0.010761888697743416
1158	0.009947600774466991
1159	0.010293551720678806
1160	0.010837344452738762
1161	0.010235333815217018
1162	0.008478984236717224
1163	0.008643417619168758
1164	0.008027876727283001
1165	0.009318649768829346
1166	0.00902114063501358
1167	0.010049844160676003
1168	0.010922848246991634
1169	0.009876556694507599
1170	0.008263643831014633
1171	0.009276427328586578
1172	0.00892823189496994
1173	0.011985085904598236
1174	0.00929753202944994
1175	0.01014707237482071
1176	0.011661538854241371
1177	0.009976866655051708
1178	0.007516925688832998
1179	0.010642725974321365
1180	0.009045462124049664
1181	0.0097873630002141
1182	0.011417708359658718
1183	0.01293874066323042
1184	0.015522846952080727
1185	0.013416907750070095
1186	0.012715622782707214
1187	0.011614417657256126
1188	0.009785671718418598
1189	0.011911584995687008
1190	0.011678745970129967
1191	0.010777405463159084
1192	0.009071839042007923
1193	0.01115754246711731
1194	0.0097596300765872
1195	0.008697922341525555
1196	0.008726226165890694
1197	0.010264973156154156
1198	0.007831948809325695
1199	0.012646721675992012
1200	0.010196457616984844
1201	0.013687759637832642
1202	0.017733201384544373
1203	0.014661314897239208
1204	0.011793503537774086
1205	0.011521643958985806
1206	0.014861905947327614
1207	0.015415853820741177
1208	0.01859290897846222
1209	0.015364947728812695
1210	0.011203750036656857
1211	0.01424998790025711
1212	0.013234618119895458
1213	0.011661022901535034
1214	0.010087916627526283
1215	0.017215175554156303
1216	0.014735487289726734
1217	0.012388146482408047
1218	0.01381171215325594
1219	0.013400700874626637
1220	0.011905165389180183
1221	0.014097409322857857
1222	0.013822145760059357
1223	0.015564988367259502
1224	0.019282266497612
1225	0.012959504500031471
1226	0.015728499740362167
1227	0.02179867774248123
1228	0.017719710245728493
1229	0.013367243111133575
1230	0.017234282568097115
1231	0.018886642530560493
1232	0.012831605970859528
1233	0.015652451664209366
1234	0.013577970676124096
1235	0.01445843931287527
1236	0.01732836663722992
1237	0.0253103319555521
1238	0.03768286108970642
1239	0.04558878764510155
1240	0.02997012250125408
1241	0.018562836572527885
1242	0.015876350924372673
1243	0.019541138783097267
1244	0.01603597402572632
1245	0.01860552839934826
1246	0.019164307042956352
1247	0.018049603328108788
1248	0.01857639104127884
1249	0.02132088877260685
1250	0.030784577131271362
1251	0.07193873077630997
1252	0.052501529455184937
1253	0.04575752839446068
1254	0.03891660273075104
1255	0.03754659369587898
1256	0.024849068373441696
1257	0.0397493951022625
1258	0.023448649793863297
1259	0.031576015055179596
1260	0.026411015540361404
1261	0.04299888014793396
1262	0.05240919813513756
1263	0.10152653604745865
1264	0.16844411194324493
1265	0.07576950639486313
1266	0.07278291136026382
1267	0.12767693400382996
1268	0.101618193089962
1269	0.16050367057323456
1270	0.08984457701444626
1271	0.09202220290899277
1272	0.07978374511003494
1273	0.0854414701461792
1274	0.05175607278943062
1275	0.13782182335853577
1276	0.09080595523118973
1277	0.11665042489767075
1278	0.08477487415075302
1279	0.12265148013830185
1280	0.14658713340759277
1281	0.15891750156879425
1282	0.12357985973358154
1283	0.10535404831171036
1284	0.1295466274023056
1285	0.07288768887519836
1286	0.028844768181443214
1287	0.04715833067893982
1288	0.020526805892586708
1289	0.023232143372297287
1290	0.021624824032187462
1291	0.01885392889380455
1292	0.020481308922171593
1293	0.01712561398744583
1294	0.015021267347037792
1295	0.020193828269839287
1296	0.01637258194386959
1297	0.01915108598768711
1298	0.01620296947658062
1299	0.020437566563487053
1300	0.016515273600816727
1301	0.015744416043162346
1302	0.010028879158198833
1303	0.0098164277151227
1304	0.005343088414520025
1305	0.005168415606021881
1306	0.005556780379265547
1307	0.0129998242482543
1308	0.013997280970215797
1309	0.00888021569699049
1310	0.007558655925095081
1311	0.011308955028653145
1312	0.011468907818198204
1313	0.00947052426636219
1314	0.010160992853343487
1315	0.007933731190860271
1316	0.00999925285577774
1317	0.00892638135701418
1318	0.0058922492899000645
1319	0.006395667791366577
1320	0.007872352376580238
1321	0.008499099873006344
1322	0.009918212890625
1323	0.011519807390868664
1324	0.014168055728077888
1325	0.019695958122611046
1326	0.012441317550837994
1327	0.019093215465545654
1328	0.018597615882754326
1329	0.024493513628840446
1330	0.014691794291138649
1331	0.02000121772289276
1332	0.01572049781680107
1333	0.030574453994631767
1334	0.0221216082572937
1335	0.017445513978600502
1336	0.01487464178353548
1337	0.01587192714214325
1338	0.02591266669332981
1339	0.022592656314373016
1340	0.02653651498258114
1341	0.017563417553901672
1342	0.017125669866800308
1343	0.019375845789909363
1344	0.02156783454120159
1345	0.01561546977609396
1346	0.018180107697844505
1347	0.027573972940444946
1348	0.018243402242660522
1349	0.05955988168716431
1350	0.030136292800307274
1351	0.03346751257777214
1352	0.022800428792834282
1353	0.02000311017036438
1354	0.023340968415141106
1355	0.04404894635081291
1356	0.02784932218492031
1357	0.0323139913380146
1358	0.022419244050979614
1359	0.048147715628147125
1360	0.03096158243715763
1361	0.03229892626404762
1362	0.06067615747451782
1363	0.025288332253694534
1364	0.020786134526133537
1365	0.01664440706372261
1366	0.017454076558351517
1367	0.01382862962782383
1368	0.009688896127045155
1369	0.009808875620365143
1370	0.010293501429259777
1371	0.009307295083999634
1372	0.010707630775868893
1373	0.009676354937255383
1374	0.010328388772904873
1375	0.007873587310314178
1376	0.01148554403334856
1377	0.022738177329301834
1378	0.01783529296517372
1379	0.024081619456410408
1380	0.014820495620369911
1381	0.02587156929075718
1382	0.02554413117468357
1383	0.01777072250843048
1384	0.018890567123889923
1385	0.01748797297477722
1386	0.013614125549793243
1387	0.013405770063400269
1388	0.016680823639035225
1389	0.012000704184174538
1390	0.009310625493526459
1391	0.009725379757583141
1392	0.009066852740943432
1393	0.008993742056190968
1394	0.008304045535624027
1395	0.011266826651990414
1396	0.014806605875492096
1397	0.018738113343715668
1398	0.008803523145616055
1399	0.009207111783325672
1400	0.01183569710701704
1401	0.01174079068005085
1402	0.011104279197752476
1403	0.014898312278091908
1404	0.009977228939533234
1405	0.012385660782456398
1406	0.01287824846804142
1407	0.016034027561545372
1408	0.017124414443969727
1409	0.014327853918075562
1410	0.01264066994190216
1411	0.013414621353149414
1412	0.013218395411968231
1413	0.014413517899811268
1414	0.012342351488769054
1415	0.014569723978638649
1416	0.015051069669425488
1417	0.011859158985316753
1418	0.019018415361642838
1419	0.011911719106137753
1420	0.01595299504697323
1421	0.01828499510884285
1422	0.015878351405262947
1423	0.015516713261604309
1424	0.012472829781472683
1425	0.01717277243733406
1426	0.018958711996674538
1427	0.021198023110628128
1428	0.013114141300320625
1429	0.010764569975435734
1430	0.012725993990898132
1431	0.013161726295948029
1432	0.015054503455758095
1433	0.01646391674876213
1434	0.01364099234342575
1435	0.015792278572916985
1436	0.01807449758052826
1437	0.013439535163342953
1438	0.012066313996911049
1439	0.022179504856467247
1440	0.027909129858016968
1441	0.024541286751627922
1442	0.022182367742061615
1443	0.02109326794743538
1444	0.018519584089517593
1445	0.021107500419020653
1446	0.019907241687178612
1447	0.020468229427933693
1448	0.014634223654866219
1449	0.013478792272508144
1450	0.010051402263343334
1451	0.015656977891921997
1452	0.017396358773112297
1453	0.018491236492991447
1454	0.017789332196116447
1455	0.01649979129433632
1456	0.015178251080214977
1457	0.015136713162064552
1458	0.014081734232604504
1459	0.015054303221404552
1460	0.015928395092487335
1461	0.01638580672442913
1462	0.017799893394112587
1463	0.020877555012702942
1464	0.010601813904941082
1465	0.005922304000705481
1466	0.004704400897026062
1467	0.0064256503246724606
1468	0.016094444319605827
1469	0.018540723249316216
1470	0.013540910556912422
1471	0.01620151847600937
1472	0.011664800345897675
1473	0.009341184981167316
1474	0.00934398453682661
1475	0.006953626871109009
1476	0.008145332336425781
1477	0.0059045241214334965
1478	0.010764732025563717
1479	0.009643043391406536
1480	0.009924130514264107
1481	0.01083702128380537
1482	0.008271272294223309
1483	0.011262300424277782
1484	0.011109739542007446
1485	0.012459962628781796
1486	0.011781535111367702
1487	0.009491749107837677
1488	0.00976196676492691
1489	0.011141340248286724
1490	0.013060229830443859
1491	0.020645592361688614
1492	0.01818201318383217
1493	0.03510419651865959
1494	0.021202949807047844
1495	0.018638329580426216
1496	0.014369738288223743
1497	0.021847447380423546
1498	0.0589464008808136
1499	0.11336540430784225
1500	0.09451549500226974
1501	0.025395426899194717
1502	0.021333329379558563
1503	0.03154658153653145
1504	0.03277919441461563
1505	0.045278266072273254
1506	0.09002526104450226
1507	0.07772718369960785
1508	0.02970879338681698
1509	0.02089454047381878
1510	0.024244485422968864
1511	0.016165880486369133
1512	0.015204091556370258
1513	0.028696784749627113
1514	0.0283840149641037
1515	0.0489417128264904
1516	0.06393953412771225
1517	0.03587019070982933
1518	0.01588861085474491
1519	0.01364835537970066
1520	0.009745505638420582
1521	0.015297426842153072
1522	0.015469473786652088
1523	0.011382412165403366
1524	0.008869582787156105
1525	0.008692443370819092
1526	0.00831805169582367
1527	0.011299438774585724
1528	0.012718923389911652
1529	0.012608370743691921
1530	0.011822952888906002
1531	0.009244568645954132
1532	0.00808651465922594
1533	0.012619881890714169
1534	0.011967718601226807
1535	0.017072511836886406
1536	0.010101341642439365
1537	0.009993113577365875
1538	0.012311488389968872
1539	0.01172979362308979
1540	0.011024202220141888
1541	0.006820224225521088
1542	0.007592619862407446
1543	0.00812850333750248
1544	0.00702686095610261
1545	0.008572608232498169
1546	0.008934459649026394
1547	0.006935127079486847
1548	0.007885249331593513
1549	0.008977018296718597
1550	0.011248570866882801
1551	0.02256779745221138
1552	0.006882910616695881
1553	0.00875822827219963
1554	0.008374239318072796
1555	0.00883171521127224
1556	0.005829480942338705
1557	0.00631642434746027
1558	0.009428395889699459
1559	0.007389492820948362
1560	0.008714910596609116
1561	0.00794359389692545
1562	0.00858114380389452
1563	0.006008828058838844
1564	0.006992337293922901
1565	0.007276688702404499
1566	0.007744343485683203
1567	0.007714254315942526
1568	0.00674096867442131
1569	0.007992125116288662
1570	0.009332249872386456
1571	0.007569048088043928
1572	0.0060738432221114635
1573	0.00802962202578783
1574	0.006233724299818277
1575	0.007780799176543951
1576	0.006094306707382202
1577	0.00578620471060276
1578	0.005538351368159056
1579	0.005895952228456736
1580	0.005313634406775236
1581	0.004348610527813435
1582	0.003936022985726595
1583	0.00412605470046401
1584	0.004771053791046143
1585	0.0045379516668617725
1586	0.0037494178395718336
1587	0.0040403082966804504
1588	0.003999682608991861
1589	0.005230335518717766
1590	0.006403455976396799
1591	0.00624974025413394
1592	0.007085360120981932
1593	0.01593581773340702
1594	0.018774420022964478
1595	0.027981465682387352
1596	0.02290884591639042
1597	0.06208103522658348
1598	0.0837630033493042
1599	0.07774154096841812
1600	0.09690888971090317
1601	0.05806640535593033
1602	0.06417088955640793
1603	0.150923490524292
1604	0.08071208745241165
1605	0.1428205966949463
1606	0.21785078942775726
1607	0.07727928459644318
1608	0.04199710115790367
1609	0.09317858517169952
1610	0.09217128902673721
1611	0.0722069963812828
1612	0.15286283195018768
1613	0.34079301357269287
1614	0.33805328607559204
1615	0.4035100042819977
1616	0.18480859696865082
1617	0.13566605746746063
1618	0.12772731482982635
1619	0.035730261355638504
1620	0.04553570598363876
1621	0.047383133322000504
1622	0.04765741154551506
1623	0.18582692742347717
1624	0.25022122263908386
1625	0.38967934250831604
1626	0.576461136341095
1627	0.6115232706069946
1628	0.7554724812507629
1629	0.6821873784065247
1630	0.662503182888031
1631	0.6696707606315613
1632	0.7476404309272766
1633	0.7618994116783142
1634	0.5984377264976501
1635	0.7851288914680481
1636	0.46700015664100647
1637	0.5470449328422546
1638	0.4140262305736542
1639	0.5234116911888123
1640	0.5648557543754578
1641	0.6866833567619324
1642	0.6697619557380676
1643	0.7554015517234802
1644	0.6955116391181946
1645	0.7541029453277588
1646	0.7956438064575195
1647	0.7031893134117126
1648	0.7433736324310303
1649	0.9098404049873352
1650	0.8217992782592773
1651	0.803822934627533
1652	0.6706032156944275
1653	0.8608750700950623
1654	0.6465228796005249
1655	0.3756868839263916
1656	0.08502735942602158
1657	0.23085986077785492
1658	0.2343023270368576
1659	0.16781140863895416
1660	0.023844672366976738
1661	0.03594784066081047
1662	0.0074037062004208565
1663	0.007713040802627802
1664	0.0068494416773319244
1665	0.0071286894381046295
1666	0.007902588695287704
1667	0.008052912540733814
1668	0.009056118316948414
1669	0.010025872848927975
1670	0.014243978075683117
1671	0.06717789173126221
1672	0.028284180909395218
1673	0.005602844059467316
1674	0.007151027210056782
1675	0.007185526192188263
1676	0.00952557846903801
1677	0.007679257541894913
1678	0.009710120968520641
1679	0.008434544317424297
1680	0.007447425276041031
1681	0.00433734618127346
1682	0.0099986856803298
1683	0.012327898293733597
1684	0.009844308719038963
1685	0.010158620774745941
1686	0.013179968111217022
1687	0.01944676972925663
1688	0.017101552337408066
1689	0.02359931915998459
1690	0.021934589371085167
1691	0.015146314166486263
1692	0.018817860633134842
1693	0.011793353594839573
1694	0.016378212720155716
1695	0.023367207497358322
1696	0.014707815833389759
1697	0.011945980601012707
1698	0.008460411801934242
1699	0.006832384970039129
1700	0.006748648826032877
1701	0.005412656348198652
1702	0.008483173325657845
1703	0.008350744843482971
1704	0.006591057870537043
1705	0.008034326136112213
1706	0.0067544071935117245
1707	0.007922778837382793
1708	0.007860541343688965
1709	0.00921071507036686
1710	0.006962738465517759
1711	0.007536847144365311
1712	0.008754745125770569
1713	0.008576251566410065
1714	0.009209303185343742
1715	0.009247759357094765
1716	0.007824212312698364
1717	0.010534833185374737
1718	0.011873572133481503
1719	0.008659026585519314
1720	0.015145125798881054
1721	0.027372706681489944
1722	0.023214196786284447
1723	0.030790776014328003
1724	0.021044684574007988
1725	0.016829390078783035
1726	0.015611696057021618
1727	0.025413045659661293
1728	0.010136178694665432
1729	0.018611347302794456
1730	0.013496345840394497
1731	0.02652096562087536
1732	0.018841611221432686
1733	0.015585671178996563
1734	0.01731780357658863
1735	0.020247282460331917
1736	0.02292868308722973
1737	0.02089502476155758
1738	0.023724963888525963
1739	0.017907528206706047
1740	0.014623487368226051
1741	0.014903279021382332
1742	0.017458384856581688
1743	0.029036015272140503
1744	0.022513894364237785
1745	0.025128623470664024
1746	0.018076030537486076
1747	0.012001613155007362
1748	0.010966232977807522
1749	0.0130314901471138
1750	0.017416635528206825
1751	0.04588029906153679
1752	0.024433141574263573
1753	0.010910861194133759
1754	0.0222832839936018
1755	0.02813812531530857
1756	0.02221207693219185
1757	0.025531409308314323
1758	0.021426385268568993
1759	0.015046685934066772
1760	0.015191731043159962
1761	0.012385380454361439
1762	0.019044840708374977
1763	0.019794858992099762
1764	0.030983557924628258
1765	0.025774044916033745
1766	0.007658261340111494
1767	0.008301494643092155
1768	0.009516923688352108
1769	0.009876039810478687
1770	0.012574034743010998
1771	0.009946184232831001
1772	0.007150884717702866
1773	0.007745860610157251
1774	0.009710571728646755
1775	0.014423643238842487
1776	0.012479397468268871
1777	0.012180118821561337
1778	0.01635569892823696
1779	0.011949945241212845
1780	0.014336858876049519
1781	0.016171539202332497
1782	0.023080065846443176
1783	0.034701794385910034
1784	0.02334931306540966
1785	0.02107411064207554
1786	0.022187313064932823
1787	0.03128715977072716
1788	0.01752171292901039
1789	0.04715687036514282
1790	0.019150272011756897
1791	0.02216324210166931
1792	0.010966886766254902
1793	0.026479322463274002
1794	0.027281610295176506
1795	0.02345466800034046
1796	0.03763636574149132
1797	0.0366201177239418
1798	0.0343935452401638
1799	0.052484482526779175
1800	0.03572389483451843
1801	0.07507499307394028
1802	0.05255284532904625
1803	0.0479026660323143
1804	0.033854756504297256
1805	0.018202707171440125
1806	0.031125033274292946
1807	0.051814671605825424
1808	0.029791826382279396
1809	0.02817961387336254
1810	0.02505236305296421
1811	0.041672855615615845
1812	0.0713951587677002
1813	0.06615636497735977
1814	0.12808968126773834
1815	0.10328978300094604
1816	0.02117052674293518
1817	0.02334502339363098
1818	0.033201318234205246
1819	0.030895842239260674
1820	0.019704533740878105
1821	0.0399564690887928
1822	0.021142268553376198
1823	0.017719728872179985
1824	0.016046633943915367
1825	0.02427680417895317
1826	0.019332006573677063
1827	0.010889926925301552
1828	0.015820801258087158
1829	0.014434061013162136
1830	0.01843600533902645
1831	0.018837956711649895
1832	0.01979074440896511
1833	0.019826611503958702
1834	0.02284989319741726
1835	0.028330743312835693
1836	0.016039270907640457
1837	0.01124168187379837
1838	0.01418065931648016
1839	0.013341940008103848
1840	0.01563805527985096
1841	0.017011499032378197
1842	0.028808090835809708
1843	0.030399898067116737
1844	0.04852104187011719
1845	0.04634341970086098
1846	0.03366741165518761
1847	0.04793344438076019
1848	0.04344487935304642
1849	0.0732986256480217
1850	0.02233131043612957
1851	0.02371048741042614
1852	0.02640155516564846
1853	0.02852576971054077
1854	0.027696330100297928
1855	0.040275271981954575
1856	0.027829622849822044
1857	0.034516580402851105
1858	0.029024828225374222
1859	0.04897911846637726
1860	0.03283005580306053
1861	0.04606016352772713
1862	0.02555212937295437
1863	0.02724878303706646
1864	0.018240774050354958
1865	0.014965233393013477
1866	0.01684573106467724
1867	0.01462643127888441
1868	0.011568798683583736
1869	0.014670073986053467
1870	0.012324543669819832
1871	0.014349265955388546
1872	0.008580868132412434
1873	0.008542275987565517
1874	0.005981334950774908
1875	0.006754955742508173
1876	0.007425871677696705
1877	0.009129679761826992
1878	0.008883008733391762
1879	0.009819972328841686
1880	0.009662298485636711
1881	0.01805056445300579
1882	0.011484757997095585
1883	0.008202395401895046
1884	0.006954129319638014
1885	0.006002090871334076
1886	0.007151690311729908
1887	0.007173057179898024
1888	0.005218786653131247
1889	0.00672639487311244
1890	0.004323114641010761
1891	0.006517098750919104
1892	0.004856389947235584
1893	0.005932280328124762
1894	0.006899561733007431
1895	0.005192079581320286
1896	0.004409735091030598
1897	0.004298323765397072
1898	0.005381193943321705
1899	0.004326441790908575
1900	0.004986619111150503
1901	0.004029575735330582
1902	0.004043379332870245
1903	0.0038657542318105698
1904	0.0039077759720385075
1905	0.0048297615721821785
1906	0.004742247052490711
1907	0.00506933918222785
1908	0.004741128068417311
1909	0.006038669031113386
1910	0.00802671629935503
1911	0.009840583428740501
1912	0.007498086430132389
1913	0.010314859449863434
1914	0.011186817660927773
1915	0.011819826439023018
1916	0.009413296356797218
1917	0.008999793790280819
1918	0.010136405006051064
1919	0.010163837112486362
1920	0.00899931974709034
1921	0.0101804593577981
1922	0.01555684208869934
1923	0.015612456016242504
1924	0.014317790977656841
1925	0.023567695170640945
1926	0.0395904965698719
1927	0.13978467881679535
1928	0.2615067958831787
1929	0.5638675093650818
1930	0.7208425402641296
1931	0.6061360836029053
1932	0.478828489780426
1933	0.8186249136924744
1934	0.7926319241523743
1935	0.8686494827270508
1936	0.7195505499839783
1937	0.8666374087333679
1938	0.71720951795578
1939	0.8540859222412109
1940	0.9112924933433533
1941	0.8946289420127869
1942	0.956913411617279
1943	0.9008457064628601
1944	0.8874622583389282
1945	0.8764988780021667
1946	0.9311394095420837
1947	0.8090282678604126
1948	0.7306958436965942
1949	0.7012238502502441
1950	0.6599745750427246
1951	0.7125200629234314
1952	0.1646350473165512
1953	0.027071213349699974
1954	0.006302282214164734
1955	0.006308979820460081
1956	0.012796357274055481
1957	0.8805527091026306
1958	0.9141172766685486
1959	0.8606809973716736
1960	0.7038516998291016
1961	0.86080402135849
1962	0.8355621695518494
1963	0.8014036417007446
1964	0.39222952723503113
1965	0.6138120293617249
1966	0.758093535900116
1967	0.618301272392273
1968	0.29029351472854614
1969	0.18072004616260529
1970	0.09837909787893295
1971	0.12108562141656876
1972	0.15890395641326904
1973	0.06054852157831192
1974	0.0308025274425745
1975	0.013866158202290535
1976	0.009110230021178722
1977	0.012016902677714825
1978	0.010479360818862915
1979	0.021367693319916725
1980	0.36869359016418457
1981	0.7474997043609619
1982	0.8205156326293945
1983	0.47210693359375
1984	0.22002826631069183
1985	0.014934608712792397
1986	0.04003618285059929
1987	0.05600842833518982
1988	0.09339296817779541
1989	0.5964286923408508
1990	0.5433727502822876
1991	0.7543261051177979
1992	0.39158162474632263
1993	0.6858031153678894
1994	0.6603352427482605
1995	0.37925752997398376
1996	0.11178002506494522
1997	0.10305988788604736
1998	0.01408348698168993
1999	0.007692586164921522
2000	0.0068212090991437435
2001	0.007660022471100092
2002	0.008814097382128239
2003	0.0086098313331604
2004	0.00857909768819809
2005	0.010133988223969936
2006	0.01150821428745985
2007	0.013230881653726101
2008	0.010963508859276772
2009	0.011061177588999271
2010	0.011646308936178684
2011	0.010800017975270748
2012	0.012100926600396633
2013	0.013500705361366272
2014	0.014475302770733833
2015	0.013331378810107708
2016	0.018840564414858818
2017	0.022477973252534866
2018	0.02244040183722973
2019	0.017079556360840797
2020	0.014489859342575073
2021	0.017468636855483055
2022	0.012721166014671326
2023	0.01652216911315918
2024	0.013438555411994457
2025	0.0128012765198946
2026	0.014974775724112988
2027	0.012631353922188282
2028	0.01547976117581129
2029	0.015449968166649342
2030	0.014025810174643993
2031	0.015104121528565884
2032	0.019322069361805916
2033	0.015738053247332573
2034	0.014395167119801044
2035	0.014096016064286232
2036	0.013380798511207104
2037	0.016326384618878365
2038	0.02759583666920662
2039	0.1259746253490448
2040	0.18319164216518402
2041	0.13802583515644073
2042	0.05078854784369469
2043	0.01698151044547558
2044	0.01596337929368019
2045	0.01705014333128929
2046	0.013498685322701931
2047	0.017265090718865395
2048	0.015385118313133717
2049	0.016256188973784447
2050	0.01594766043126583
2051	0.016208872199058533
2052	0.016042936593294144
2053	0.017008384689688683
2054	0.01490829885005951
2055	0.017280487343668938
2056	0.01633944921195507
2057	0.01590254344046116
2058	0.015431977808475494
2059	0.01643240824341774
2060	0.014586085453629494
2061	0.016601672396063805
2062	0.015371039509773254
2063	0.018788767978549004
2064	0.01959001086652279
2065	0.014266143552958965
2066	0.016680842265486717
2067	0.021000370383262634
2068	0.03179481253027916
2069	0.1090710386633873
2070	0.01733740232884884
2071	0.013531972654163837
2072	0.013838584534823895
2073	0.0167111586779356
2074	0.019405236467719078
2075	0.017858324572443962
2076	0.016621731221675873
2077	0.025376444682478905
2078	0.020311793312430382
2079	0.026139020919799805
2080	0.024042321369051933
2081	0.02089330554008484
2082	0.01398512627929449
2083	0.01411427278071642
2084	0.014007136225700378
2085	0.013534416444599628
2086	0.0157672967761755
2087	0.014520205557346344
2088	0.014439627528190613
2089	0.009329578839242458
2090	0.01010329183191061
2091	0.011249306611716747
2092	0.018061654642224312
2093	0.017117545008659363
2094	0.029867177829146385
2095	0.02806670032441616
2096	0.011470007710158825
2097	0.013760308735072613
2098	0.009887540712952614
2099	0.016984639689326286
2100	0.014596221037209034
2101	0.01331937313079834
2102	0.015968358144164085
2103	0.015511578880250454
2104	0.012212482281029224
2105	0.013359114527702332
2106	0.011694823391735554
2107	0.012060245499014854
2108	0.01343636866658926
2109	0.012248030863702297
2110	0.013459816575050354
2111	0.012728298082947731
2112	0.01147611066699028
2113	0.009774877689778805
2114	0.010792234912514687
2115	0.008339354768395424
2116	0.010901578702032566
2117	0.010529549792408943
2118	0.00980184506624937
2119	0.009720428846776485
2120	0.005732499063014984
2121	0.0065457746386528015
2122	0.007156744133681059
2123	0.006943690124899149
2124	0.006174581125378609
2125	0.004779856186360121
2126	0.0057195499539375305
2127	0.006273749750107527
2128	0.005903132259845734
2129	0.006608156021684408
2130	0.006841074209660292
2131	0.005528997164219618
2132	0.006012789439409971
2133	0.005505929701030254
2134	0.00568916741758585
2135	0.006319914944469929
2136	0.006627805531024933
2137	0.0058950684033334255
2138	0.0048921918496489525
2139	0.0037899285089224577
2140	0.005877714604139328
2141	0.008133246563374996
2142	0.007662185933440924
2143	0.009462776593863964
2144	0.011498394422233105
2145	0.01205290574580431
2146	0.012404229491949081
2147	0.025060409680008888
2148	0.016870912164449692
2149	0.14156340062618256
2150	0.021708523854613304
2151	0.009959615767002106
2152	0.009931356646120548
2153	0.010375681333243847
2154	0.00929332710802555
2155	0.007180358748883009
2156	0.00834814365953207
2157	0.008113115094602108
2158	0.008210675790905952
2159	0.007910504937171936
2160	0.007443913724273443
2161	0.009388815611600876
2162	0.007730971556156874
2163	0.009798700921237469
2164	0.0075522721745073795
2165	0.006749649532139301
2166	0.007358198519796133
2167	0.009235688485205173
2168	0.007498483639210463
2169	0.007891632616519928
2170	0.009233723394572735
2171	0.015623810701072216
2172	0.006894128862768412
2173	0.012908274307847023
2174	0.008073828183114529
2175	0.009524795226752758
2176	0.0073414514772593975
2177	0.012739106081426144
2178	0.008386258967220783
2179	0.006657434161752462
2180	0.006906135473400354
2181	0.006926330272108316
2182	0.008041664958000183
2183	0.006655234377831221
2184	0.007588519249111414
2185	0.007010824978351593
2186	0.009590394794940948
2187	0.012956514954566956
2188	0.014173219911754131
2189	0.014535228721797466
2190	0.0187853891402483
2191	0.016849491745233536
2192	0.018224943429231644
2193	0.02222013846039772
2194	0.020170239731669426
2195	0.013305068016052246
2196	0.00997298676520586
2197	0.010845397599041462
2198	0.012914863415062428
2199	0.014482112601399422
2200	0.023204702883958817
2201	0.01591605506837368
2202	0.01587681658565998
2203	0.036818988621234894
2204	0.029031051322817802
2205	0.0899646133184433
2206	0.0368042029440403
2207	0.026528580114245415
2208	0.01886032335460186
2209	0.01665051095187664
2210	0.015414441004395485
2211	0.04233234375715256
2212	0.13191325962543488
2213	0.3681744635105133
2214	0.4576423764228821
2215	0.1155984029173851
2216	0.2628397047519684
2217	0.4529893100261688
2218	0.49040332436561584
2219	0.42767006158828735
2220	0.572260856628418
2221	0.5479208827018738
2222	0.7457314729690552
2223	0.6799651384353638
2224	0.8059276938438416
2225	0.7918784022331238
2226	0.909253716468811
2227	0.9602032899856567
2228	0.9099016189575195
2229	0.8893706202507019
2230	0.9196895956993103
2231	0.9698110818862915
2232	0.9508161544799805
2233	0.8959035873413086
2234	0.8886097073554993
2235	0.903642475605011
2236	0.888766884803772
2237	0.9279872179031372
2238	0.8403682708740234
2239	0.7799685597419739
2240	0.8511050343513489
2241	0.7621049284934998
2242	0.7878398299217224
2243	0.8432341814041138
2244	0.8989927172660828
2245	0.9229874610900879
2246	0.913436233997345
2247	0.8640164732933044
2248	0.9148225784301758
2249	0.7469646334648132
2250	0.695792019367218
2251	0.29571962356567383
2252	0.13120003044605255
2253	0.008782264776527882
2254	0.011311398819088936
2255	0.014264876954257488
2256	0.00838637538254261
2257	0.013401723466813564
2258	0.015448952093720436
2259	0.0337151400744915
2260	0.02607882022857666
2261	0.022950153797864914
2262	0.029597222805023193
2263	0.017679868265986443
2264	0.012415386736392975
2265	0.016901982948184013
2266	0.016954848542809486
2267	0.01743461564183235
2268	0.008719525299966335
2269	0.009971791878342628
2270	0.011575647629797459
2271	0.009803262539207935
2272	0.009648945182561874
2273	0.010372116230428219
2274	0.010619109496474266
2275	0.009202192537486553
2276	0.013159185647964478
2277	0.010691064409911633
2278	0.01182531751692295
2279	0.012642125599086285
2280	0.011520491912961006
2281	0.010945379734039307
2282	0.01392755564302206
2283	0.01247220765799284
2284	0.013399558141827583
2285	0.014929569326341152
2286	0.013003346510231495
2287	0.012471282854676247
2288	0.016790682449936867
2289	0.014417494647204876
2290	0.0126738166436553
2291	0.013653728179633617
2292	0.012417267076671124
2293	0.012872034683823586
2294	0.014555131085216999
2295	0.01312959473580122
2296	0.01428320910781622
2297	0.011401593685150146
2298	0.014714526943862438
2299	0.015042516402900219
2300	0.017945002764463425
2301	0.016612300649285316
2302	0.010078403167426586
2303	0.01101986225694418
2304	0.016043921932578087
2305	0.018949871882796288
2306	0.014858327805995941
2307	0.015557858161628246
2308	0.015727421268820763
2309	0.018014244735240936
2310	0.013010555878281593
2311	0.014036044478416443
2312	0.009797077625989914
2313	0.01572277955710888
2314	0.013758066110312939
2315	0.012995562516152859
2316	0.012487296015024185
2317	0.01199116837233305
2318	0.014469049870967865
2319	0.019449619576334953
2320	0.015848755836486816
2321	0.022320104762911797
2322	0.026517370715737343
2323	0.01921599544584751
2324	0.016039717942476273
2325	0.021662795916199684
2326	0.014425846748054028
2327	0.009796383790671825
2328	0.009836100041866302
2329	0.012560548260807991
2330	0.01057956088334322
2331	0.011628316715359688
2332	0.008962824009358883
2333	0.008168855682015419
2334	0.009698732756078243
2335	0.00680788978934288
2336	0.005078970454633236
2337	0.007162327412515879
2338	0.0059503004886209965
2339	0.005549513269215822
2340	0.005112196784466505
2341	0.006442070007324219
2342	0.005650130100548267
2343	0.007827780209481716
2344	0.005515141878277063
2345	0.005511702504009008
2346	0.005731079261749983
2347	0.005681883543729782
2348	0.0076381126418709755
2349	0.006264751311391592
2350	0.007001101970672607
2351	0.009235910139977932
2352	0.007725063245743513
2353	0.010994493961334229
2354	0.011733382940292358
2355	0.009372505359351635
2356	0.010746902786195278
2357	0.011254827491939068
2358	0.010804547928273678
2359	0.010294388048350811
2360	0.009497909806668758
2361	0.007907143794000149
2362	0.00960824079811573
2363	0.009636888280510902
2364	0.007679891772568226
2365	0.008490939624607563
2366	0.00986869353801012
2367	0.008868484757840633
2368	0.010111506097018719
2369	0.010258420370519161
2370	0.0086832819506526
2371	0.009077793918550014
2372	0.008236530236899853
2373	0.007666570134460926
2374	0.00919781718403101
2375	0.008542386814951897
2376	0.009109454229474068
2377	0.010212376713752747
2378	0.009811009280383587
2379	0.008158794604241848
2380	0.0086689917370677
2381	0.008498161099851131
2382	0.00612283032387495
2383	0.007933740504086018
2384	0.008168688975274563
2385	0.007875333540141582
2386	0.007401594426482916
2387	0.006996611598879099
2388	0.007235788740217686
2389	0.007339600007981062
2390	0.008897485211491585
2391	0.007960266433656216
2392	0.0076045081950724125
2393	0.008651618845760822
2394	0.008121910504996777
2395	0.009406052529811859
2396	0.00848468579351902
2397	0.007592012174427509
2398	0.00802393164485693
2399	0.007194147445261478
2400	0.007417977787554264
2401	0.006348147988319397
2402	0.0063842847011983395
2403	0.007453022990375757
2404	0.007351970765739679
2405	0.008123948238790035
2406	0.007040752563625574
2407	0.006916030775755644
2408	0.004804969299584627
2409	0.005223603919148445
2410	0.00497456407174468
2411	0.0051654488779604435
2412	0.004580106120556593
2413	0.005463610868901014
2414	0.005815730430185795
2415	0.004676443990319967
2416	0.004387236665934324
2417	0.004647247027605772
2418	0.005074196495115757
2419	0.00650888541713357
2420	0.005923885852098465
2421	0.006359459366649389
2422	0.0059507014229893684
2423	0.0057195452973246574
2424	0.007025832775980234
2425	0.006637313403189182
2426	0.005114816129207611
2427	0.006091619376093149
2428	0.005673772189766169
2429	0.005670083221048117
2430	0.006385678891092539
2431	0.0064984760247170925
2432	0.007000461220741272
2433	0.0065035889856517315
2434	0.005067061632871628
2435	0.00592564744874835
2436	0.005261810030788183
2437	0.0044296556152403355
2438	0.005905929487198591
2439	0.005707828793674707
2440	0.0052504464983940125
2441	0.006101712118834257
2442	0.005996360909193754
2443	0.006788921542465687
2444	0.005735155660659075
2445	0.006817457731813192
2446	0.0054845442064106464
2447	0.00792425312101841
2448	0.006881789769977331
2449	0.0069353231228888035
2450	0.005226172041147947
2451	0.006113806273788214
2452	0.005584152415394783
2453	0.005850933492183685
2454	0.005726281087845564
2455	0.006492431741207838
2456	0.005650234408676624
2457	0.005099604371935129
2458	0.004923386964946985
2459	0.004578938242048025
2460	0.005327342543751001
2461	0.005625993013381958
2462	0.006038081832230091
2463	0.005104242358356714
2464	0.006548081524670124
2465	0.006315183825790882
2466	0.0054197474382817745
2467	0.005728018004447222
2468	0.004886123817414045
2469	0.0065295337699353695
2470	0.004819564055651426
2471	0.005123987328261137
2472	0.003714030608534813
2473	0.004613903351128101
2474	0.004251563455909491
2475	0.004596612881869078
2476	0.0036789358127862215
2477	0.004830060061067343
2478	0.0049644047394394875
2479	0.005581998731940985
2480	0.004274334292858839
2481	0.0042635067366063595
2482	0.007689202670007944
2483	0.006502335425466299
2484	0.006970767863094807
2485	0.006602631416171789
2486	0.007335517555475235
2487	0.005963283125311136
2488	0.005467324052006006
2489	0.005460721906274557
2490	0.005772612523287535
2491	0.004802785813808441
2492	0.005394750274717808
2493	0.004770614206790924
2494	0.0039102728478610516
2495	0.0036558681167662144
2496	0.005068991333246231
2497	0.005119467619806528
2498	0.006589375436306
2499	0.006143683101981878
2500	0.006919782608747482
2501	0.006702594459056854
2502	0.007044467609375715
2503	0.009171168319880962
2504	0.008513107895851135
2505	0.006498278584331274
2506	0.007301072124391794
2507	0.007192566990852356
2508	0.006883765105158091
2509	0.007994098588824272
2510	0.006800818722695112
2511	0.007275432348251343
2512	0.0079553397372365
2513	0.0056289853528141975
2514	0.0055772289633750916
2515	0.007631243672221899
2516	0.006728909909725189
2517	0.009543092921376228
2518	0.008435025811195374
2519	0.007539680693298578
2520	0.007953355088829994
2521	0.01124542485922575
2522	0.008655743673443794
2523	0.013052827678620815
2524	0.017912140116095543
2525	0.0199497751891613
2526	0.030067963525652885
2527	0.11892499774694443
2528	0.049828607589006424
2529	0.26999160647392273
2530	0.13915203511714935
2531	0.13129565119743347
2532	0.1017599031329155
2533	0.10298620909452438
2534	0.06120256334543228
2535	0.08538216352462769
2536	0.08383730053901672
2537	0.10598192363977432
2538	0.05661877617239952
2539	0.07089202851057053
2540	0.038986820727586746
2541	0.04650040343403816
2542	0.035414647310972214
2543	0.08327917009592056
2544	0.05972520634531975
2545	0.04374281316995621
2546	0.0494251474738121
2547	0.054199863225221634
2548	0.05242597684264183
2549	0.12513817846775055
2550	0.08996801823377609
2551	0.12744329869747162
2552	0.0773920938372612
2553	0.4286457598209381
2554	0.4728757441043854
2555	0.38533279299736023
2556	0.3353137671947479
2557	0.028559133410453796
2558	0.018554862588644028
2559	0.013298399746418
2560	0.015334357507526875
2561	0.013889302499592304
2562	0.01105800736695528
2563	0.015216082334518433
2564	0.015273121185600758
2565	0.012439512647688389
2566	0.011085671372711658
2567	0.014626274816691875
2568	0.010758455842733383
2569	0.009561118669807911
2570	0.010929456911981106
2571	0.013555667363107204
2572	0.023294175043702126
2573	0.17860625684261322
2574	0.19135919213294983
2575	0.33415865898132324
2576	0.6774048805236816
2577	0.5815777778625488
2578	0.6140862703323364
2579	0.6030966639518738
2580	0.24783740937709808
2581	0.3796778619289398
2582	0.3990077078342438
2583	0.4048197269439697
2584	0.4051593840122223
2585	0.2434878796339035
2586	0.02805836871266365
2587	0.04339529946446419
2588	0.057519521564245224
2589	0.04225033149123192
2590	0.029973089694976807
2591	0.02608278952538967
2592	0.015564682893455029
2593	0.02622794546186924
2594	0.05528814718127251
2595	0.026717549189925194
2596	0.021235838532447815
2597	0.019738012924790382
2598	0.02187790535390377
2599	0.043294694274663925
2600	0.20565490424633026
2601	0.27113184332847595
2602	0.42462602257728577
2603	0.7444221377372742
2604	0.6574553847312927
2605	0.23599457740783691
2606	0.0238476749509573
2607	0.008361211977899075
2608	0.012742909602820873
2609	0.015419668518006802
2610	0.010636377148330212
2611	0.021872861310839653
2612	0.027158541604876518
2613	0.010257001034915447
2614	0.013133056461811066
2615	0.0153267253190279
2616	0.008867789059877396
2617	0.015310907736420631
2618	0.01430766936391592
2619	0.012560342438519001
2620	0.016428416594862938
2621	0.01217213086783886
2622	0.009691466577351093
2623	0.009553254581987858
2624	0.01294128317385912
2625	0.01065082848072052
2626	0.013693011365830898
2627	0.014892050996422768
2628	0.007565441075712442
2629	0.010512284934520721
2630	0.012959017418324947
2631	0.011214458383619785
2632	0.013569178059697151
2633	0.012126254849135876
2634	0.0134968226775527
2635	0.012841341085731983
2636	0.009735657833516598
2637	0.011430062353610992
2638	0.010161541402339935
2639	0.01022771093994379
2640	0.010124745778739452
2641	0.010129555128514767
2642	0.007930760271847248
2643	0.0075712078250944614
2644	0.006235256791114807
2645	0.019375741481781006
2646	0.021783875301480293
2647	0.06667722761631012
2648	0.011686984449625015
2649	0.014852716587483883
2650	0.013822394423186779
2651	0.01448755618184805
2652	0.011465026997029781
2653	0.013013827614486217
2654	0.019675955176353455
2655	0.0317697748541832
2656	0.02894158475100994
2657	0.03805031254887581
2658	0.02881939522922039
2659	0.028163893148303032
2660	0.02212977409362793
2661	0.02000744640827179
2662	0.018704615533351898
2663	0.026350725442171097
2664	0.013802180998027325
2665	0.028768783435225487
2666	0.019955286756157875
2667	0.015300589613616467
2668	0.016848061233758926
2669	0.021035701036453247
2670	0.024250676855444908
2671	0.017433566972613335
2672	0.021103685721755028
2673	0.01883871667087078
2674	0.01834993064403534
2675	0.015542774461209774
2676	0.014012753963470459
2677	0.01367072481662035
2678	0.010273483581840992
2679	0.014568828046321869
2680	0.01589612103998661
2681	0.01788521185517311
2682	0.018470153212547302
2683	0.021674513816833496
2684	0.01607743836939335
2685	0.017733259126544
2686	0.016852224245667458
2687	0.020090756937861443
2688	0.017018413171172142
2689	0.011276393197476864
2690	0.013330391608178616
2691	0.005807060282677412
2692	0.006554609630256891
2693	0.01598924957215786
2694	0.022706275805830956
2695	0.019385216757655144
2696	0.017570680007338524
2697	0.022863684222102165
2698	0.011758018285036087
2699	0.011110072024166584
2700	0.014372195117175579
2701	0.013029894791543484
2702	0.010164707899093628
2703	0.007531009614467621
2704	0.013684739358723164
2705	0.009977653622627258
2706	0.014116239733994007
2707	0.012409533374011517
2708	0.008707331493496895
2709	0.011805189773440361
2710	0.012859596870839596
2711	0.011788930743932724
2712	0.013220662251114845
2713	0.012275257147848606
2714	0.01254885084927082
2715	0.01520858146250248
2716	0.013711625710129738
2717	0.014287096448242664
2718	0.013124805875122547
2719	0.014110376127064228
2720	0.022287962958216667
2721	0.015475324355065823
2722	0.012527291662991047
2723	0.015265549533069134
2724	0.015873150900006294
2725	0.014453989453613758
2726	0.014550047926604748
2727	0.01215439848601818
2728	0.013747273944318295
2729	0.01594114676117897
2730	0.015352305956184864
2731	0.013143460266292095
2732	0.014042428694665432
2733	0.014340149238705635
2734	0.014364354312419891
2735	0.021228346973657608
2736	0.017366742715239525
2737	0.014988807030022144
2738	0.01265022438019514
2739	0.012789507396519184
2740	0.013149048201739788
2741	0.01351990457624197
2742	0.01697482168674469
2743	0.01425334345549345
2744	0.012983202934265137
2745	0.014858812093734741
2746	0.016026942059397697
2747	0.01438384409993887
2748	0.011523136869072914
2749	0.012903238646686077
2750	0.01572250761091709
2751	0.016436945647001266
2752	0.018196601420640945
2753	0.013997474685311317
2754	0.01259091217070818
2755	0.011984785087406635
2756	0.011283916421234608
2757	0.016178101301193237
2758	0.013128927908837795
2759	0.013925495557487011
2760	0.015072374604642391
2761	0.012043744325637817
2762	0.011938946321606636
2763	0.015337526798248291
2764	0.012037903070449829
2765	0.015253737568855286
2766	0.015494200401008129
2767	0.017791330814361572
2768	0.016805674880743027
2769	0.010063856840133667
2770	0.0086592435836792
2771	0.014271697960793972
2772	0.014690294861793518
2773	0.016615543514490128
2774	0.01589062809944153
2775	0.01712401770055294
2776	0.013693041168153286
2777	0.01342009473592043
2778	0.013265520334243774
2779	0.015360846184194088
2780	0.015581267885863781
2781	0.01351988222450018
2782	0.013910181820392609
2783	0.013424924574792385
2784	0.014530266635119915
2785	0.015383495949208736
2786	0.014294459484517574
2787	0.015035705640912056
2788	0.013119528070092201
2789	0.015006971545517445
2790	0.013349756598472595
2791	0.01756100356578827
2792	0.01521911658346653
2793	0.01575750671327114
2794	0.015034094452857971
2795	0.012284442782402039
2796	0.014146407134830952
2797	0.012667794711887836
2798	0.013656494207680225
2799	0.01749412715435028
2800	0.012530057691037655
2801	0.013340378180146217
2802	0.013420497067272663
2803	0.012336939573287964
2804	0.015008962713181973
2805	0.015617030672729015
2806	0.0159014705568552
2807	0.016695216298103333
2808	0.012009370140731335
2809	0.012997284531593323
2810	0.010699629783630371
2811	0.014363894239068031
2812	0.012743755243718624
2813	0.010833793319761753
2814	0.011969270184636116
2815	0.016945431008934975
2816	0.0159579087048769
2817	0.013374924659729004
2818	0.012157206423580647
2819	0.010765468701720238
2820	0.01542741060256958
2821	0.015490236692130566
2822	0.019661221653223038
2823	0.016462264582514763
2824	0.017905382439494133
2825	0.016924718394875526
2826	0.015797870233654976
2827	0.024881642311811447
2828	0.013602927327156067
2829	0.013400775380432606
2830	0.01369568146765232
2831	0.012971768155694008
2832	0.014450198970735073
2833	0.01579570583999157
2834	0.014539099298417568
2835	0.014371911063790321
2836	0.01601150445640087
2837	0.017065709456801414
2838	0.01453810092061758
2839	0.012364028953015804
2840	0.015075487084686756
2841	0.013898703269660473
2842	0.01705791987478733
2843	0.014702904038131237
2844	0.013307832181453705
2845	0.018804682418704033
2846	0.014898187480866909
2847	0.013016680255532265
2848	0.011922575533390045
2849	0.015113823115825653
2850	0.01808818243443966
2851	0.015605862252414227
2852	0.014376635663211346
2853	0.01610398106276989
2854	0.014591746032238007
2855	0.013341890648007393
2856	0.012195564806461334
2857	0.012524056248366833
2858	0.011724770069122314
2859	0.013801300898194313
2860	0.012561309151351452
2861	0.013248929753899574
2862	0.013367551378905773
2863	0.015307808294892311
2864	0.011043700389564037
2865	0.013150393962860107
2866	0.01153187733143568
2867	0.014748528599739075
2868	0.012583921663463116
2869	0.012947223149240017
2870	0.012768002226948738
2871	0.01056171115487814
2872	0.012715952470898628
2873	0.014660084620118141
2874	0.015260860323905945
2875	0.02083759568631649
2876	0.01575062982738018
2877	0.012904956936836243
2878	0.013761398382484913
2879	0.014219510369002819
2880	0.013846009969711304
2881	0.01515952404588461
2882	0.016999734565615654
2883	0.012195715680718422
2884	0.011789016425609589
2885	0.012387493625283241
2886	0.013164663687348366
2887	0.013559374026954174
2888	0.01876908726990223
2889	0.017581377178430557
2890	0.014408120885491371
2891	0.015803799033164978
2892	0.016631444916129112
2893	0.016477152705192566
2894	0.016837138682603836
2895	0.018508009612560272
2896	0.013472884893417358
2897	0.012658819556236267
2898	0.012381063774228096
2899	0.009678516536951065
2900	0.010686056688427925
2901	0.01573745720088482
2902	0.013026610016822815
2903	0.009633561596274376
2904	0.008609910495579243
2905	0.011880526319146156
2906	0.014559528790414333
2907	0.016278987750411034
2908	0.014158198609948158
2909	0.013584052212536335
2910	0.0138858025893569
2911	0.014591258950531483
2912	0.01337740570306778
2913	0.014434215612709522
2914	0.012738657183945179
2915	0.013945166952908039
2916	0.012103359214961529
2917	0.014554952271282673
2918	0.01321024913340807
2919	0.013351849280297756
2920	0.01392205711454153
2921	0.01418972946703434
2922	0.015679089352488518
2923	0.012993906624615192
2924	0.01456442754715681
2925	0.012503663077950478
2926	0.013557392172515392
2927	0.01228189468383789
2928	0.014480150304734707
2929	0.011383471079170704
2930	0.011529236100614071
2931	0.010533145628869534
2932	0.0151499779894948
2933	0.01351065095514059
2934	0.012982397340238094
2935	0.014308243989944458
2936	0.013720273971557617
2937	0.012011227197945118
2938	0.010929089970886707
2939	0.01010847371071577
2940	0.009582050144672394
2941	0.008572193793952465
2942	0.010260780341923237
2943	0.008660735562443733
2944	0.00853151734918356
2945	0.00991475023329258
2946	0.010875445790588856
2947	0.01049246545881033
2948	0.00779911270365119
2949	0.009622660465538502
2950	0.010807374492287636
2951	0.009946148842573166
2952	0.011878368444740772
2953	0.013194662518799305
2954	0.011167447082698345
2955	0.01665712520480156
2956	0.014345938339829445
2957	0.014000928960740566
2958	0.01674938015639782
2959	0.014634874649345875
2960	0.010465976782143116
2961	0.013725182972848415
2962	0.016500253230333328
2963	0.014798562042415142
2964	0.016205251216888428
2965	0.014061999507248402
2966	0.013254612684249878
2967	0.015520164743065834
2968	0.013479270040988922
2969	0.011958661489188671
2970	0.00958273559808731
2971	0.011963916942477226
2972	0.009573288261890411
2973	0.008687423542141914
2974	0.008112614043056965
2975	0.013424986973404884
2976	0.015394476242363453
2977	0.01285234559327364
2978	0.012516099028289318
2979	0.015158556401729584
2980	0.011588793247938156
2981	0.008402771316468716
2982	0.009043064899742603
2983	0.00790313072502613
2984	0.008486340753734112
2985	0.00926541443914175
2986	0.008552164770662785
2987	0.006819617934525013
2988	0.00639018788933754
2989	0.006838610861450434
2990	0.005798795260488987
2991	0.006569338496774435
2992	0.006098429672420025
2993	0.00593233946710825
2994	0.005535795819014311
2995	0.004036176949739456
2996	0.00355861010029912
2997	0.005202510394155979
2998	0.005058182869106531
2999	0.0055952719412744045
3000	0.0078989053145051
3001	0.00730277830734849
3002	0.008534739725291729
3003	0.0076372805051505566
3004	0.00749979866668582
3005	0.008812432177364826
3006	0.007979234680533409
3007	0.009970510378479958
3008	0.010219190269708633
3009	0.011359353549778461
3010	0.009476273320615292
3011	0.00987122394144535
3012	0.008122730068862438
3013	0.009844553656876087
3014	0.01094556599855423
3015	0.011429117061197758
3016	0.008941124193370342
3017	0.008742046542465687
3018	0.009271285496652126
3019	0.00895022600889206
3020	0.01034617330878973
3021	0.008725429885089397
3022	0.009895659051835537
3023	0.007972192950546741
3024	0.008161898702383041
3025	0.006350558251142502
3026	0.006475485861301422
3027	0.007888149470090866
3028	0.004822732415050268
3029	0.004839714616537094
3030	0.005020658019930124
3031	0.00512465788051486
3032	0.0055002677254378796
3033	0.006302706431597471
3034	0.006019228138029575
3035	0.006499549839645624
3036	0.005919353570789099
3037	0.006237138994038105
3038	0.006017482373863459
3039	0.00412738835439086
3040	0.004481232259422541
3041	0.005438137333840132
3042	0.00427515571936965
3043	0.006153603084385395
3044	0.005300145596265793
3045	0.005820846650749445
3046	0.004997869487851858
3047	0.004155061207711697
3048	0.004470264073461294
3049	0.005431095138192177
3050	0.004789584316313267
3051	0.004936911165714264
3052	0.005403161980211735
3053	0.007150223013013601
3054	0.00921665783971548
3055	0.007580897305160761
3056	0.007968851365149021
3057	0.00945556815713644
3058	0.008904422633349895
3059	0.007816159166395664
3060	0.010019836015999317
3061	0.010797706432640553
3062	0.008352363482117653
3063	0.011843477375805378
3064	0.015424049459397793
3065	0.017552992329001427
3066	0.017856381833553314
3067	0.019248275086283684
3068	0.012378163635730743
3069	0.028492921963334084
3070	0.025982806459069252
3071	0.01609986461699009
3072	0.024199102073907852
3073	0.019934339448809624
3074	0.023074854165315628
3075	0.021733224391937256
3076	0.027532393112778664
3077	0.020284252241253853
3078	0.01838916353881359
3079	0.013878712430596352
3080	0.012203128077089787
3081	0.008746432140469551
3082	0.010769148357212543
3083	0.011690539307892323
3084	0.012665790505707264
3085	0.011125254444777966
3086	0.014251569285988808
3087	0.008954528719186783
3088	0.008840508759021759
3089	0.011283948086202145
3090	0.010367299430072308
3091	0.013372090645134449
3092	0.01629556156694889
3093	0.02155948244035244
3094	0.06038845703005791
3095	0.025453655049204826
3096	0.032168470323085785
3097	0.01711454428732395
3098	0.012285912409424782
3099	0.012575204484164715
3100	0.009286387823522091
3101	0.008132035844027996
3102	0.007515301462262869
3103	0.017111588269472122
3104	0.017729219049215317
3105	0.02342871204018593
3106	0.025309503078460693
3107	0.01964658498764038
3108	0.012967178598046303
3109	0.019771475344896317
3110	0.023466890677809715
3111	0.016081836074590683
3112	0.014908707700669765
3113	0.020833950489759445
3114	0.016557972878217697
3115	0.015044644474983215
3116	0.014190462417900562
3117	0.013492487370967865
3118	0.018160847947001457
3119	0.02024160884320736
3120	0.01649562083184719
3121	0.01479110773652792
3122	0.011098464019596577
3123	0.014549053274095058
3124	0.014487448148429394
3125	0.013253170065581799
3126	0.012324734590947628
3127	0.018636466935276985
3128	0.01783486269414425
3129	0.01900065317749977
3130	0.019168397411704063
3131	0.01841782033443451
3132	0.014782500453293324
3133	0.018197285011410713
3134	0.016867658123373985
3135	0.03941183164715767
3136	0.017641950398683548
3137	0.02622605673968792
3138	0.02234170399606228
3139	0.025927558541297913
3140	0.021030811592936516
3141	0.026690801605582237
3142	0.018657704815268517
3143	0.017306137830018997
3144	0.014383482746779919
3145	0.013734540902078152
3146	0.011100520379841328
3147	0.015589311718940735
3148	0.015471729449927807
3149	0.014703330583870411
