frame	prob
0	0.004550260491669178
1	0.0048395367339253426
2	0.004730201791971922
3	0.004430699627846479
4	0.0035968914162367582
5	0.003431483870372176
6	0.0039991154335439205
7	0.005037942435592413
8	0.005611031781882048
9	0.004709228873252869
10	0.005168459843844175
11	0.004631086252629757
12	0.004408497363328934
13	0.004773873370140791
14	0.004417018499225378
15	0.004563031252473593
16	0.004501385148614645
17	0.005983466748148203
18	0.00562842795625329
19	0.004542754031717777
20	0.004160879645496607
21	0.00643862783908844
22	0.005312297027558088
23	0.006540606264024973
24	0.005899621639400721
25	0.006077009718865156
26	0.006947468966245651
27	0.007018121425062418
28	0.010897050611674786
29	0.008815562352538109
30	0.009521864354610443
31	0.010323744267225266
32	0.007387738209217787
33	0.008798140101134777
34	0.014523932710289955
35	0.00718682212755084
36	0.014622685499489307
37	0.026931701228022575
38	0.027985667809844017
39	0.05840970203280449
40	0.03186214342713356
41	0.3192107379436493
42	0.2956125736236572
43	0.4308474659919739
44	0.05896195396780968
45	0.3065938949584961
46	0.34058794379234314
47	0.5751617550849915
48	0.4702931046485901
49	0.34467220306396484
50	0.27626439929008484
51	0.55233234167099
52	0.15599657595157623
53	0.21645212173461914
54	0.21385930478572845
55	0.2707044184207916
56	0.4351791441440582
57	0.34908971190452576
58	0.15873026847839355
59	0.5499999523162842
60	0.4195287823677063
61	0.33775678277015686
62	0.3655416965484619
63	0.40459489822387695
64	0.4913334548473358
65	0.35060498118400574
66	0.17646323144435883
67	0.5631996393203735
68	0.5870106816291809
69	0.13739247620105743
70	0.5996835827827454
71	0.6399032473564148
72	0.7358255386352539
73	0.7908043265342712
74	0.8769941329956055
75	0.8183006644248962
76	0.8551153540611267
77	0.884538471698761
78	0.6673921346664429
79	0.542434811592102
80	0.6197407841682434
81	0.7249235510826111
82	0.7773987650871277
83	0.5716770887374878
84	0.24235844612121582
85	0.3733006417751312
86	0.5006293654441833
87	0.3609362542629242
88	0.37780681252479553
89	0.4499571919441223
90	0.514726459980011
91	0.4650411605834961
92	0.5978881120681763
93	0.7036851644515991
94	0.5666305422782898
95	0.827194333076477
96	0.7658228874206543
97	0.8984365463256836
98	0.8838615417480469
99	0.7692433595657349
100	0.9774091839790344
101	0.9458120465278625
102	0.9398856163024902
103	0.9021596908569336
104	0.591591477394104
105	0.7853509187698364
106	0.8375757336616516
107	0.8748865127563477
108	0.8287079930305481
109	0.9223066568374634
110	0.9158548712730408
111	0.916867196559906
112	0.8629011511802673
113	0.9008742570877075
114	0.8241581320762634
115	0.8633407950401306
116	0.8197288513183594
117	0.8512836694717407
118	0.8218874335289001
119	0.821774423122406
120	0.7910110354423523
121	0.7832062244415283
122	0.706247866153717
123	0.8338257074356079
124	0.7462398409843445
125	0.9020344018936157
126	0.715592622756958
127	0.7740233540534973
128	0.79278165102005
129	0.8462026715278625
130	0.3524654507637024
131	0.19351115822792053
132	0.16034257411956787
133	0.16917358338832855
134	0.23499608039855957
135	0.26366665959358215
136	0.3380645215511322
137	0.24276994168758392
138	0.21833395957946777
139	0.24899423122406006
140	0.29483434557914734
141	0.3930007517337799
142	0.5814591646194458
143	0.529185950756073
144	0.21830768883228302
145	0.16409564018249512
146	0.16940711438655853
147	0.17234645783901215
148	0.18785451352596283
149	0.3234764039516449
150	0.15243704617023468
151	0.292519748210907
152	0.12123396247625351
153	0.13784049451351166
154	0.20760898292064667
155	0.19193227589130402
156	0.015923509374260902
157	0.01788019761443138
158	0.13982735574245453
159	0.2345489114522934
160	0.4009319245815277
161	0.4449295997619629
162	0.5321698188781738
163	0.2555345594882965
164	0.5814095139503479
165	0.653716504573822
166	0.7567650675773621
167	0.7914432287216187
168	0.68391352891922
169	0.711143434047699
170	0.6727972030639648
171	0.8538686633110046
172	0.7076868414878845
173	0.8845279812812805
174	0.9263578653335571
175	0.8562898635864258
176	0.9009492993354797
177	0.8571378588676453
178	0.8211329579353333
179	0.8937978744506836
180	0.831303596496582
181	0.8640621304512024
182	0.9203090667724609
183	0.8727380037307739
184	0.6732988953590393
185	0.75453120470047
186	0.7148264050483704
187	0.7459701895713806
188	0.7551671266555786
189	0.5736753344535828
190	0.46008309721946716
191	0.5865068435668945
192	0.7312154769897461
193	0.6394562125205994
194	0.7526728510856628
195	0.8263973593711853
196	0.7799380421638489
197	0.8483829498291016
198	0.8207101821899414
199	0.8047696948051453
200	0.9156051874160767
201	0.9306154251098633
202	0.9310674667358398
203	0.9575958251953125
204	0.8459181189537048
205	0.9708449244499207
206	0.9626960158348083
207	0.9628196954727173
208	0.9435043334960938
209	0.9581375122070312
210	0.8971021771430969
211	0.9093416333198547
212	0.8898815512657166
213	0.923535168170929
214	0.9438629150390625
215	0.8995878100395203
216	0.9003384709358215
217	0.8799420595169067
218	0.8377555012702942
219	0.7254791259765625
220	0.6554691195487976
221	0.538445770740509
222	0.6281068921089172
223	0.814424455165863
224	0.8413510322570801
225	0.834801971912384
226	0.970921516418457
227	0.9590191841125488
228	0.922459065914154
229	0.9136022925376892
230	0.8861651420593262
231	0.8918408751487732
232	0.8518085479736328
233	0.7598705291748047
234	0.7410442233085632
235	0.7037830948829651
236	0.6106953024864197
237	0.6053570508956909
238	0.7437273859977722
239	0.5698585510253906
240	0.689559817314148
241	0.6853942275047302
242	0.8562367558479309
243	0.8539641499519348
244	0.8572956323623657
245	0.9107946753501892
246	0.9040371179580688
247	0.9128788113594055
248	0.8896921277046204
249	0.6430107355117798
250	0.7383913993835449
251	0.9440761804580688
252	0.952775776386261
253	0.9579763412475586
254	0.9698085188865662
255	0.9697254300117493
256	0.9787809252738953
257	0.9894365668296814
258	0.9594979286193848
259	0.9666298031806946
260	0.944880485534668
261	0.9209362864494324
262	0.9054567217826843
263	0.9241216778755188
264	0.9172622561454773
265	0.8591170310974121
266	0.8669365048408508
267	0.8996734619140625
268	0.9225748181343079
269	0.9379871487617493
270	0.9127856492996216
271	0.9603301882743835
272	0.9313562512397766
273	0.9560543298721313
274	0.8841074109077454
275	0.9025747179985046
276	0.8964061141014099
277	0.9233786463737488
278	0.9060845375061035
279	0.8698431253433228
280	0.8309499025344849
281	0.9245169758796692
282	0.8728610873222351
283	0.6007415652275085
284	0.938025951385498
285	0.9300904273986816
286	0.9336215853691101
287	0.9146572351455688
288	0.9040565490722656
289	0.9375197291374207
290	0.8129203915596008
291	0.8270221948623657
292	0.7940470576286316
293	0.7691236734390259
294	0.8204224705696106
295	0.8566610217094421
296	0.892682671546936
297	0.9470486640930176
298	0.9586065411567688
299	0.965907096862793
300	0.9474326968193054
301	0.9654234051704407
302	0.952008068561554
303	0.8959383368492126
304	0.9224230647087097
305	0.8437356352806091
306	0.8724822998046875
307	0.9265662431716919
308	0.9388653039932251
309	0.885657787322998
310	0.8406362533569336
311	0.9260956048965454
312	0.9281819462776184
313	0.9111155867576599
314	0.9478898048400879
315	0.9093689322471619
316	0.911779522895813
317	0.9124369025230408
318	0.910770058631897
319	0.9210629463195801
320	0.9403427243232727
321	0.9346160888671875
322	0.943943202495575
323	0.9598613977432251
324	0.9546022415161133
325	0.9604040384292603
326	0.9078676104545593
327	0.9574066996574402
328	0.9427488446235657
329	0.972682774066925
330	0.9532825350761414
331	0.8804133534431458
332	0.8085086941719055
333	0.7702595591545105
334	0.6714956164360046
335	0.014725900255143642
336	0.009482234716415405
337	0.011313199065625668
338	0.008883172646164894
339	0.010874387808144093
340	0.008128645829856396
341	0.010774224065244198
342	0.010024662129580975
343	0.011604009196162224
344	0.010904471389949322
345	0.011649919673800468
346	0.014060676097869873
347	0.01204886194318533
348	0.01155699323862791
349	0.012924151495099068
350	0.013206432573497295
351	0.01084772776812315
352	0.013917284086346626
353	0.009550209157168865
354	0.01219001691788435
355	0.008221009746193886
356	0.01307626347988844
357	0.006278772838413715
358	0.005332478787750006
359	0.008232230320572853
360	0.009027699008584023
361	0.005801049526780844
362	0.006080192048102617
363	0.00797130074352026
364	0.006468071136623621
365	0.006167012732475996
366	0.00756610045209527
367	0.00618370296433568
368	0.004620655905455351
369	0.006111552473157644
370	0.005547355394810438
371	0.0066289277747273445
372	0.00769339594990015
373	0.009152784012258053
374	0.00824805349111557
375	0.0063028112053871155
376	0.005675360560417175
377	0.004832164384424686
378	0.005468442104756832
379	0.0062881819903850555
380	0.005566317588090897
381	0.005309590604156256
382	0.005184420850127935
383	0.007009357213973999
384	0.0052288370206952095
385	0.004546097945421934
386	0.0038267304189503193
387	0.004398781340569258
388	0.005350603722035885
389	0.005528603680431843
390	0.006875097751617432
391	0.0046354481019079685
392	0.004481745418161154
393	0.003594039473682642
394	0.0052296812646090984
395	0.005166241433471441
396	0.004305539187043905
397	0.006496910937130451
398	0.01743987202644348
399	0.009660367853939533
400	0.01622452773153782
401	0.014310008846223354
402	0.007716680411249399
403	0.004756101872771978
404	0.0071160211227834225
405	0.006569244898855686
406	0.006192602217197418
407	0.007393579464405775
408	0.008106986060738564
409	0.007772405631840229
410	0.006749480962753296
411	0.0071856859140098095
412	0.010654531419277191
413	0.007912845350801945
414	0.009474973194301128
415	0.007467202842235565
416	0.009529727511107922
417	0.008376295678317547
418	0.006699932273477316
419	0.007786585483700037
420	0.009673644788563251
421	0.011058161035180092
422	0.010738292708992958
423	0.013465866446495056
424	0.020011741667985916
425	0.0126829594373703
426	0.011354963295161724
427	0.008805694989860058
428	0.008452264592051506
429	0.010264280252158642
430	0.010763896629214287
431	0.012896872125566006
432	0.013997671194374561
433	0.018525753170251846
434	0.014535993337631226
435	0.012836574576795101
436	0.011761139146983624
437	0.0156777985394001
438	0.014666098169982433
439	0.009945929981768131
440	0.014193594455718994
441	0.014323905110359192
442	0.012047355063259602
443	0.01633630320429802
444	0.009388936683535576
445	0.010809755884110928
446	0.013945414684712887
447	0.008821405470371246
448	0.005877409130334854
449	0.009164996445178986
450	0.008618406020104885
451	0.011802265420556068
452	0.012576739303767681
453	0.012695607729256153
454	0.010615418665111065
455	0.012239267118275166
456	0.0132207740098238
457	0.03579576686024666
458	0.04669661819934845
459	0.03698325157165527
460	0.11083801090717316
461	0.21699701249599457
462	0.08090301603078842
463	0.07695522904396057
464	0.1463622897863388
465	0.1740184873342514
466	0.2706296145915985
467	0.13822272419929504
468	0.1357182115316391
469	0.32578158378601074
470	0.1939719170331955
471	0.11487998813390732
472	0.09058438986539841
473	0.1359991878271103
474	0.4231823980808258
475	0.43789902329444885
476	0.28486695885658264
477	0.22535787522792816
478	0.25628310441970825
479	0.5487753748893738
480	0.4541122615337372
481	0.7126004099845886
482	0.7621999382972717
483	0.8253990411758423
484	0.6912525296211243
485	0.7589536905288696
486	0.6137949228286743
487	0.8734739422798157
488	0.8328372240066528
489	0.8077732920646667
490	0.8068734407424927
491	0.8212491869926453
492	0.8578073382377625
493	0.8481089472770691
494	0.9041930437088013
495	0.8509417772293091
496	0.8528028726577759
497	0.6658763885498047
498	0.7072965502738953
499	0.7884928584098816
500	0.5108380913734436
501	0.6653379797935486
502	0.5256536602973938
503	0.5183143019676208
504	0.2598113715648651
505	0.4346524178981781
506	0.3191598355770111
507	0.3325670659542084
508	0.10864269733428955
509	0.061443816870450974
510	0.026166144758462906
511	0.043569423258304596
512	0.03486211225390434
513	0.046828314661979675
514	0.06857987493276596
515	0.11812569946050644
516	0.04590996727347374
517	0.038819849491119385
518	0.094945028424263
519	0.1860048919916153
520	0.020581776276230812
521	0.14752037823200226
522	0.2652488350868225
523	0.44039326906204224
524	0.17884461581707
525	0.21468070149421692
526	0.4958362281322479
527	0.7317984700202942
528	0.6766389012336731
529	0.5026494264602661
530	0.474290668964386
531	0.6688162684440613
532	0.5516531467437744
533	0.7376558780670166
534	0.6368131637573242
535	0.6447062492370605
536	0.7533414363861084
537	0.6919154524803162
538	0.48447248339653015
539	0.5499119162559509
540	0.6227626204490662
541	0.6427491307258606
542	0.6011008024215698
543	0.5091506838798523
544	0.5266215205192566
545	0.6619057059288025
546	0.6066319942474365
547	0.4510872960090637
548	0.22813527286052704
549	0.44927483797073364
550	0.554344654083252
551	0.29531145095825195
552	0.3444980978965759
553	0.650629460811615
554	0.7311826944351196
555	0.3350023925304413
556	0.7367046475410461
557	0.7756375670433044
558	0.8370181918144226
559	0.8346413969993591
560	0.6663168668746948
561	0.4957313537597656
562	0.5247685313224792
563	0.5799939036369324
564	0.3975825011730194
565	0.22065091133117676
566	0.2093641310930252
567	0.45949316024780273
568	0.34560227394104004
569	0.49690037965774536
570	0.3214012086391449
571	0.2974280118942261
572	0.21647010743618011
573	0.12102711200714111
574	0.03664640709757805
575	0.031355343759059906
576	0.009418104775249958
577	0.005806049797683954
578	0.0065303645096719265
579	0.0049962932243943214
580	0.006215435918420553
581	0.005774682853370905
582	0.0071280463598668575
583	0.005541678052395582
584	0.005811235401779413
585	0.0056168073788285255
586	0.008103958331048489
587	0.005970422178506851
588	0.007669276092201471
589	0.006815770175307989
590	0.005766707006841898
591	0.004905263427644968
592	0.005930256098508835
593	0.005683572497218847
594	0.006067309528589249
595	0.00596100278198719
596	0.005154866259545088
597	0.005775093100965023
598	0.005127523094415665
599	0.005493463017046452
600	0.005824838764965534
601	0.0058401585556566715
602	0.005225270986557007
603	0.005604537669569254
604	0.005692855920642614
605	0.004664147272706032
606	0.0036819670349359512
607	0.00414645578712225
608	0.00551986088976264
609	0.004009658005088568
610	0.0041025374084711075
611	0.004629774019122124
612	0.004073064774274826
613	0.003986770752817392
614	0.0036346495617181063
615	0.003325736615806818
616	0.003943535499274731
617	0.004264120012521744
618	0.003909555729478598
619	0.004495498724281788
620	0.003954974468797445
621	0.004483649507164955
622	0.004247491247951984
623	0.003715723752975464
624	0.0051187616772949696
625	0.004317547660320997
626	0.0047240061685442924
627	0.004488578997552395
628	0.003710924182087183
629	0.0037602470256388187
630	0.004284282680600882
631	0.004301420412957668
632	0.004478394985198975
633	0.00455794483423233
634	0.0046117655001580715
635	0.0033690936397761106
636	0.0028559062629938126
637	0.0028719475958496332
638	0.0031718157697468996
639	0.003765878966078162
640	0.0037234665360301733
641	0.0036159853916615248
642	0.0036704521626234055
643	0.003232835326343775
644	0.0038667619228363037
645	0.003294463036581874
646	0.00408691493794322
647	0.00380892981775105
648	0.003988778218626976
649	0.005076979752629995
650	0.005015555303543806
651	0.004918749909847975
652	0.005524262320250273
653	0.004989601206034422
654	0.0037520129699259996
655	0.003362409071996808
656	0.0039667426608502865
657	0.0049025812186300755
658	0.0050046141259372234
659	0.0039702486246824265
660	0.003807052969932556
661	0.004000225570052862
662	0.0039659528993070126
663	0.003896096022799611
664	0.004965488333255053
665	0.004076207056641579
666	0.0037800371646881104
667	0.004168463870882988
668	0.004435572307556868
669	0.003753738244995475
670	0.003690094221383333
671	0.0031071144621819258
672	0.004573493264615536
673	0.003694967133924365
674	0.004453630186617374
675	0.004693294875323772
676	0.003723860252648592
677	0.003852030960842967
678	0.00398454163223505
679	0.004381814505904913
680	0.003157449886202812
681	0.0034863725304603577
682	0.00342692737467587
683	0.004047461785376072
684	0.0039020671974867582
685	0.002901139436289668
686	0.003213185118511319
687	0.0031102218199521303
688	0.003725989256054163
689	0.0032941573299467564
690	0.003170348471030593
691	0.0034595311153680086
692	0.0032258909195661545
693	0.0038667370099574327
694	0.0031572801526635885
695	0.0033183989580720663
696	0.0031042720656841993
697	0.0039694528095424175
698	0.00356406276114285
699	0.0031959915068000555
700	0.0033653960563242435
701	0.0035257376730442047
702	0.003819110570475459
703	0.0034807154443114996
704	0.0032339354511350393
705	0.0033082489389926195
706	0.0034632699098438025
707	0.0053945863619446754
708	0.003485285211354494
709	0.003570884931832552
710	0.004085018299520016
711	0.0046273223124444485
712	0.004755240865051746
713	0.007000715937465429
714	0.00448216125369072
715	0.0066328528337180614
716	0.006899276282638311
717	0.008403691463172436
718	0.006065156310796738
719	0.005114701576530933
720	0.004381593316793442
721	0.005000059958547354
722	0.005061435978859663
723	0.005652408115565777
724	0.006235972978174686
725	0.006681488361209631
726	0.008062399923801422
727	0.007824556902050972
728	0.00812473800033331
729	0.00685995165258646
730	0.007781021296977997
731	0.0061359344981610775
732	0.005435086786746979
733	0.006446409970521927
734	0.006609468255192041
735	0.005434114020317793
736	0.0046043372713029385
737	0.00468725711107254
738	0.005188999697566032
739	0.004878760781139135
740	0.004497097339481115
741	0.005426672752946615
742	0.005072950851172209
743	0.0064966934733092785
744	0.006317727267742157
745	0.007485487964004278
746	0.006673175375908613
747	0.007268046028912067
748	0.005498636048287153
749	0.00669552106410265
750	0.006215276196599007
751	0.005693215411156416
752	0.005872280336916447
753	0.0056748888455331326
754	0.005144288297742605
755	0.0059018260799348354
756	0.0053671132773160934
757	0.0059463754296302795
758	0.004998169373720884
759	0.0052061849273741245
760	0.0051873899064958096
761	0.004718996584415436
762	0.003934500273317099
763	0.0037117318715900183
764	0.0036140200681984425
765	0.005029421299695969
766	0.005113303195685148
767	0.006241246126592159
768	0.004178206901997328
769	0.005932230036705732
770	0.006046729627996683
771	0.006470671389251947
772	0.00510462885722518
773	0.0037124601658433676
774	0.0039511327631771564
775	0.004295816645026207
776	0.004040386062115431
777	0.00434939144179225
778	0.003340110182762146
779	0.0039049293845891953
780	0.0030296752229332924
781	0.003203602274879813
782	0.0027809981256723404
783	0.0028804466128349304
784	0.002842310583218932
785	0.0028117585461586714
786	0.00293180625885725
787	0.0026950978208333254
788	0.003436038736253977
789	0.0031522386707365513
790	0.0029716533608734608
791	0.002634212840348482
792	0.0033084177412092686
793	0.0033757255878299475
794	0.003286251798272133
795	0.0027185387443751097
796	0.0024422788992524147
797	0.0028062635101377964
798	0.0024555406998842955
799	0.003780212253332138
800	0.002831405494362116
801	0.00396771403029561
802	0.003267713589593768
803	0.0035215362440794706
804	0.0035504538100212812
805	0.0032249786891043186
806	0.002852087840437889
807	0.003564434126019478
808	0.0036853670608252287
809	0.004021162167191505
810	0.0036378942895680666
811	0.00412426982074976
812	0.004033039789646864
813	0.0034914694260805845
814	0.0039299591444432735
815	0.003530612913891673
816	0.0034860216546803713
817	0.003600677940994501
818	0.004391382914036512
819	0.004348325077444315
820	0.004192695952951908
821	0.004338029772043228
822	0.0038677544798702
823	0.004185063298791647
824	0.0038192817009985447
825	0.005311974324285984
826	0.00360950012691319
827	0.004480960313230753
828	0.004784421529620886
829	0.00458376482129097
830	0.003771835705265403
831	0.005303904414176941
832	0.005008668638765812
833	0.005642019212245941
834	0.005638427566736937
835	0.0047900499776005745
836	0.005649378057569265
837	0.0063302600756287575
838	0.005156257655471563
839	0.0054926322773098946
840	0.0054511213675141335
841	0.006888523697853088
842	0.0059746080078184605
843	0.0056440443731844425
844	0.0044769831001758575
845	0.005070709623396397
846	0.005766259040683508
847	0.00590008869767189
848	0.005147668067365885
849	0.006070728413760662
850	0.005173202604055405
851	0.004655248019844294
852	0.0048975697718560696
853	0.005987886339426041
854	0.006313323974609375
855	0.006642464082688093
856	0.004951030015945435
857	0.005571439396589994
858	0.007765922229737043
859	0.008714239113032818
860	0.010254723951220512
861	0.015526878647506237
862	0.02697371318936348
863	0.022410228848457336
864	0.010176440700888634
865	0.00958405714482069
866	0.008276431821286678
867	0.007246628403663635
868	0.007470076438039541
869	0.006618084851652384
870	0.007933961227536201
871	0.007410848047584295
872	0.0066960714757442474
873	0.0074129411950707436
874	0.008101099170744419
875	0.008761781267821789
876	0.009509026072919369
877	0.011890310794115067
878	0.019205555319786072
879	0.057693686336278915
880	0.059725143015384674
881	0.04737178608775139
882	0.1627441644668579
883	0.35588589310646057
884	0.5117971301078796
885	0.43910256028175354
886	0.6630720496177673
887	0.7625488638877869
888	0.7231120467185974
889	0.8485711216926575
890	0.7699055075645447
891	0.6315147280693054
892	0.7847009301185608
893	0.764903724193573
894	0.8139647841453552
895	0.672386109828949
896	0.5539640188217163
897	0.7979065179824829
898	0.7442659139633179
899	0.7174693942070007
900	0.6934487223625183
901	0.7540246248245239
902	0.7553043961524963
903	0.8442956805229187
904	0.9365663528442383
905	0.9040517210960388
906	0.9169646501541138
907	0.8073498606681824
908	0.8084391951560974
909	0.8059172034263611
910	0.9336754679679871
911	0.9253379106521606
912	0.9161917567253113
913	0.8152395486831665
914	0.8964397311210632
915	0.7793950438499451
916	0.8222703337669373
917	0.8445785641670227
918	0.8738978505134583
919	0.8323327898979187
920	0.8239017724990845
921	0.6843413710594177
922	0.8181864023208618
923	0.7591863870620728
924	0.8140158653259277
925	0.7971872687339783
926	0.8970646858215332
927	0.9630903601646423
928	0.9343340992927551
929	0.9182531237602234
930	0.757439911365509
931	0.2748626470565796
932	0.18808607757091522
933	0.05765142664313316
934	0.144707590341568
935	0.9079682230949402
936	0.8450464606285095
937	0.8802799582481384
938	0.7294163107872009
939	0.5468809008598328
940	0.47040224075317383
941	0.5048803687095642
942	0.380336731672287
943	0.10644582659006119
944	0.13899582624435425
945	0.04319683462381363
946	0.009528931230306625
947	0.009705079719424248
948	0.01208569761365652
949	0.012823283672332764
950	0.024475013837218285
951	0.01996595226228237
952	0.02247019298374653
953	0.03314753249287605
954	0.056231118738651276
955	0.06882214546203613
956	0.03606847673654556
957	0.025810113176703453
958	0.018776236101984978
959	0.013148657977581024
960	0.009904746897518635
961	0.008815248496830463
962	0.008943017572164536
963	0.007131518330425024
964	0.008519340306520462
965	0.012025716714560986
966	0.027491627261042595
967	0.012552841566503048
968	0.06495748460292816
969	0.25648894906044006
970	0.3057434856891632
971	0.5002709627151489
972	0.6152275800704956
973	0.5945532917976379
974	0.5610130429267883
975	0.649197518825531
976	0.5250560641288757
977	0.6193227767944336
978	0.6878150105476379
979	0.7519387602806091
980	0.7619168758392334
981	0.6695430278778076
982	0.5297037363052368
983	0.31651902198791504
984	0.4560159146785736
985	0.09781744331121445
986	0.29932308197021484
987	0.016702765598893166
988	0.005737035069614649
989	0.007285600993782282
990	0.006281513255089521
991	0.006744224112480879
992	0.0064001502469182014
993	0.007635708432644606
994	0.006442347075790167
995	0.00632112193852663
996	0.007781594526022673
997	0.010470886714756489
998	0.020502064377069473
999	0.03255199268460274
1000	0.009996000677347183
1001	0.1709526628255844
1002	0.328316330909729
1003	0.48741230368614197
1004	0.6987709999084473
1005	0.3152967095375061
1006	0.5350049734115601
1007	0.602665901184082
1008	0.5187870860099792
1009	0.41508838534355164
1010	0.5113449096679688
1011	0.4758860170841217
1012	0.057031046599149704
1013	0.07227319478988647
1014	0.07895630598068237
1015	0.012085515074431896
1016	0.009859681129455566
1017	0.024876639246940613
1018	0.006660608109086752
1019	0.00643113860860467
1020	0.0066564674489200115
1021	0.0063477568328380585
1022	0.006979963276535273
1023	0.007104134652763605
1024	0.00635114312171936
1025	0.00762742105871439
1026	0.008738587610423565
1027	0.007200855296105146
1028	0.008372664451599121
1029	0.008190447464585304
1030	0.008372733369469643
1031	0.011641713790595531
1032	0.006903588771820068
1033	0.008687197230756283
1034	0.008567131124436855
1035	0.008821229450404644
1036	0.007308059372007847
1037	0.007710556965321302
1038	0.008779885247349739
1039	0.007388012949377298
1040	0.008900935761630535
1041	0.00869379099458456
1042	0.024017516523599625
1043	0.24365010857582092
1044	0.11567645519971848
1045	0.04880340024828911
1046	0.014323243871331215
1047	0.009726529009640217
1048	0.011284939013421535
1049	0.010165843181312084
1050	0.0068008690141141415
1051	0.005954971071332693
1052	0.0049939826130867004
1053	0.006543997209519148
1054	0.00609000725671649
1055	0.0053604403510689735
1056	0.004810339771211147
1057	0.006025706417858601
1058	0.005392374936491251
1059	0.0057356697507202625
1060	0.004580592270940542
1061	0.00562923913821578
1062	0.0053210132755339146
1063	0.005121550988405943
1064	0.004487801343202591
1065	0.0054086484014987946
1066	0.005608944687992334
1067	0.006326134782284498
1068	0.005523043219000101
1069	0.006793990731239319
1070	0.006573119200766087
1071	0.005990252830088139
1072	0.005394329782575369
1073	0.007427968084812164
1074	0.007419609930366278
1075	0.0054756635800004005
1076	0.004791358485817909
1077	0.006402465980499983
1078	0.005485477391630411
1079	0.005533765535801649
1080	0.00579362316057086
1081	0.005627438426017761
1082	0.00555883813649416
1083	0.00528027443215251
1084	0.00515590189024806
1085	0.005505732726305723
1086	0.004867084790021181
1087	0.005388916935771704
1088	0.00481489859521389
1089	0.005237101577222347
1090	0.004831696394830942
1091	0.0056654647924005985
1092	0.005726420786231756
1093	0.005379416048526764
1094	0.004808798898011446
1095	0.005802282132208347
1096	0.004833881743252277
1097	0.004317072685807943
1098	0.004893612582236528
1099	0.0045463936403393745
1100	0.0045333742164075375
1101	0.0056641981936991215
1102	0.0033764124382287264
1103	0.003331068903207779
1104	0.0037844961043447256
1105	0.003012303030118346
1106	0.002905580447986722
1107	0.0031957849860191345
1108	0.0031965349335223436
1109	0.0037561249919235706
1110	0.0029454322066158056
1111	0.005289777647703886
1112	0.003995449747890234
1113	0.006067448761314154
1114	0.005690746940672398
1115	0.005971771664917469
1116	0.004418737255036831
1117	0.004612150602042675
1118	0.005285947117954493
1119	0.005032676737755537
1120	0.00435996986925602
1121	0.005111336708068848
1122	0.005189702846109867
1123	0.006941901054233313
1124	0.0062008085660636425
1125	0.006857127882540226
1126	0.006529750768095255
1127	0.006793242879211903
1128	0.006239955313503742
1129	0.005568417254835367
1130	0.0057050990872085094
1131	0.007054276764392853
1132	0.005117068532854319
1133	0.005894777365028858
1134	0.006065708119422197
1135	0.0061034574173390865
1136	0.005393743049353361
1137	0.004978498909622431
1138	0.006408341228961945
1139	0.007428482174873352
1140	0.010117648169398308
1141	0.008285237476229668
1142	0.008429097011685371
1143	0.009272448718547821
1144	0.01021729875355959
1145	0.010364986956119537
1146	0.009596708230674267
1147	0.008326033130288124
1148	0.017293548211455345
1149	0.019060058519244194
1150	0.013832435011863708
1151	0.010242128744721413
1152	0.006403940264135599
1153	0.006881774868816137
1154	0.004986600484699011
1155	0.005777241196483374
1156	0.00578292366117239
1157	0.0065149362199008465
1158	0.007108679506927729
1159	0.006292103324085474
1160	0.008099853061139584
1161	0.008814086206257343
1162	0.011365159414708614
1163	0.03503371402621269
1164	0.08681620657444
1165	0.1093507632613182
1166	0.10112863034009933
1167	0.1609395295381546
1168	0.15863603353500366
1169	0.162933811545372
1170	0.15571217238903046
1171	0.20504193007946014
1172	0.1636469066143036
1173	0.2347768396139145
1174	0.2044399082660675
1175	0.17026221752166748
1176	0.44995561242103577
1177	0.3312937915325165
1178	0.45888423919677734
1179	0.48898765444755554
1180	0.16966798901557922
1181	0.08440932631492615
1182	0.009094956330955029
1183	0.0069224475882947445
1184	0.00815956387668848
1185	0.008493694476783276
1186	0.0110204191878438
1187	0.13378308713436127
1188	0.555853009223938
1189	0.8545485734939575
1190	0.8704258799552917
1191	0.6946179270744324
1192	0.8073121905326843
1193	0.8354761004447937
1194	0.7971712946891785
1195	0.6473113894462585
1196	0.7319387793540955
1197	0.7404474020004272
1198	0.6844231486320496
1199	0.5730668902397156
1200	0.604998767375946
1201	0.6703564524650574
1202	0.6509019732475281
1203	0.6675183773040771
1204	0.6622218489646912
1205	0.6882001161575317
1206	0.5864033102989197
1207	0.6674740314483643
1208	0.5681642889976501
1209	0.6617145538330078
1210	0.646220862865448
1211	0.7050498127937317
1212	0.8216598629951477
1213	0.7944962382316589
1214	0.8266543745994568
1215	0.7297831773757935
1216	0.7355679273605347
1217	0.553953230381012
1218	0.6274651288986206
1219	0.6291570067405701
1220	0.6089645624160767
1221	0.5464054942131042
1222	0.5356206297874451
1223	0.6500958800315857
1224	0.6608405113220215
1225	0.6991936564445496
1226	0.7719330787658691
1227	0.7051432728767395
1228	0.7905375957489014
1229	0.7952510714530945
1230	0.8670455813407898
1231	0.9040644764900208
1232	0.7953376173973083
1233	0.7688490748405457
1234	0.8096421360969543
1235	0.7033467292785645
1236	0.6761180758476257
1237	0.6488468050956726
1238	0.754122257232666
1239	0.6650482416152954
1240	0.6086893081665039
1241	0.4939989745616913
1242	0.6786792874336243
1243	0.722138524055481
1244	0.704395592212677
1245	0.6894561648368835
1246	0.6786078810691833
1247	0.727682888507843
1248	0.6222788691520691
1249	0.4787410795688629
1250	0.6822401881217957
1251	0.764886200428009
1252	0.6525700688362122
1253	0.8290853500366211
1254	0.6623086333274841
1255	0.6001160144805908
1256	0.40262746810913086
1257	0.4686574935913086
1258	0.19598661363124847
1259	0.12050563097000122
1260	0.26224014163017273
1261	0.3036946654319763
1262	0.4376170337200165
1263	0.5148771405220032
1264	0.47256723046302795
1265	0.37690746784210205
1266	0.6903333067893982
1267	0.7060307860374451
1268	0.7282637357711792
1269	0.013478408567607403
1270	0.007152800913900137
1271	0.007884975522756577
1272	0.006231841631233692
1273	0.0061324723064899445
1274	0.00652911514043808
1275	0.005228187423199415
1276	0.005191486328840256
1277	0.0051332744769752026
1278	0.005713177844882011
1279	0.007041133474558592
1280	0.0059303478337824345
1281	0.005036277696490288
1282	0.0055479989387094975
1283	0.006501683034002781
1284	0.006764051970094442
1285	0.008450010791420937
1286	0.009243281558156013
1287	0.00753512978553772
1288	0.006141450256109238
1289	0.007142271380871534
1290	0.006294579245150089
1291	0.006276234984397888
1292	0.008914477191865444
1293	0.00928350817412138
1294	0.007669034879654646
1295	0.00849083624780178
1296	0.005632112268358469
1297	0.005881112068891525
1298	0.005990101955831051
1299	0.006975825410336256
1300	0.005433972459286451
1301	0.005709012039005756
1302	0.004509259480983019
1303	0.00395997753366828
1304	0.004735772497951984
1305	0.003238666569814086
1306	0.004085764288902283
1307	0.003698926419019699
1308	0.004713836126029491
1309	0.0031582750380039215
1310	0.0032885861583054066
1311	0.003883312689140439
1312	0.003974183928221464
1313	0.0034691968467086554
1314	0.0032319705933332443
1315	0.003938069101423025
1316	0.003672258695587516
1317	0.003063887357711792
1318	0.0029828238766640425
1319	0.003753460943698883
1320	0.0037216960918158293
1321	0.003616024274379015
1322	0.0037358298432081938
1323	0.0031576843466609716
1324	0.003331268671900034
1325	0.0030323672108352184
1326	0.0036801898386329412
1327	0.004155041184276342
1328	0.00424671545624733
1329	0.005930727813392878
1330	0.004058121237903833
1331	0.0045170565135777
1332	0.003969245590269566
1333	0.005314097739756107
1334	0.004855278413742781
1335	0.003574655158445239
1336	0.003252672031521797
1337	0.004163782577961683
1338	0.0035003279335796833
1339	0.00478338822722435
1340	0.0036102973390370607
1341	0.004198640584945679
1342	0.003678134875372052
1343	0.0035731822717934847
1344	0.0030122832395136356
1345	0.004091600421816111
1346	0.003961444832384586
1347	0.0037826746702194214
1348	0.003565588966012001
1349	0.003251832677051425
1350	0.004288054537028074
1351	0.004140486475080252
1352	0.003978319000452757
1353	0.0030387812294065952
1354	0.0038937018252909184
1355	0.00391264958307147
1356	0.00388978305272758
1357	0.003600626951083541
1358	0.0040039196610450745
1359	0.0045540123246610165
1360	0.004634513985365629
1361	0.005884856916964054
1362	0.006115817464888096
1363	0.005180736072361469
1364	0.005781590938568115
1365	0.006823766510933638
1366	0.005914868321269751
1367	0.00592863978818059
1368	0.004631934221833944
1369	0.005442321300506592
1370	0.006544533651322126
1371	0.005503464490175247
1372	0.004307400435209274
1373	0.004618675913661718
1374	0.004083325620740652
1375	0.004393069539219141
1376	0.0042296661995351315
1377	0.005079855676740408
1378	0.004777758847922087
1379	0.004628801252692938
1380	0.004623501095920801
1381	0.004847886506468058
1382	0.005314538720995188
1383	0.004970375914126635
1384	0.004741976503282785
1385	0.008585095405578613
1386	0.008906557224690914
1387	0.006893004756420851
1388	0.006640815641731024
1389	0.007044836413115263
1390	0.009278155863285065
1391	0.011142991483211517
1392	0.010503132827579975
1393	0.010888432152569294
1394	0.017926199361681938
1395	0.029740720987319946
1396	0.02534857951104641
1397	0.021081332117319107
1398	0.01807335391640663
1399	0.03304160386323929
1400	0.042032260447740555
1401	0.026788288727402687
1402	0.022475777193903923
1403	0.03841175511479378
1404	0.028279131278395653
1405	0.025222573429346085
1406	0.023776214569807053
1407	0.029550418257713318
1408	0.019769838079810143
1409	0.013984546065330505
1410	0.014487299136817455
1411	0.033747341483831406
1412	0.025167474523186684
1413	0.08100318908691406
1414	0.11770603805780411
1415	0.11957719177007675
1416	0.10138159245252609
1417	0.1385353058576584
1418	0.11010632663965225
1419	0.09428325295448303
1420	0.12368524074554443
1421	0.040803540498018265
1422	0.11202309280633926
1423	0.18299879133701324
1424	0.3217647671699524
1425	0.24963811039924622
1426	0.2176520824432373
1427	0.1015705093741417
1428	0.05342438817024231
1429	0.0285160094499588
1430	0.013312241993844509
1431	0.01908225379884243
1432	0.014244086109101772
1433	0.009090833365917206
1434	0.009751166217029095
1435	0.011229614727199078
1436	0.01675288751721382
1437	0.05524533614516258
1438	0.06743767112493515
1439	0.04742632433772087
1440	0.05147496983408928
1441	0.09202193468809128
1442	0.06139674410223961
1443	0.14945442974567413
1444	0.11519359797239304
1445	0.21045327186584473
1446	0.08503655344247818
1447	0.09092544764280319
1448	0.025059258565306664
1449	0.036907780915498734
1450	0.05387835577130318
1451	0.04576917365193367
1452	0.04523184522986412
1453	0.03827304393053055
1454	0.04879779368638992
1455	0.06488154828548431
1456	0.04529312625527382
1457	0.055601347237825394
1458	0.05030674487352371
1459	0.11739106476306915
1460	0.14537091553211212
1461	0.10219978541135788
1462	0.15387164056301117
1463	0.1384097784757614
1464	0.11146318912506104
1465	0.1863810271024704
1466	0.14320720732212067
1467	0.15744131803512573
1468	0.18306760489940643
1469	0.2099945992231369
1470	0.16880755126476288
1471	0.09788229316473007
1472	0.013648176565766335
1473	0.0075962133705616
1474	0.008370904251933098
1475	0.006300471723079681
1476	0.007295660208910704
1477	0.007121792528778315
1478	0.0811038538813591
1479	0.15125560760498047
1480	0.27984046936035156
1481	0.028583986684679985
1482	0.01428996492177248
1483	0.008665761910378933
1484	0.01144341193139553
1485	0.009419785812497139
1486	0.008386343717575073
1487	0.012629642151296139
1488	0.01129154022783041
1489	0.01379310805350542
1490	0.008474915288388729
1491	0.012461484409868717
1492	0.049168363213539124
1493	0.12906356155872345
1494	0.2639847695827484
1495	0.33035948872566223
1496	0.02894534543156624
1497	0.02267209254205227
1498	0.021651914343237877
1499	0.010812737047672272
1500	0.006957225501537323
1501	0.0077214315533638
1502	0.0065252408385276794
1503	0.00650816923007369
1504	0.013088640756905079
1505	0.01292963232845068
1506	0.011154805310070515
1507	0.009105986915528774
1508	0.007754297461360693
1509	0.012495629489421844
1510	0.02041170559823513
1511	0.017278296872973442
1512	0.013214515522122383
1513	0.013604017905890942
1514	0.012903325259685516
1515	0.040749844163656235
1516	0.12653914093971252
1517	0.5838333368301392
1518	0.9161043167114258
1519	0.9379686713218689
1520	0.9869558215141296
1521	0.8602910041809082
1522	0.6105103492736816
1523	0.9090612530708313
1524	0.7875599265098572
1525	0.752987265586853
1526	0.4490601718425751
1527	0.8208414316177368
1528	0.7403029203414917
1529	0.5968732833862305
1530	0.8135148286819458
1531	0.8094463348388672
1532	0.8842434287071228
1533	0.8585314154624939
1534	0.8294711112976074
1535	0.776059627532959
1536	0.7680261731147766
1537	0.6301275491714478
1538	0.21395376324653625
1539	0.5804075598716736
1540	0.08547203987836838
1541	0.4884428083896637
1542	0.5477388501167297
1543	0.5685716867446899
1544	0.7951465249061584
1545	0.7070423364639282
1546	0.7525726556777954
1547	0.6026031374931335
1548	0.6826640367507935
1549	0.5624179840087891
1550	0.6930730938911438
1551	0.5559579133987427
1552	0.3878452479839325
1553	0.3602501451969147
1554	0.31366047263145447
1555	0.5230291485786438
1556	0.23027446866035461
1557	0.32940351963043213
1558	0.6500289440155029
1559	0.6099667549133301
1560	0.6994011998176575
1561	0.6525564193725586
1562	0.7094139456748962
1563	0.9076841473579407
1564	0.972898006439209
1565	0.9625633358955383
1566	0.9391088485717773
1567	0.8691868185997009
1568	0.9121017456054688
1569	0.5372915267944336
1570	0.8648985028266907
1571	0.8951578140258789
1572	0.8058330416679382
1573	0.25675758719444275
1574	0.029851628467440605
1575	0.0373581163585186
1576	0.04469073563814163
1577	0.04973025619983673
1578	0.019441597163677216
1579	0.07057880610227585
1580	0.028725463896989822
1581	0.04793373495340347
1582	0.71690434217453
1583	0.9248464703559875
1584	0.9597170948982239
1585	0.9615265130996704
1586	0.9729898571968079
1587	0.9663171768188477
1588	0.701044499874115
1589	0.2562282979488373
1590	0.0778159648180008
1591	0.04866819083690643
1592	0.014820474199950695
1593	0.011757525615394115
1594	0.020034493878483772
1595	0.07293569296598434
1596	0.011166341602802277
1597	0.03823138028383255
1598	0.12462957948446274
1599	0.19609065353870392
1600	0.6463310122489929
1601	0.6715171933174133
1602	0.25754913687705994
1603	0.21580123901367188
1604	0.28193655610084534
1605	0.6498540043830872
1606	0.8964834213256836
1607	0.8559364676475525
1608	0.8322198987007141
1609	0.8358247876167297
1610	0.47287455201148987
1611	0.044645439833402634
1612	0.015423759818077087
1613	0.01416017021983862
1614	0.00950414128601551
1615	0.01145413238555193
1616	0.011754391714930534
1617	0.01118428260087967
1618	0.012250100262463093
1619	0.010011573322117329
1620	0.012028265744447708
1621	0.010772237554192543
1622	0.011749721132218838
1623	0.010521084070205688
1624	0.010736181400716305
1625	0.009639517404139042
1626	0.01178331021219492
1627	0.008236976340413094
1628	0.02685910277068615
1629	0.9165579676628113
1630	0.9043723344802856
1631	0.435093492269516
1632	0.4413813650608063
1633	0.32419052720069885
1634	0.6013922691345215
1635	0.7682058215141296
1636	0.9180246591567993
1637	0.8482428789138794
1638	0.8858968615531921
1639	0.8191933035850525
1640	0.9037536978721619
1641	0.8499656915664673
1642	0.8758403658866882
1643	0.8666804432868958
1644	0.23228178918361664
1645	0.20200930535793304
1646	0.3104000389575958
1647	0.17265580594539642
1648	0.165089413523674
1649	0.5309255719184875
1650	0.5734137892723083
1651	0.7088151574134827
1652	0.9249736666679382
1653	0.8760122656822205
1654	0.9022933840751648
1655	0.8543554544448853
1656	0.8254755139350891
1657	0.4165745675563812
1658	0.2689051032066345
1659	0.5004131197929382
1660	0.5629066228866577
1661	0.4602547585964203
1662	0.5853560566902161
1663	0.23376014828681946
1664	0.39713868498802185
1665	0.0820164680480957
1666	0.2792581617832184
1667	0.48366090655326843
1668	0.37858936190605164
1669	0.009239082224667072
1670	0.007385071367025375
1671	0.0097965057939291
1672	0.009932219050824642
1673	0.007784229703247547
1674	0.008910107426345348
1675	0.007866608910262585
1676	0.006515880580991507
1677	0.009333059191703796
1678	0.009722894988954067
1679	0.008910631760954857
1680	0.011485538445413113
1681	0.008161501958966255
1682	0.007654999382793903
1683	0.010025161318480968
1684	0.008669584058225155
1685	0.007269525434821844
1686	0.008701318874955177
1687	0.009824611246585846
1688	0.011756205931305885
1689	0.010136973112821579
1690	0.010381671600043774
1691	0.009044538252055645
1692	0.009709141217172146
1693	0.0072777182795107365
1694	0.006995534058660269
1695	0.006195709574967623
1696	0.00528386514633894
1697	0.004716243129223585
1698	0.0036089017521589994
1699	0.004204819910228252
1700	0.004114975221455097
1701	0.004564696457237005
1702	0.0037372882943600416
1703	0.003875367809087038
1704	0.003694674698635936
1705	0.003125239862129092
1706	0.003942572977393866
1707	0.003565379185602069
1708	0.0034043793566524982
1709	0.003464766312390566
1710	0.0038537338841706514
1711	0.003911588806658983
1712	0.0043599666096270084
1713	0.00592392822727561
1714	0.005755170714110136
1715	0.0038775510620325804
1716	0.005687303841114044
1717	0.0050585647113621235
1718	0.005091301631182432
1719	0.004267702344805002
1720	0.003841456724330783
1721	0.004749206826090813
1722	0.005135956685990095
1723	0.005429624579846859
1724	0.007022195495665073
1725	0.006493342109024525
1726	0.004835014697164297
1727	0.004826613236218691
1728	0.004929108079522848
1729	0.006651995237916708
1730	0.003639791626483202
1731	0.003261004341766238
1732	0.00324227730743587
1733	0.0033004104625433683
1734	0.003149125725030899
1735	0.00352223077788949
1736	0.0037686508148908615
1737	0.0042371670715510845
1738	0.004956785123795271
1739	0.005965835880488157
1740	0.004917585290968418
1741	0.0037668459117412567
1742	0.005145834293216467
1743	0.005077964626252651
1744	0.0036518436390906572
1745	0.004080299288034439
1746	0.004414986819028854
1747	0.005536937620490789
1748	0.004332248121500015
1749	0.004608076997101307
1750	0.004921310115605593
1751	0.005733038764446974
1752	0.005786496680229902
1753	0.006223367061465979
1754	0.005726567003875971
1755	0.0047085159458220005
1756	0.00525679811835289
1757	0.004738704767078161
1758	0.004185797646641731
1759	0.0042964923195540905
1760	0.003484252840280533
1761	0.003956796135753393
1762	0.003399125998839736
1763	0.005042578559368849
1764	0.0067980485036969185
1765	0.0049792383797466755
1766	0.0052701206877827644
1767	0.004580886568874121
1768	0.004938601981848478
1769	0.00592854805290699
1770	0.004694391507655382
1771	0.006985243409872055
1772	0.005550199653953314
1773	0.004972397815436125
1774	0.006607465445995331
1775	0.004764468874782324
1776	0.004852069541811943
1777	0.00600671349093318
1778	0.004555467050522566
1779	0.005965429823845625
1780	0.0053869872353971004
1781	0.00621024239808321
1782	0.004731161519885063
1783	0.005365464836359024
1784	0.006572554353624582
1785	0.009575228206813335
1786	0.007936042733490467
1787	0.008389185182750225
1788	0.006080147810280323
1789	0.008039632812142372
1790	0.009660327807068825
1791	0.009030389599502087
1792	0.00951570738106966
1793	0.013615349307656288
1794	0.016273504123091698
1795	0.021853258833289146
1796	0.01877635531127453
1797	0.03946394473314285
1798	0.03654005751013756
1799	0.035837188363075256
1800	0.035015035420656204
1801	0.045336492359638214
1802	0.06231852248311043
1803	0.059656865894794464
1804	0.028314152732491493
1805	0.061733245849609375
1806	0.08408977836370468
1807	0.053835805505514145
1808	0.0963299423456192
1809	0.07304935157299042
1810	0.12059357017278671
1811	0.12074921280145645
1812	0.1115308552980423
1813	0.12879721820354462
1814	0.10125173628330231
1815	0.11707265675067902
1816	0.1571335345506668
1817	0.22067709267139435
1818	0.31245240569114685
1819	0.29008328914642334
1820	0.4029797613620758
1821	0.5507441759109497
1822	0.4305363595485687
1823	0.6519513130187988
1824	0.8483161926269531
1825	0.7814493179321289
1826	0.6952924132347107
1827	0.7065798044204712
1828	0.5801472067832947
1829	0.5935906767845154
1830	0.7979214787483215
1831	0.869236171245575
1832	0.7130337953567505
1833	0.6970078349113464
1834	0.6433582901954651
1835	0.3937264084815979
1836	0.4851926863193512
1837	0.5391155481338501
1838	0.5440686345100403
1839	0.7675302624702454
1840	0.7504250407218933
1841	0.8010480999946594
1842	0.8782426714897156
1843	0.9327866435050964
1844	0.7627307772636414
1845	0.8465820550918579
1846	0.7476838231086731
1847	0.9296938180923462
1848	0.8645595908164978
1849	0.9200845956802368
1850	0.8852788805961609
1851	0.8593721389770508
1852	0.9840265512466431
1853	0.9047207236289978
1854	0.8869945406913757
1855	0.9141988754272461
1856	0.9538553357124329
1857	0.948462188243866
1858	0.9439045190811157
1859	0.940673828125
1860	0.9035919308662415
1861	0.9221092462539673
1862	0.9762176871299744
1863	0.9324186444282532
1864	0.9506967663764954
1865	0.9122326970100403
1866	0.9277116656303406
1867	0.8894625902175903
1868	0.9481891989707947
1869	0.852177083492279
1870	0.7009602785110474
1871	0.6195166707038879
1872	0.4073515832424164
1873	0.19603727757930756
1874	0.0939478799700737
1875	0.022685501724481583
1876	0.013912389054894447
1877	0.01689278520643711
1878	0.012434988282620907
1879	0.017275571823120117
1880	0.0716109499335289
1881	0.09175018221139908
1882	0.3527108132839203
1883	0.8577699661254883
1884	0.892739474773407
1885	0.8727559447288513
1886	0.2052057832479477
1887	0.0076703839004039764
1888	0.017250074073672295
1889	0.013081408105790615
1890	0.010666390880942345
1891	0.012446264736354351
1892	0.008184392005205154
1893	0.008372788317501545
1894	0.012130239978432655
1895	0.010307359509170055
1896	0.011770427227020264
1897	0.010890132747590542
1898	0.008334497921168804
1899	0.007887993939220905
1900	0.007918175309896469
1901	0.007970787584781647
1902	0.00746431527659297
1903	0.006848254706710577
1904	0.008179455995559692
1905	0.006789531093090773
1906	0.00748387211933732
1907	0.008436615578830242
1908	0.007428079377859831
1909	0.008069092407822609
1910	0.010156874544918537
1911	0.00870577897876501
1912	0.007784023880958557
1913	0.009035884402692318
1914	0.011718988418579102
1915	0.012303215451538563
1916	0.010282463394105434
1917	0.009519790299236774
1918	0.008532250300049782
1919	0.00811463501304388
1920	0.006517698056995869
1921	0.008841845206916332
1922	0.006886479910463095
1923	0.0064901928417384624
1924	0.005930897779762745
1925	0.005566200241446495
1926	0.0057424032129347324
1927	0.005505063571035862
1928	0.0051527186296880245
1929	0.004684195388108492
1930	0.006573388818651438
1931	0.006573987193405628
1932	0.006295783910900354
1933	0.006854431238025427
1934	0.0073859370313584805
1935	0.006676285993307829
1936	0.006434251554310322
1937	0.0071419463492929935
1938	0.0056432029232382774
1939	0.0060992068611085415
1940	0.005492163356393576
1941	0.007012923713773489
1942	0.006289738696068525
1943	0.005686798598617315
1944	0.005030462052673101
1945	0.004311115946620703
1946	0.004265469498932362
1947	0.005317502189427614
1948	0.005275905132293701
1949	0.005469292402267456
1950	0.0041014449670910835
1951	0.003980911802500486
1952	0.004212772473692894
1953	0.0049748350866138935
1954	0.004239055793732405
1955	0.0058297268114984035
1956	0.004646440502256155
1957	0.0053324452601373196
1958	0.007305177394300699
1959	0.005339774768799543
1960	0.005245851818472147
1961	0.007495733443647623
1962	0.007286883890628815
1963	0.0066096908412873745
1964	0.00556606100872159
1965	0.005938088521361351
1966	0.005581966135650873
1967	0.006572025362402201
1968	0.0074068098329007626
1969	0.009715224616229534
1970	0.009506232105195522
1971	0.007541210390627384
1972	0.008058609440922737
1973	0.005998113192617893
1974	0.006255692336708307
1975	0.007746201008558273
1976	0.005741591099649668
1977	0.0073136985301971436
1978	0.006923799403011799
1979	0.005997634958475828
1980	0.006284642498940229
1981	0.004963051527738571
1982	0.005479070823639631
1983	0.00382956862449646
1984	0.004113582894206047
1985	0.00444777449592948
1986	0.004345259163528681
1987	0.005352209787815809
1988	0.006512451451271772
1989	0.005832615774124861
1990	0.004838509485125542
1991	0.004171182867139578
1992	0.0054229493252933025
1993	0.004557373002171516
1994	0.007727783173322678
1995	0.004572903271764517
1996	0.005154430400580168
1997	0.007683746051043272
1998	0.005608343984931707
1999	0.004904076922684908
2000	0.005156715400516987
2001	0.005731138400733471
2002	0.0055188629776239395
2003	0.00563045172020793
2004	0.005294541362673044
2005	0.005463317036628723
2006	0.006231409031897783
2007	0.004635191522538662
2008	0.00551496772095561
2009	0.0063460408709943295
2010	0.004688487388193607
2011	0.00632946053519845
2012	0.00492493063211441
2013	0.00656060129404068
2014	0.006503204349428415
2015	0.006578299682587385
2016	0.006232944317162037
2017	0.005974334664642811
2018	0.005167046096175909
2019	0.005248339381068945
2020	0.005722049158066511
2021	0.0062608434818685055
2022	0.00806730892509222
2023	0.009532141499221325
2024	0.008985606022179127
2025	0.009620263241231441
2026	0.011971376836299896
2027	0.011809113435447216
2028	0.011240257881581783
2029	0.009949088096618652
2030	0.010665020905435085
2031	0.00989815779030323
2032	0.01008960884064436
2033	0.01222452986985445
2034	0.015618405304849148
2035	0.016048921272158623
2036	0.032765038311481476
2037	0.034312404692173004
2038	0.04329618811607361
2039	0.05297548696398735
2040	0.06819214671850204
2041	0.07465121150016785
2042	0.06274249404668808
2043	0.05749591812491417
2044	0.04672178998589516
2045	0.051003552973270416
2046	0.04102346673607826
2047	0.06833692640066147
2048	0.1808399260044098
2049	0.20656871795654297
2050	0.18223457038402557
2051	0.07480287551879883
2052	0.17773601412773132
2053	0.09233559668064117
2054	0.06329474598169327
2055	0.08676822483539581
2056	0.2609819173812866
2057	0.18444375693798065
2058	0.12045023590326309
2059	0.15735779702663422
2060	0.1366787552833557
2061	0.46303969621658325
2062	0.7347893118858337
2063	0.7052056193351746
2064	0.5105234384536743
2065	0.5212867856025696
2066	0.7537011504173279
2067	0.8524354100227356
2068	0.838200569152832
2069	0.8641977310180664
2070	0.9059816598892212
2071	0.7642442584037781
2072	0.8663813471794128
2073	0.9323053359985352
2074	0.9325289130210876
2075	0.9092113375663757
2076	0.927422821521759
2077	0.9718109369277954
2078	0.9542062878608704
2079	0.9329286813735962
2080	0.8786044120788574
2081	0.9033881425857544
2082	0.928229808807373
2083	0.9369595646858215
2084	0.926980197429657
2085	0.9485613107681274
2086	0.9682491421699524
2087	0.9844323992729187
2088	0.9529466032981873
2089	0.8964301347732544
2090	0.6838857531547546
2091	0.2894212603569031
2092	0.08271592855453491
2093	0.0817045196890831
2094	0.07472983747720718
2095	0.01573674939572811
2096	0.01448280829936266
2097	0.014718228951096535
2098	0.022542623803019524
2099	0.09901761263608932
2100	0.37243446707725525
2101	0.2706100642681122
2102	0.08818579465150833
2103	0.018190329894423485
2104	0.010612103156745434
2105	0.013932116329669952
2106	0.012813079170882702
2107	0.021985415369272232
2108	0.059794068336486816
2109	0.12186308205127716
2110	0.08656816929578781
2111	0.026886314153671265
2112	0.017813751474022865
2113	0.013211925514042377
2114	0.010915352962911129
2115	0.013751283288002014
2116	0.012546169571578503
2117	0.013948753476142883
2118	0.012055960483849049
2119	0.011598914861679077
2120	0.014349925331771374
2121	0.013073359616100788
2122	0.011423969641327858
2123	0.01022766437381506
2124	0.012189804576337337
2125	0.008427550084888935
2126	0.009350650012493134
2127	0.011232574470341206
2128	0.01022890955209732
2129	0.16973762214183807
2130	0.2645603120326996
2131	0.04487170651555061
2132	0.026400744915008545
2133	0.012686637230217457
2134	0.011856247670948505
2135	0.009054559282958508
2136	0.008080149069428444
2137	0.007734565529972315
2138	0.007573701441287994
2139	0.006259993650019169
2140	0.009083526208996773
2141	0.010386045090854168
2142	0.010682540945708752
2143	0.00958207156509161
2144	0.00762588856741786
2145	0.006594920065253973
2146	0.012987466529011726
2147	0.010468893684446812
2148	0.011103291995823383
2149	0.015048541128635406
2150	0.017913175746798515
2151	0.010826787911355495
2152	0.011728756129741669
2153	0.014120268635451794
2154	0.01151016354560852
2155	0.01356425043195486
2156	0.010672741569578648
2157	0.011177729815244675
2158	0.010145885869860649
2159	0.00839805044233799
2160	0.009973691776394844
2161	0.010042980313301086
2162	0.01139918901026249
2163	0.011108470149338245
2164	0.010707765817642212
2165	0.008395664393901825
2166	0.009494270198047161
2167	0.011128323152661324
2168	0.007555873598903418
2169	0.008663794957101345
2170	0.006197852548211813
2171	0.007247034460306168
2172	0.009437136352062225
2173	0.006008873227983713
2174	0.006063941866159439
2175	0.006969152484089136
2176	0.005062303505837917
2177	0.005451536271721125
2178	0.00447195814922452
2179	0.0062581077218055725
2180	0.005353406071662903
2181	0.005154585465788841
2182	0.005843022372573614
2183	0.005808833986520767
2184	0.005709129851311445
2185	0.004775723908096552
2186	0.0049809785559773445
2187	0.0049189128912985325
2188	0.004348717629909515
2189	0.005420366767793894
2190	0.0062805041670799255
2191	0.008194190450012684
2192	0.007103425450623035
2193	0.007957100868225098
2194	0.005573437549173832
2195	0.007912284694612026
2196	0.006463240832090378
2197	0.007810566108673811
2198	0.005948472302407026
2199	0.01200210303068161
2200	0.011154379695653915
2201	0.01725340075790882
2202	0.014734569005668163
2203	0.02790611982345581
2204	0.02361755073070526
2205	0.018151015043258667
2206	0.01477630715817213
2207	0.013156674802303314
2208	0.011960762552917004
2209	0.017580324783921242
2210	0.017855577170848846
2211	0.021885227411985397
2212	0.018043609336018562
2213	0.01837981678545475
2214	0.015278369188308716
2215	0.04589011147618294
2216	0.18029499053955078
2217	0.3575325012207031
2218	0.6575954556465149
2219	0.8577171564102173
2220	0.9394363760948181
2221	0.9369556307792664
2222	0.9541842341423035
2223	0.9077014923095703
2224	0.7879858016967773
2225	0.8010541200637817
2226	0.8365851640701294
2227	0.8095452189445496
2228	0.7937920689582825
2229	0.8523908853530884
2230	0.9156346321105957
2231	0.9191858172416687
2232	0.9364833235740662
2233	0.9214305877685547
2234	0.951985776424408
2235	0.908290684223175
2236	0.940956711769104
2237	0.9216176271438599
2238	0.9563347101211548
2239	0.9436668753623962
2240	0.946088969707489
2241	0.9662835001945496
2242	0.9174688458442688
2243	0.8907620310783386
2244	0.9698454141616821
2245	0.98267662525177
2246	0.9707098007202148
2247	0.9810697436332703
2248	0.9876114726066589
2249	0.9846577048301697
2250	0.9830341339111328
2251	0.9644622206687927
2252	0.5050630569458008
2253	0.021228013560175896
2254	0.013163626194000244
2255	0.010877792723476887
2256	0.010246483609080315
2257	0.0063172862865030766
2258	0.007306199055165052
2259	0.008427015505731106
2260	0.0079152537509799
2261	0.047686617821455
2262	0.09169560670852661
2263	0.19415484368801117
2264	0.22774790227413177
2265	0.7678188681602478
2266	0.7834495902061462
2267	0.8111997842788696
2268	0.6090264320373535
2269	0.3248805105686188
2270	0.1428707093000412
2271	0.019351070746779442
2272	0.008537441492080688
2273	0.014659957960247993
2274	0.010734167881309986
2275	0.00955891888588667
2276	0.009923246689140797
2277	0.008503002114593983
2278	0.009049776941537857
2279	0.00785516481846571
2280	0.006194614805281162
2281	0.0053211660124361515
2282	0.00565395737066865
2283	0.006558076478540897
2284	0.00552366441115737
2285	0.004978280980139971
2286	0.0048867701552808285
2287	0.005857672542333603
2288	0.006243121810257435
2289	0.005960200447589159
2290	0.006980071309953928
2291	0.007661305367946625
2292	0.008099779486656189
2293	0.00957343727350235
2294	0.0070351287722587585
2295	0.006203887052834034
2296	0.0057798572815954685
2297	0.006549724377691746
2298	0.006608625408262014
2299	0.005033396650105715
2300	0.005767414811998606
2301	0.004368174355477095
2302	0.005224422086030245
2303	0.004317722748965025
2304	0.004835819359868765
2305	0.006934081669896841
2306	0.005514682736247778
2307	0.004700138699263334
2308	0.006305267568677664
2309	0.004093423020094633
2310	0.00421656621620059
2311	0.003552810987457633
2312	0.0047812131233513355
2313	0.006097580771893263
2314	0.00815233401954174
2315	0.006629306357353926
2316	0.006104306783527136
2317	0.007699988782405853
2318	0.006833587773144245
2319	0.005499554332345724
2320	0.005930570885539055
2321	0.0059551941230893135
2322	0.005535073112696409
2323	0.0063639492727816105
2324	0.006492470856755972
2325	0.00830638874322176
2326	0.005553079769015312
2327	0.007021740078926086
2328	0.007228195667266846
2329	0.0069830045104026794
2330	0.005174681078642607
2331	0.0058861831203103065
2332	0.006070427596569061
2333	0.0086860042065382
2334	0.0077250050380826
2335	0.006252451334148645
2336	0.006343969143927097
2337	0.006995472591370344
2338	0.009030806832015514
2339	0.011017546989023685
2340	0.008870151825249195
2341	0.006851474288851023
2342	0.005897331517189741
2343	0.005625355523079634
2344	0.006089292466640472
2345	0.006058515980839729
2346	0.008496028371155262
2347	0.011535020545125008
2348	0.010433009825646877
2349	0.0074772038497030735
2350	0.006868493743240833
2351	0.00633178511634469
2352	0.005589550826698542
2353	0.006498582661151886
2354	0.0068277642130851746
2355	0.00535175297409296
2356	0.005036789458245039
2357	0.005586639512330294
2358	0.005925068166106939
2359	0.007564219180494547
2360	0.007364739663898945
2361	0.006574043072760105
2362	0.006860423367470503
2363	0.008851274847984314
2364	0.005175249185413122
2365	0.005340948235243559
2366	0.004949219990521669
2367	0.005303509533405304
2368	0.005381772294640541
2369	0.00532034644857049
2370	0.006568831391632557
2371	0.005610051564872265
2372	0.005988281220197678
2373	0.006842673756182194
2374	0.005084986798465252
2375	0.006091725081205368
2376	0.007262448314577341
2377	0.007973774336278439
2378	0.005269223358482122
2379	0.005530417896807194
2380	0.00779841560870409
2381	0.007002123631536961
2382	0.005880394484847784
2383	0.00529689434915781
2384	0.004747274797409773
2385	0.005501105450093746
2386	0.005940690636634827
2387	0.005840212572365999
2388	0.005833236966282129
2389	0.005941343959420919
2390	0.0057906657457351685
2391	0.005166048649698496
2392	0.005889056716114283
2393	0.005499033723026514
2394	0.004712455905973911
2395	0.006146672647446394
2396	0.007860004901885986
2397	0.005719062406569719
2398	0.0049732280895113945
2399	0.0056019737385213375
2400	0.004896080587059259
2401	0.006315924227237701
2402	0.00586052006110549
2403	0.0053099761717021465
2404	0.0067969150841236115
2405	0.005785325076431036
2406	0.006164059974253178
2407	0.0048021781258285046
2408	0.006632708013057709
2409	0.006822364870458841
2410	0.0052962955087423325
2411	0.005901489872485399
2412	0.006232431624084711
2413	0.006046450696885586
2414	0.005539876874536276
2415	0.005753043573349714
2416	0.007076659239828587
2417	0.00746799586340785
2418	0.008860531263053417
2419	0.006402746774256229
2420	0.007884363643825054
2421	0.006237452384084463
2422	0.00524787837639451
2423	0.006521060597151518
2424	0.00695891072973609
2425	0.00666095782071352
2426	0.006163682322949171
2427	0.005990184843540192
2428	0.004837955813854933
2429	0.0061140055768191814
2430	0.00857815146446228
2431	0.008908499032258987
2432	0.005330825690180063
2433	0.005293166730552912
2434	0.005414330866187811
2435	0.006271390710026026
2436	0.007817895151674747
2437	0.00614971062168479
2438	0.005239300429821014
2439	0.0047186254523694515
2440	0.0057483515702188015
2441	0.005371847655624151
2442	0.005908991675823927
2443	0.006150451488792896
2444	0.007021142635494471
2445	0.006014005746692419
2446	0.0056840344332158566
2447	0.005991767626255751
2448	0.007088928017765284
2449	0.007822253741323948
2450	0.007012648042291403
2451	0.008205155842006207
2452	0.009008812718093395
2453	0.007763709407299757
2454	0.01052855234593153
2455	0.012109474278986454
2456	0.01089246105402708
2457	0.01923261396586895
2458	0.03005056455731392
2459	0.03180055692791939
2460	0.025491375476121902
2461	0.08285848051309586
2462	0.08448584377765656
2463	0.127292200922966
2464	0.16524547338485718
2465	0.20392601191997528
2466	0.23837271332740784
2467	0.27286526560783386
2468	0.17305612564086914
2469	0.35274267196655273
2470	0.19541651010513306
2471	0.6191201210021973
2472	0.6516368985176086
2473	0.7419490218162537
2474	0.6996966600418091
2475	0.6765773892402649
2476	0.7537073493003845
2477	0.7410306334495544
2478	0.7389442324638367
2479	0.7320694923400879
2480	0.7537309527397156
2481	0.7758784294128418
2482	0.7726969718933105
2483	0.8636093139648438
2484	0.8633079528808594
2485	0.8741359710693359
2486	0.8714036345481873
2487	0.8258229494094849
2488	0.7543899416923523
2489	0.8441778421401978
2490	0.9012907147407532
2491	0.7825712561607361
2492	0.8563518524169922
2493	0.8026842474937439
2494	0.9469330906867981
2495	0.9383115768432617
2496	0.8480069041252136
2497	0.7899393439292908
2498	0.8907985687255859
2499	0.936795175075531
2500	0.9191280603408813
2501	0.9303609728813171
2502	0.9341098070144653
2503	0.8777422308921814
2504	0.8975860476493835
2505	0.9214082956314087
2506	0.8470943570137024
2507	0.8354517221450806
2508	0.8951129913330078
2509	0.8828067779541016
2510	0.9091972708702087
2511	0.8812050223350525
2512	0.9101758003234863
2513	0.8520025610923767
2514	0.8657275438308716
2515	0.7462589740753174
2516	0.8652727007865906
2517	0.8980702757835388
2518	0.8167734146118164
2519	0.8789977431297302
2520	0.920785129070282
2521	0.9344629645347595
2522	0.8830260634422302
2523	0.7781587839126587
2524	0.8213457465171814
2525	0.863315224647522
2526	0.7321844100952148
2527	0.7904973030090332
2528	0.752770721912384
2529	0.7646004557609558
2530	0.8215320706367493
2531	0.8345108032226562
2532	0.860271155834198
2533	0.8648697733879089
2534	0.8906294703483582
2535	0.9275458455085754
2536	0.9128719568252563
2537	0.8653728365898132
2538	0.8308935165405273
2539	0.7150488495826721
2540	0.32554882764816284
2541	0.42668062448501587
2542	0.23817069828510284
2543	0.19622573256492615
2544	0.042507655918598175
2545	0.038524139672517776
2546	0.018644193187355995
2547	0.01805860549211502
2548	0.023653317242860794
2549	0.07688021659851074
2550	0.18034745752811432
2551	0.4856734275817871
2552	0.7375351786613464
2553	0.7906358242034912
2554	0.79271399974823
2555	0.7960805892944336
2556	0.7261662483215332
2557	0.4654555320739746
2558	0.1467936784029007
2559	0.07047750800848007
2560	0.02203262969851494
2561	0.014109502546489239
2562	0.012737947516143322
2563	0.01015577744692564
2564	0.011468701995909214
2565	0.015897875651717186
2566	0.013039159588515759
2567	0.012614751234650612
2568	0.012705492787063122
2569	0.015813857316970825
2570	0.014690852724015713
2571	0.01234753429889679
2572	0.007767373230308294
2573	0.014031507074832916
2574	0.38823509216308594
2575	0.7109398245811462
2576	0.843804657459259
2577	0.8141354918479919
2578	0.8687988519668579
2579	0.8152533769607544
2580	0.8889986872673035
2581	0.9660429358482361
2582	0.9619124531745911
2583	0.881604790687561
2584	0.9549804925918579
2585	0.952222466468811
2586	0.9609087109565735
2587	0.9205183982849121
2588	0.9712026715278625
2589	0.9412173628807068
2590	0.9559871554374695
2591	0.954018235206604
2592	0.9571352005004883
2593	0.6203672289848328
2594	0.9490322470664978
2595	0.954711377620697
2596	0.9378509521484375
2597	0.9603744745254517
2598	0.9647136926651001
2599	0.9253990054130554
2600	0.9287160038948059
2601	0.9285642504692078
2602	0.9383304715156555
2603	0.943912148475647
2604	0.8744367957115173
2605	0.9573060870170593
2606	0.975884735584259
2607	0.9300915002822876
2608	0.6143614649772644
2609	0.07849208265542984
2610	0.10383503884077072
2611	0.14537203311920166
2612	0.03191550448536873
2613	0.0056073712185025215
2614	0.006608571391552687
2615	0.007055758964270353
2616	0.0076956734992563725
2617	0.005048658233135939
2618	0.003825897816568613
2619	0.0027281257789582014
2620	0.003259670687839389
2621	0.00407261261716485
2622	0.00421379879117012
2623	0.006107680033892393
2624	0.008357602171599865
2625	0.007096447981894016
2626	0.006987405009567738
2627	0.006326782982796431
2628	0.007583359722048044
2629	0.005062737502157688
2630	0.006356553640216589
2631	0.004230274818837643
2632	0.004479364491999149
2633	0.00797079224139452
2634	0.005231288727372885
2635	0.005095073487609625
2636	0.0045507061295211315
2637	0.005192604381591082
2638	0.005871917586773634
2639	0.007182039320468903
2640	0.007320973556488752
2641	0.0053693740628659725
2642	0.005965796764940023
2643	0.005040518939495087
2644	0.003853383008390665
2645	0.005369700491428375
2646	0.004712140653282404
2647	0.005268098320811987
2648	0.00627245893701911
2649	0.005638901609927416
2650	0.005310308653861284
2651	0.005011165048927069
2652	0.00540186557918787
2653	0.004898951388895512
2654	0.004877690691500902
2655	0.004360691644251347
2656	0.004082640167325735
2657	0.004336323589086533
2658	0.004003000445663929
2659	0.003646680386736989
2660	0.0035782360937446356
2661	0.0035841537173837423
2662	0.003638818161562085
2663	0.004146394319832325
2664	0.0035392926074564457
2665	0.003945979289710522
2666	0.0030276032630354166
2667	0.003417650703340769
2668	0.003774962155148387
2669	0.003141464665532112
2670	0.0034642096143215895
2671	0.0034186169505119324
2672	0.0037275960203260183
2673	0.0033782131504267454
2674	0.003656939137727022
2675	0.004025593865662813
2676	0.004317298997193575
2677	0.0031714190263301134
2678	0.003880911273881793
2679	0.0037978922482579947
2680	0.003466147929430008
2681	0.003831097623333335
2682	0.004390595946460962
2683	0.0031688071321696043
2684	0.004325354006141424
2685	0.0047918446362018585
2686	0.004289655946195126
2687	0.0040079099126160145
2688	0.0046840086579322815
2689	0.005556488875299692
2690	0.005438934545964003
2691	0.00603296235203743
2692	0.00491615803912282
2693	0.005618802737444639
2694	0.0061452751979231834
2695	0.0043624588288366795
2696	0.0046396516263484955
2697	0.004640974570065737
2698	0.00387626513838768
2699	0.004993495065718889
2700	0.004245411604642868
2701	0.006320036947727203
2702	0.005134293809533119
2703	0.006106808315962553
2704	0.004664503037929535
2705	0.007678919471800327
2706	0.005473226308822632
2707	0.0056105079129338264
2708	0.0075982497073709965
2709	0.00878604594618082
2710	0.0094718337059021
2711	0.011896716430783272
2712	0.009319680742919445
2713	0.014574301429092884
2714	0.009041114710271358
2715	0.009652095846831799
2716	0.009948031976819038
2717	0.015751278027892113
2718	0.01485113799571991
2719	0.015091839246451855
2720	0.012945142574608326
2721	0.03806012496352196
2722	0.03265665844082832
2723	0.06365294754505157
2724	0.021310267969965935
2725	0.027608787640929222
2726	0.039663463830947876
2727	0.08573751151561737
2728	0.056432344019412994
2729	0.04897947609424591
2730	0.07702752947807312
2731	0.1940450519323349
2732	0.2710575759410858
2733	0.5350846648216248
2734	0.5906522870063782
2735	0.6097834706306458
2736	0.6762224435806274
2737	0.5488899946212769
2738	0.6037655472755432
2739	0.7381699681282043
2740	0.7415698766708374
2741	0.8723136782646179
2742	0.8085446357727051
2743	0.8098880648612976
2744	0.7905532717704773
2745	0.9318333864212036
2746	0.8977290987968445
2747	0.8943852782249451
2748	0.9280939102172852
2749	0.9656683206558228
2750	0.9576618075370789
2751	0.9159412384033203
2752	0.9478940963745117
2753	0.9370051622390747
2754	0.9456486105918884
2755	0.9598245620727539
2756	0.9397517442703247
2757	0.9361063241958618
2758	0.9190633893013
2759	0.9200626611709595
2760	0.8698145151138306
2761	0.8943610191345215
2762	0.8830429315567017
2763	0.7510305047035217
2764	0.7834963798522949
2765	0.8040505647659302
2766	0.8646532893180847
2767	0.8937758803367615
2768	0.9431807398796082
2769	0.923937976360321
2770	0.8435078859329224
2771	0.4218476414680481
2772	0.15606097877025604
2773	0.11907650530338287
2774	0.4586828649044037
2775	0.7673184275627136
2776	0.7155149579048157
2777	0.6865091323852539
2778	0.7638034820556641
2779	0.85474693775177
2780	0.8643646240234375
2781	0.8757510185241699
2782	0.9323028922080994
2783	0.8817863464355469
2784	0.923933207988739
2785	0.6876978278160095
2786	0.5982003808021545
2787	0.2455778568983078
2788	0.6902317404747009
2789	0.4925689697265625
2790	0.6413365602493286
2791	0.9206129908561707
2792	0.9370651245117188
2793	0.6920252442359924
2794	0.8609495162963867
2795	0.6379671692848206
2796	0.277874618768692
2797	0.21933448314666748
2798	0.08991904556751251
2799	0.18816973268985748
2800	0.1651572287082672
2801	0.4007745683193207
2802	0.20256109535694122
2803	0.3755497634410858
2804	0.7502495646476746
2805	0.8380932211875916
2806	0.9349369406700134
2807	0.8992611765861511
2808	0.8354019522666931
2809	0.7524597644805908
2810	0.8673009276390076
2811	0.8610200881958008
2812	0.8550115823745728
2813	0.8725864291191101
2814	0.9226530194282532
2815	0.8604581952095032
2816	0.9087696075439453
2817	0.8019895553588867
2818	0.7366905212402344
2819	0.8133535385131836
2820	0.8833301663398743
2821	0.8569720387458801
2822	0.8653609156608582
2823	0.6724575757980347
2824	0.7884356379508972
2825	0.7447614073753357
2826	0.8222202658653259
2827	0.8388177752494812
2828	0.8263973593711853
2829	0.8563286066055298
2830	0.8144319653511047
2831	0.7979757189750671
2832	0.8681983947753906
2833	0.881588876247406
2834	0.8708772659301758
2835	0.935276985168457
2836	0.9222162365913391
2837	0.9637450575828552
2838	0.9404523968696594
2839	0.7659522891044617
2840	0.48277851939201355
2841	0.7698692083358765
2842	0.8880991339683533
2843	0.8785112500190735
2844	0.8786377310752869
2845	0.8890758752822876
2846	0.9447912573814392
2847	0.9264307022094727
2848	0.8834827542304993
2849	0.8948518633842468
2850	0.9454067349433899
2851	0.824683666229248
2852	0.7090526223182678
2853	0.752342700958252
2854	0.264773428440094
2855	0.04615818336606026
2856	0.009790857322514057
2857	0.008088536560535431
2858	0.010463106445968151
2859	0.04812450334429741
2860	0.3725445866584778
2861	0.8313503265380859
2862	0.8423300981521606
2863	0.9146994948387146
2864	0.9050289392471313
2865	0.8671804666519165
2866	0.8172464370727539
2867	0.40073052048683167
2868	0.4413676857948303
2869	0.609961748123169
2870	0.7694151401519775
2871	0.8317888379096985
2872	0.7086151838302612
2873	0.3583638370037079
2874	0.09972550719976425
2875	0.008299235254526138
2876	0.00798199325799942
2877	0.008197830989956856
2878	0.006969464011490345
2879	0.008949228562414646
2880	0.040101952850818634
2881	0.205743670463562
2882	0.8208436369895935
2883	0.7721049189567566
2884	0.8920219540596008
2885	0.02785920538008213
2886	0.005078051704913378
2887	0.007483927998691797
2888	0.0052711027674376965
2889	0.00761471688747406
2890	0.011188292875885963
2891	0.009351426735520363
2892	0.008243195712566376
2893	0.019028428941965103
2894	0.014356957748532295
2895	0.016714226454496384
2896	0.01415862888097763
2897	0.01401270367205143
2898	0.01589915342628956
2899	0.013060036115348339
2900	0.012028614990413189
2901	0.009355803020298481
2902	0.009674173779785633
2903	0.013639353215694427
2904	0.016826463863253593
2905	0.01679690182209015
2906	0.018001139163970947
2907	0.01888483762741089
2908	0.01580168306827545
2909	0.015661079436540604
2910	0.01718423143029213
2911	0.02490541897714138
2912	0.01709388568997383
2913	0.014352631755173206
2914	0.013868185691535473
2915	0.012078356929123402
2916	0.013673516921699047
2917	0.0161651112139225
2918	0.01933022402226925
2919	0.014702634885907173
2920	0.02124311961233616
2921	0.022338634356856346
2922	0.01992383971810341
2923	0.017750468105077744
2924	0.023193413391709328
2925	0.020818635821342468
2926	0.015059036202728748
2927	0.015657851472496986
2928	0.0171277467161417
2929	0.01687864400446415
2930	0.016920575872063637
2931	0.016956988722085953
2932	0.013133609667420387
2933	0.012997823767364025
2934	0.010879486799240112
2935	0.009367470629513264
2936	0.009581789374351501
2937	0.008021826855838299
2938	0.010481397621333599
2939	0.0075901225209236145
2940	0.006716105621308088
2941	0.00611527357250452
2942	0.008033041842281818
2943	0.0077223400585353374
2944	0.009484931826591492
2945	0.007215129677206278
2946	0.007703109178692102
2947	0.006551124155521393
2948	0.005101773422211409
2949	0.006780128926038742
2950	0.0068701887503266335
2951	0.007002962287515402
2952	0.006754294969141483
2953	0.007377758622169495
2954	0.007520204875618219
2955	0.0077128782868385315
2956	0.006293268408626318
2957	0.0062026167288422585
2958	0.006111096125096083
2959	0.006749541964381933
2960	0.005317912437021732
2961	0.005548014305531979
2962	0.005380790680646896
2963	0.0062488471157848835
2964	0.006006000563502312
2965	0.005222150590270758
2966	0.0038108453154563904
2967	0.0038723298348486423
2968	0.004473816603422165
2969	0.004409195389598608
2970	0.00419090548530221
2971	0.0037830842193216085
2972	0.0046188440173864365
2973	0.004717571660876274
2974	0.004690697882324457
2975	0.004869278520345688
2976	0.004653077106922865
2977	0.005324936006218195
2978	0.005256331525743008
2979	0.0036407241132110357
2980	0.005046938546001911
2981	0.0037159353960305452
2982	0.004720819648355246
2983	0.004349078983068466
2984	0.005699933972209692
2985	0.005274742841720581
2986	0.0046927775256335735
2987	0.005194706376641989
2988	0.005543300416320562
2989	0.004727140534669161
2990	0.005040593445301056
2991	0.004174824804067612
2992	0.004463983699679375
2993	0.005054024048149586
2994	0.006210681051015854
2995	0.006489576306194067
2996	0.0061233858577907085
2997	0.006093128584325314
2998	0.005999911576509476
2999	0.005442246329039335
3000	0.007189147174358368
3001	0.0068816631101071835
3002	0.007553161587566137
3003	0.006402514409273863
3004	0.0075787752866744995
3005	0.008362202905118465
3006	0.008698335848748684
3007	0.007282863836735487
3008	0.0074839205481112
3009	0.00958909373730421
3010	0.006721466314047575
3011	0.006213666405528784
3012	0.007445464376360178
3013	0.010865784250199795
3014	0.011698633432388306
3015	0.014062049798667431
3016	0.01320525724440813
3017	0.022993532940745354
3018	0.018427936360239983
3019	0.016354382038116455
3020	0.025590915232896805
3021	0.030610082671046257
3022	0.020854858681559563
3023	0.016261303797364235
3024	0.01727805845439434
3025	0.021579882130026817
3026	0.019761035218834877
3027	0.01746847853064537
3028	0.016294285655021667
3029	0.022637715563178062
3030	0.017232557758688927
3031	0.026813233271241188
3032	0.03189550340175629
3033	0.0346982479095459
3034	0.021104298532009125
3035	0.049246396869421005
3036	0.03862540051341057
3037	0.13930581510066986
3038	0.12556037306785583
3039	0.3876285254955292
3040	0.444559246301651
3041	0.41600701212882996
3042	0.2258692979812622
3043	0.3545148968696594
3044	0.2781655490398407
3045	0.4015873074531555
3046	0.2653864026069641
3047	0.4460829198360443
3048	0.6271210312843323
3049	0.5946597456932068
3050	0.6570485234260559
3051	0.681041419506073
3052	0.6816121339797974
3053	0.6109392046928406
3054	0.6468667984008789
3055	0.5698157548904419
3056	0.35444119572639465
3057	0.3813539147377014
3058	0.29339686036109924
3059	0.47589659690856934
3060	0.5658910870552063
3061	0.5301416516304016
3062	0.47155529260635376
3063	0.4892234802246094
3064	0.4923473298549652
3065	0.6257314682006836
3066	0.5039753913879395
3067	0.7350859642028809
3068	0.6004025340080261
3069	0.585815966129303
3070	0.5163954496383667
3071	0.6989623308181763
3072	0.8031320571899414
3073	0.19308529794216156
3074	0.7543730735778809
3075	0.735447108745575
3076	0.5917170643806458
3077	0.7535045742988586
3078	0.6127493977546692
3079	0.7728053331375122
3080	0.5859106183052063
3081	0.8548896908760071
3082	0.7568520903587341
3083	0.7035064697265625
3084	0.6172565817832947
3085	0.7125038504600525
3086	0.662110447883606
3087	0.7598037123680115
3088	0.7355610728263855
3089	0.6579529047012329
3090	0.6683222651481628
3091	0.8229581117630005
3092	0.7630996704101562
3093	0.5967301726341248
3094	0.5848843455314636
3095	0.7379414439201355
3096	0.5269944071769714
3097	0.7045087218284607
3098	0.5334089994430542
3099	0.5115642547607422
3100	0.3305665850639343
3101	0.4976673126220703
3102	0.4554064869880676
3103	0.34278494119644165
3104	0.030080294236540794
3105	0.030603814870119095
3106	0.03838244825601578
3107	0.046373188495635986
3108	0.015322578139603138
3109	0.0375787690281868
3110	0.03706106171011925
3111	0.062181394547224045
3112	0.07149700075387955
3113	0.057929933071136475
3114	0.3758612275123596
3115	0.5639877319335938
3116	0.36277785897254944
3117	0.5100635886192322
3118	0.49273616075515747
3119	0.5998227000236511
3120	0.5124782919883728
3121	0.6277090311050415
3122	0.6131206750869751
3123	0.5370755195617676
3124	0.47782403230667114
3125	0.6337722539901733
3126	0.32959023118019104
3127	0.4569776654243469
3128	0.5585600137710571
3129	0.5411900877952576
3130	0.6811623573303223
3131	0.657324492931366
3132	0.6896011233329773
3133	0.7215506434440613
3134	0.5088764429092407
3135	0.8190162777900696
3136	0.4048945903778076
3137	0.6059961318969727
3138	0.43763312697410583
3139	0.06040659174323082
3140	0.02699737623333931
3141	0.017296254634857178
3142	0.008689908310770988
3143	0.00866729486733675
3144	0.008388902992010117
3145	0.008189216256141663
3146	0.009086993522942066
3147	0.009840498678386211
3148	0.010492213070392609
3149	0.011966816149652004
3150	0.01910286769270897
3151	0.06474315375089645
3152	0.014292895793914795
3153	0.02095869556069374
3154	0.01680990867316723
3155	0.020307624712586403
3156	0.010348132811486721
3157	0.010648636147379875
3158	0.006915292236953974
3159	0.006726677995175123
3160	0.012070986442267895
3161	0.009915309026837349
3162	0.010036006569862366
3163	0.011012244038283825
3164	0.007131007965654135
3165	0.007179661188274622
3166	0.007456973195075989
3167	0.005695235449820757
3168	0.007340616080909967
3169	0.008145732805132866
3170	0.00694343913346529
3171	0.00605316087603569
3172	0.006562315858900547
3173	0.005726839881390333
3174	0.006000072695314884
3175	0.005461055785417557
3176	0.004987959284335375
3177	0.004012520890682936
3178	0.003362103598192334
3179	0.004564145114272833
3180	0.004089734051376581
3181	0.0037096738815307617
3182	0.002562921727076173
3183	0.004498930182307959
3184	0.004439793061465025
3185	0.004496838431805372
3186	0.004047608934342861
3187	0.003940750379115343
3188	0.003915501292794943
3189	0.0053000724874436855
3190	0.004195884335786104
3191	0.00449026795104146
3192	0.003541720798239112
3193	0.004035710357129574
3194	0.004590000491589308
3195	0.00443984754383564
3196	0.003832655493170023
3197	0.0036228292156010866
3198	0.003261398524045944
3199	0.002827767049893737
3200	0.005749962758272886
3201	0.005330268759280443
3202	0.004376228898763657
3203	0.004781532101333141
3204	0.004577839281409979
3205	0.006783509161323309
3206	0.00657076109200716
3207	0.004970815498381853
3208	0.006466816645115614
3209	0.008634048514068127
3210	0.006041855085641146
3211	0.005415290594100952
3212	0.007305903825908899
3213	0.006781380623579025
3214	0.005764420609921217
3215	0.007791649084538221
3216	0.005988206248730421
3217	0.006530177779495716
3218	0.00696155522018671
3219	0.00929961632937193
3220	0.005820957478135824
3221	0.005464982241392136
3222	0.006582006812095642
3223	0.006682095117866993
3224	0.006489218678325415
3225	0.005931701511144638
3226	0.006163510959595442
3227	0.007097940426319838
3228	0.005481386091560125
3229	0.006452069617807865
3230	0.005712468642741442
3231	0.007601629476994276
3232	0.007297893054783344
3233	0.007599441800266504
3234	0.013673186302185059
3235	0.01923390105366707
3236	0.035672228783369064
3237	0.1453252136707306
3238	0.10936802625656128
3239	0.06205003336071968
3240	0.04942592233419418
3241	0.05693468078970909
3242	0.035074926912784576
3243	0.0496075265109539
3244	0.03569669649004936
3245	0.06878597289323807
3246	0.06172614172101021
3247	0.08448395133018494
3248	0.058486174792051315
3249	0.06157149747014046
3250	0.08658772706985474
3251	0.0737963616847992
3252	0.057688094675540924
3253	0.06546343863010406
3254	0.10524437576532364
3255	0.22410650551319122
3256	0.04313880205154419
3257	0.04766624793410301
3258	0.020891834050416946
3259	0.017400210723280907
3260	0.011168546974658966
3261	0.020440343767404556
3262	0.08681684732437134
3263	0.15166427195072174
3264	0.2982483208179474
3265	0.17891018092632294
3266	0.26067066192626953
3267	0.3240838944911957
3268	0.1324453353881836
3269	0.19567997753620148
3270	0.14117160439491272
3271	0.16833360493183136
3272	0.10086484998464584
3273	0.15207944810390472
3274	0.09662456065416336
3275	0.06263447552919388
3276	0.058912958949804306
3277	0.07844709604978561
3278	0.05649685859680176
3279	0.06407737731933594
3280	0.17296169698238373
3281	0.13347922265529633
3282	0.1432584524154663
3283	0.17037871479988098
3284	0.3681890368461609
3285	0.3544918894767761
3286	0.19010178744792938
3287	0.4878557622432709
3288	0.43529587984085083
3289	0.4446043074131012
3290	0.3525703549385071
3291	0.4000396728515625
3292	0.29080453515052795
3293	0.5435811281204224
3294	0.5690625309944153
3295	0.44394388794898987
3296	0.48315319418907166
3297	0.5306981205940247
3298	0.6390785574913025
3299	0.3850848078727722
3300	0.4638943374156952
3301	0.13596060872077942
3302	0.013175002299249172
3303	0.018322894349694252
3304	0.0118137551471591
3305	0.00808427482843399
3306	0.010115183889865875
3307	0.006422518286854029
3308	0.007337132003158331
3309	0.008731892332434654
3310	0.007336936891078949
3311	0.009881406091153622
3312	0.12963931262493134
3313	0.2105138748884201
3314	0.6154491305351257
3315	0.5243709683418274
3316	0.6103272438049316
3317	0.4613098204135895
3318	0.5743473172187805
3319	0.6974461674690247
3320	0.6739687323570251
3321	0.6263872981071472
3322	0.6034877300262451
3323	0.5563929677009583
3324	0.5063750147819519
3325	0.6004136204719543
3326	0.5117856860160828
3327	0.633988082408905
3328	0.4969847798347473
3329	0.20062004029750824
3330	0.19704896211624146
3331	0.08482348173856735
3332	0.07742465287446976
3333	0.04012589529156685
3334	0.014641085639595985
3335	0.011234554462134838
3336	0.012015613727271557
3337	0.0121531430631876
3338	0.011831456795334816
3339	0.01302314456552267
3340	0.009371920488774776
3341	0.015422423370182514
3342	0.036949966102838516
3343	0.025780299678444862
3344	0.039978187531232834
3345	0.14774511754512787
3346	0.14976173639297485
3347	0.026982057839632034
3348	0.011131912469863892
3349	0.009775514714419842
3350	0.011394687928259373
3351	0.011318634264171124
3352	0.009786595590412617
3353	0.01283123530447483
3354	0.00973779708147049
3355	0.012685504741966724
3356	0.009819328784942627
3357	0.010622902773320675
3358	0.009494807571172714
3359	0.008352684788405895
3360	0.010745611973106861
3361	0.009375485591590405
3362	0.008229374885559082
3363	0.0075914920307695866
3364	0.008766350336372852
3365	0.008248594589531422
3366	0.0070136236026883125
3367	0.007449245546013117
3368	0.00691906688734889
3369	0.007643125951290131
3370	0.008093138225376606
3371	0.007723917253315449
3372	0.007940532639622688
3373	0.007925386540591717
3374	0.008711292408406734
3375	0.008591488003730774
3376	0.007925402373075485
3377	0.007626370992511511
3378	0.00733664957806468
3379	0.007468900177627802
3380	0.0076200589537620544
3381	0.008317393250763416
3382	0.008307063952088356
3383	0.008218555711209774
3384	0.007824908010661602
3385	0.012076440267264843
3386	0.009430231526494026
3387	0.011079415678977966
3388	0.012917722575366497
3389	0.01071575190871954
3390	0.010059325955808163
3391	0.01038893312215805
3392	0.008718173019587994
3393	0.024052156135439873
3394	0.014956793747842312
3395	0.026421258226037025
3396	0.015810487791895866
3397	0.013371038250625134
3398	0.032245934009552
3399	0.029992729425430298
3400	0.04994865879416466
3401	0.02681816928088665
3402	0.019032100215554237
3403	0.05353441834449768
3404	0.02816256694495678
3405	0.034936994314193726
3406	0.00717449514195323
3407	0.009133598767220974
3408	0.009662640281021595
3409	0.011532174423336983
3410	0.009719343855977058
3411	0.017072517424821854
3412	0.028665095567703247
3413	0.12588976323604584
3414	0.7022788524627686
3415	0.88587486743927
3416	0.8785316348075867
3417	0.09902099519968033
3418	0.8243066072463989
3419	0.6872972846031189
3420	0.6189712882041931
3421	0.736185610294342
3422	0.886478066444397
3423	0.908015251159668
3424	0.48468562960624695
3425	0.8908324241638184
3426	0.9201977849006653
3427	0.856126606464386
3428	0.4595746099948883
3429	0.9042030572891235
3430	0.9141349792480469
3431	0.9548513293266296
3432	0.9087786674499512
3433	0.8438825607299805
3434	0.9458036422729492
3435	0.7147576212882996
3436	0.6779462099075317
3437	0.7326391935348511
3438	0.7305096387863159
3439	0.5451228618621826
3440	0.692006528377533
3441	0.6590343713760376
3442	0.6978095769882202
3443	0.6167068481445312
3444	0.6282008290290833
3445	0.6699243783950806
3446	0.783374011516571
3447	0.8758535385131836
3448	0.9426906704902649
3449	0.9506905674934387
3450	0.9758254289627075
3451	0.9677505493164062
3452	0.9814711809158325
3453	0.9922815561294556
3454	0.9876144528388977
3455	0.9761232733726501
3456	0.9645475745201111
3457	0.9870826601982117
3458	0.9615482687950134
3459	0.9614887237548828
3460	0.9676725268363953
3461	0.9242960810661316
3462	0.8742316365242004
3463	0.8504459261894226
3464	0.8898382186889648
3465	0.830710232257843
3466	0.4036344587802887
3467	0.6866312026977539
3468	0.6138853430747986
3469	0.789452075958252
3470	0.6129131317138672
3471	0.8243539929389954
3472	0.9363554120063782
3473	0.9183061718940735
3474	0.9577732086181641
3475	0.8751363754272461
3476	0.9106089472770691
3477	0.9163274765014648
3478	0.9242413640022278
3479	0.89873868227005
3480	0.8967928886413574
3481	0.8527230620384216
3482	0.8433486819267273
3483	0.9139925837516785
3484	0.8695489764213562
3485	0.8418938517570496
3486	0.8979870080947876
3487	0.663547694683075
