frame	prob
0	0.010027601383626461
1	0.015338550321757793
2	0.01227651722729206
3	0.011791584081947803
4	0.008212506771087646
5	0.0084766810759902
6	0.00791863352060318
7	0.010822010226547718
8	0.010463426820933819
9	0.010137087665498257
10	0.008707214146852493
11	0.009511793032288551
12	0.009381361305713654
13	0.008986144326627254
14	0.007438194006681442
15	0.00863221287727356
16	0.010248395614326
17	0.010584446601569653
18	0.01066369004547596
19	0.010876364074647427
20	0.011967450380325317
21	0.014017879962921143
22	0.009335233829915524
23	0.010970281437039375
24	0.008096170611679554
25	0.011156677268445492
26	0.006232581101357937
27	0.010221731849014759
28	0.007072265725582838
29	0.00828083511441946
30	0.008173665963113308
31	0.011212479323148727
32	0.01454902347177267
33	0.008092902600765228
34	0.0101228142157197
35	0.01002583373337984
36	0.009601771831512451
37	0.008522736839950085
38	0.008780558593571186
39	0.0073152887634932995
40	0.00605625519528985
41	0.004443588200956583
42	0.00589020736515522
43	0.006411565933376551
44	0.0069557190872728825
45	0.00825003907084465
46	0.008206990547478199
47	0.007630455773323774
48	0.008313986472785473
49	0.03299259394407272
50	0.09814909845590591
51	0.13771601021289825
52	0.1061876192688942
53	0.07770859450101852
54	0.0306681040674448
55	0.018993515521287918
56	0.031107893213629723
57	0.020192990079522133
58	0.024314185604453087
59	0.044394657015800476
60	0.030654041096568108
61	0.0862518772482872
62	0.033273275941610336
63	0.0746186301112175
64	0.026584496721625328
65	0.0809379518032074
66	0.12112120538949966
67	0.05609038472175598
68	0.23724685609340668
69	0.5012089014053345
70	0.6001194715499878
71	0.7528104782104492
72	0.8310562372207642
73	0.8681711554527283
74	0.8496190905570984
75	0.8659054040908813
76	0.8222293853759766
77	0.8694365620613098
78	0.8928335309028625
79	0.7695367336273193
80	0.7021324634552002
81	0.6352149248123169
82	0.5856810808181763
83	0.512896716594696
84	0.4234471321105957
85	0.3986542820930481
86	0.45711204409599304
87	0.28550270199775696
88	0.558536171913147
89	0.9056394696235657
90	0.9205347299575806
91	0.8546547293663025
92	0.7935295701026917
93	0.8182768225669861
94	0.8338567614555359
95	0.7788761258125305
96	0.8100024461746216
97	0.7658187747001648
98	0.6776496171951294
99	0.7542737126350403
100	0.6550318002700806
101	0.5209329724311829
102	0.3788546025753021
103	0.37542983889579773
104	0.5850421190261841
105	0.515674889087677
106	0.44225597381591797
107	0.42451295256614685
108	0.46148377656936646
109	0.5136502385139465
110	0.7946862578392029
111	0.7594411373138428
112	0.9043127298355103
113	0.9168842434883118
114	0.8951839804649353
115	0.955116868019104
116	0.9633551836013794
117	0.9582981467247009
118	0.9663836359977722
119	0.9719702005386353
120	0.9724764823913574
121	0.9074776768684387
122	0.8897364735603333
123	0.9590004086494446
124	0.9254719018936157
125	0.7983185052871704
126	0.7378260493278503
127	0.7961879968643188
128	0.918635368347168
129	0.9769750833511353
130	0.9750776290893555
131	0.9688416719436646
132	0.9817777872085571
133	0.9763512015342712
134	0.9753580093383789
135	0.9501382112503052
136	0.9118542075157166
137	0.9460991024971008
138	0.9419792294502258
139	0.9395419359207153
140	0.9184762239456177
141	0.8921403884887695
142	0.7955852746963501
143	0.834918200969696
144	0.9462718963623047
145	0.7473019957542419
146	0.8054558634757996
147	0.8931366205215454
148	0.8900596499443054
149	0.8537256121635437
150	0.6436123251914978
151	0.008533778600394726
152	0.009942871518433094
153	0.011555536650121212
154	0.013539289124310017
155	0.011557591147720814
156	0.012636132538318634
157	0.01074483897536993
158	0.008762932382524014
159	0.009132178500294685
160	0.010023911483585835
161	0.020400110632181168
162	0.010556518100202084
163	0.014205187559127808
164	0.02034137211740017
165	0.016475066542625427
166	0.012509988620877266
167	0.008193065412342548
168	0.01064279954880476
169	0.009376204572618008
170	0.011223629117012024
171	0.0094218198210001
172	0.013048446737229824
173	0.013880458660423756
174	0.016570964828133583
175	0.01875363290309906
176	0.011409069411456585
177	0.013189638033509254
178	0.024280520156025887
179	0.038977060467004776
180	0.025122452527284622
181	0.030421456322073936
182	0.08444267511367798
183	0.051696307957172394
184	0.02586863934993744
185	0.025186626240611076
186	0.041251350194215775
187	0.03184946998953819
188	0.026876209303736687
189	0.04311280697584152
190	0.03556087240576744
191	0.0477411225438118
192	0.03738495334982872
193	0.03929160162806511
194	0.029870135709643364
195	0.022992273792624474
196	0.04139741137623787
197	0.025668872520327568
198	0.031683679670095444
199	0.026283204555511475
200	0.0158804003149271
201	0.027493823319673538
202	0.03555252403020859
203	0.026984233409166336
204	0.02730017714202404
205	0.020073916763067245
206	0.02235792577266693
207	0.016397833824157715
208	0.01095948088914156
209	0.009975663386285305
210	0.013809943571686745
211	0.017295781522989273
212	0.02782210148870945
213	0.022519472986459732
214	0.01570138707756996
215	0.02182568609714508
216	0.014155842363834381
217	0.018780764192342758
218	0.012434377335011959
219	0.017906690016388893
220	0.01901761256158352
221	0.022919846698641777
222	0.014726690948009491
223	0.014129117131233215
224	0.014423943124711514
225	0.019178666174411774
226	0.029334692284464836
227	0.04260918125510216
228	0.03027632273733616
229	0.020442262291908264
230	0.04526284709572792
231	0.033967748284339905
232	0.05026525259017944
233	0.03886241465806961
234	0.05762215331196785
235	0.029830312356352806
236	0.07722175121307373
237	0.15965953469276428
238	0.06557383388280869
239	0.07863792032003403
240	0.0961388498544693
241	0.03743878751993179
242	0.03916100412607193
243	0.023855209350585938
244	0.020686855539679527
245	0.015301018953323364
246	0.01951262727379799
247	0.02061355672776699
248	0.02403268590569496
249	0.02628784440457821
250	0.022159431129693985
251	0.012719566002488136
252	0.012685372494161129
253	0.02418232522904873
254	0.04064403846859932
255	0.039019305258989334
256	0.02418573759496212
257	0.04312850162386894
258	0.020929068326950073
259	0.02088441513478756
260	0.0170307494699955
261	0.028484880924224854
262	0.046446509659290314
263	0.04908054322004318
264	0.02980780601501465
265	0.03693340718746185
266	0.021051233634352684
267	0.01832428202033043
268	0.019221708178520203
269	0.04433774575591087
270	0.04369034245610237
271	0.021698245778679848
272	0.021410955116152763
273	0.02213154174387455
274	0.02688348852097988
275	0.028145689517259598
276	0.026898441836237907
277	0.024300172924995422
278	0.025922033935785294
279	0.021446486935019493
280	0.01822592504322529
281	0.017384395003318787
282	0.018074465915560722
283	0.021903453394770622
284	0.025179410353302956
285	0.03673659637570381
286	0.021587936207652092
287	0.017674164846539497
288	0.015980316326022148
289	0.019256193190813065
290	0.01363183744251728
291	0.012763649225234985
292	0.011296996846795082
293	0.010274156928062439
294	0.013430356048047543
295	0.013822197914123535
296	0.019109325483441353
297	0.021819768473505974
298	0.013036052696406841
299	0.016533972695469856
300	0.013726793229579926
301	0.016361840069293976
302	0.0160615686327219
303	0.016457449644804
304	0.014225696213543415
305	0.011070787906646729
306	0.020544013008475304
307	0.019186917692422867
308	0.01469932496547699
309	0.014249324798583984
310	0.016732439398765564
311	0.014156016521155834
312	0.010330882854759693
313	0.010482619516551495
314	0.010307620279490948
315	0.008438194170594215
316	0.008699700236320496
317	0.00916213821619749
318	0.009383765049278736
319	0.012075531296432018
320	0.014321798458695412
321	0.010568729601800442
322	0.010598201304674149
323	0.012383055873215199
324	0.010107222013175488
325	0.010525408200919628
326	0.012761046178638935
327	0.012689975090324879
328	0.008348929695785046
329	0.009082499891519547
330	0.010069850832223892
331	0.009452586062252522
332	0.007862002588808537
333	0.006814826279878616
334	0.007632888853549957
335	0.00793424155563116
336	0.0074355723336339
337	0.00930153951048851
338	0.00859935861080885
339	0.008411896415054798
340	0.008348369970917702
341	0.01051426026970148
342	0.0078798932954669
343	0.008765067905187607
344	0.008327901363372803
345	0.00904263649135828
346	0.010555647313594818
347	0.008746548555791378
348	0.010845810174942017
349	0.0127938911318779
350	0.011190216057002544
351	0.009047417901456356
352	0.010684632696211338
353	0.010782554745674133
354	0.007474027574062347
355	0.009892714209854603
356	0.00810555461794138
357	0.006523855961859226
358	0.005744494032114744
359	0.006401756312698126
360	0.005859720055013895
361	0.0070954011753201485
362	0.006618539337068796
363	0.008109507150948048
364	0.007416822016239166
365	0.006852546241134405
366	0.00575716607272625
367	0.005646567326039076
368	0.008277645334601402
369	0.008168923668563366
370	0.006904373411089182
371	0.0106523921713233
372	0.008244151249527931
373	0.0066943601705133915
374	0.0076540010049939156
375	0.0064496672712266445
376	0.006550255697220564
377	0.008097677491605282
378	0.006467266473919153
379	0.007625688798725605
380	0.008476740680634975
381	0.0070130908861756325
382	0.005457121878862381
383	0.007387583144009113
384	0.00896707084029913
385	0.012518498115241528
386	0.013949221931397915
387	0.015042352490127087
388	0.012653233483433723
389	0.016936270520091057
390	0.02342229150235653
391	0.02191774733364582
392	0.01998375914990902
393	0.022406412288546562
394	0.026449216529726982
395	0.032705724239349365
396	0.033424533903598785
397	0.11248286068439484
398	0.08995471149682999
399	0.06017712503671646
400	0.04728422686457634
401	0.09011595696210861
402	0.06892819702625275
403	0.11500921100378036
404	0.07820164412260056
405	0.06585197150707245
406	0.14828157424926758
407	0.11820051819086075
408	0.1420259177684784
409	0.17720596492290497
410	0.10813716799020767
411	0.2329840511083603
412	0.25496262311935425
413	0.38083720207214355
414	0.3431709408760071
415	0.4483211934566498
416	0.33833950757980347
417	0.2843812108039856
418	0.2461566925048828
419	0.3833150863647461
420	0.21132564544677734
421	0.2131074219942093
422	0.13215652108192444
423	0.213969424366951
424	0.12263118475675583
425	0.22730885446071625
426	0.15273050963878632
427	0.2955982983112335
428	0.28505831956863403
429	0.23711882531642914
430	0.4004787504673004
431	0.39719158411026
432	0.413981169462204
433	0.2668456435203552
434	0.11028923839330673
435	0.0607699416577816
436	0.03720572963356972
437	0.01476162951439619
438	0.01952800527215004
439	0.017389385029673576
440	0.014594757929444313
441	0.02292766235768795
442	0.02471376210451126
443	0.03786986321210861
444	0.06761644780635834
445	0.04824553802609444
446	0.03627873584628105
447	0.0425434485077858
448	0.033150024712085724
449	0.022131141275167465
450	0.01016373373568058
451	0.007974556647241116
452	0.0096073467284441
453	0.011568826623260975
454	0.008408292196691036
455	0.011927408166229725
456	0.008604629896581173
457	0.011598840355873108
458	0.008207568898797035
459	0.008480122312903404
460	0.00848005898296833
461	0.010883281007409096
462	0.010775801725685596
463	0.009718002751469612
464	0.009635396301746368
465	0.009670239873230457
466	0.009587696753442287
467	0.010685371235013008
468	0.009628931991755962
469	0.013217111118137836
470	0.008755417540669441
471	0.008910104632377625
472	0.011503474786877632
473	0.01114889420568943
474	0.011528506875038147
475	0.011764141730964184
476	0.011162856593728065
477	0.009459066204726696
478	0.011201851069927216
479	0.018275387585163116
480	0.013804278336465359
481	0.013172867707908154
482	0.014773435890674591
483	0.01151498407125473
484	0.01233018096536398
485	0.017282938584685326
486	0.009753942489624023
487	0.010526251047849655
488	0.0059144156984984875
489	0.006524726282805204
490	0.006992087699472904
491	0.006732206325978041
492	0.00936970580369234
493	0.007052076049149036
494	0.006363606546074152
495	0.00787332933396101
496	0.00760805094614625
497	0.008941351436078548
498	0.008363706059753895
499	0.007582142949104309
500	0.00666284654289484
501	0.007390562444925308
502	0.00809509214013815
503	0.007976826280355453
504	0.008297634311020374
505	0.008554267697036266
506	0.0067682648077607155
507	0.010585909709334373
508	0.00744778523221612
509	0.009047197178006172
510	0.009627039544284344
511	0.005879161413758993
512	0.004932119976729155
513	0.005753243807703257
514	0.0049269129522144794
515	0.005025797989219427
516	0.005248613189905882
517	0.00625267019495368
518	0.0077941226772964
519	0.010342462919652462
520	0.007375854533165693
521	0.007535096257925034
522	0.014487198553979397
523	0.012942108325660229
524	0.014621085487306118
525	0.014731529168784618
526	0.01640462316572666
527	0.019217967987060547
528	0.015497068874537945
529	0.01947718672454357
530	0.017896195873618126
531	0.016328653320670128
532	0.01461495365947485
533	0.017902961000800133
534	0.019013242796063423
535	0.02668539062142372
536	0.018667707219719887
537	0.026732195168733597
538	0.02840287797152996
539	0.03299722820520401
540	0.05717156082391739
541	0.08932876586914062
542	0.055589523166418076
543	0.0344269834458828
544	0.022626236081123352
545	0.06449846178293228
546	0.05909689888358116
547	0.03401099145412445
548	0.02315278723835945
549	0.05911904573440552
550	0.09457092732191086
551	0.12134571373462677
552	0.22094300389289856
553	0.277010977268219
554	0.18876300752162933
555	0.22361670434474945
556	0.28742989897727966
557	0.3133089244365692
558	0.34637030959129333
559	0.44707900285720825
560	0.29147425293922424
561	0.22104640305042267
562	0.39264193177223206
563	0.4284150302410126
564	0.47266969084739685
565	0.5688455700874329
566	0.5366513133049011
567	0.683238685131073
568	0.6565424799919128
569	0.5417415499687195
570	0.6366991400718689
571	0.4776637554168701
572	0.5013080835342407
573	0.5690221786499023
574	0.5346724390983582
575	0.3376508355140686
576	0.3029617667198181
577	0.07718557119369507
578	0.012999631464481354
579	0.012434831820428371
580	0.01222753431648016
581	0.010652310214936733
582	0.012228714302182198
583	0.011155519634485245
584	0.010542631149291992
585	0.010773411951959133
586	0.011481023393571377
587	0.013125017285346985
588	0.008403632789850235
589	0.0073294872418046
590	0.0097155487164855
591	0.007414647378027439
592	0.007344439625740051
593	0.006905110087245703
594	0.0072195506654679775
595	0.011832274496555328
596	0.00993883516639471
597	0.016736341640353203
598	0.007053791079670191
599	0.005960587412118912
600	0.009948733262717724
601	0.007336914073675871
602	0.008883318863809109
603	0.006153111811727285
604	0.005539391189813614
605	0.009685926139354706
606	0.008242434822022915
607	0.008782868273556232
608	0.008261132054030895
609	0.008726824074983597
610	0.008767467923462391
611	0.009057302959263325
612	0.01022710558027029
613	0.01333058625459671
614	0.017548996955156326
615	0.017906395718455315
616	0.015217368490993977
617	0.01651337370276451
618	0.014514358714222908
619	0.011886312626302242
620	0.009489880874752998
621	0.009825043380260468
622	0.016231151297688484
623	0.0099833058193326
624	0.012363932095468044
625	0.018652960658073425
626	0.014422252774238586
627	0.016202537342905998
628	0.014688423834741116
629	0.015063135884702206
630	0.009271553717553616
631	0.011692455969750881
632	0.008932157419621944
633	0.009332194924354553
634	0.009371945634484291
635	0.009566920809447765
636	0.008862386457622051
637	0.010954611003398895
638	0.01140184048563242
639	0.011202017776668072
640	0.015723465010523796
641	0.013107210397720337
642	0.011503941379487514
643	0.013763546012341976
644	0.011563585139811039
645	0.0161665678024292
646	0.010606092400848866
647	0.014310198836028576
648	0.012083894573152065
649	0.012367169372737408
650	0.014040193520486355
651	0.013089469633996487
652	0.011023526079952717
653	0.011816193349659443
654	0.011818180792033672
655	0.011181743815541267
656	0.012492337264120579
657	0.011531397700309753
658	0.010467687621712685
659	0.01065459381788969
660	0.025926752015948296
661	0.011064669117331505
662	0.014839688315987587
663	0.010835008695721626
664	0.020720666274428368
665	0.020542269572615623
666	0.011042526923120022
667	0.01383896078914404
668	0.010409658774733543
669	0.008874391205608845
670	0.01012694463133812
671	0.011377470567822456
672	0.013577068224549294
673	0.014820958487689495
674	0.010059534572064877
675	0.011828974820673466
676	0.0102222366258502
677	0.009847506880760193
678	0.008826076984405518
679	0.007694789674133062
680	0.008585548959672451
681	0.008763022720813751
682	0.011669977568089962
683	0.008989729918539524
684	0.0061192587018013
685	0.006054047495126724
686	0.007472620811313391
687	0.00712931901216507
688	0.0065773651003837585
689	0.007404408883303404
690	0.006910593248903751
691	0.007872415706515312
692	0.006136094685643911
693	0.006008950062096119
694	0.006600324995815754
695	0.006058652885258198
696	0.00635938486084342
697	0.005408747587352991
698	0.005894680041819811
699	0.0067611983977258205
700	0.006810761522501707
701	0.007469250354915857
702	0.00583335617557168
703	0.004601483233273029
704	0.005617897491902113
705	0.004738658666610718
706	0.004533939063549042
707	0.004394711460918188
708	0.005475911777466536
709	0.00555904395878315
710	0.005282936152070761
711	0.005669737700372934
712	0.0038130495231598616
713	0.004375373478978872
714	0.0042753987945616245
715	0.003704225644469261
716	0.005898309871554375
717	0.005837872624397278
718	0.004573814105242491
719	0.004562551621347666
720	0.004301885608583689
721	0.0036253854632377625
722	0.004156033508479595
723	0.004578151274472475
724	0.004902757704257965
725	0.007112910505384207
726	0.004999538417905569
727	0.007049180567264557
728	0.009290891699492931
729	0.008889831602573395
730	0.007361274212598801
731	0.006820119451731443
732	0.007433115970343351
733	0.0054649175144732
734	0.008736986666917801
735	0.014239082112908363
736	0.012966284528374672
737	0.014906438998878002
738	0.013650056906044483
739	0.025270327925682068
740	0.03269210085272789
741	0.07962746918201447
742	0.169577956199646
743	0.1473335474729538
744	0.1340319961309433
745	0.13788338005542755
746	0.0904645323753357
747	0.19896291196346283
748	0.16929033398628235
749	0.31795045733451843
750	0.4507523477077484
751	0.5969269275665283
752	0.5043452382087708
753	0.7033072710037231
754	0.49683165550231934
755	0.6148300170898438
756	0.6256409883499146
757	0.788353443145752
758	0.8293386697769165
759	0.9222575426101685
760	0.8675594329833984
761	0.954321026802063
762	0.9452005624771118
763	0.9804757237434387
764	0.9621286392211914
765	0.9686264395713806
766	0.9845365881919861
767	0.9744963049888611
768	0.9481448531150818
769	0.9694033861160278
770	0.9250127077102661
771	0.9390227198600769
772	0.9074708819389343
773	0.9183152318000793
774	0.8976663947105408
775	0.9573724865913391
776	0.8741170763969421
777	0.9629073143005371
778	0.9306579828262329
779	0.9232215881347656
780	0.9135854840278625
781	0.9205151796340942
782	0.9137209057807922
783	0.9376115202903748
784	0.8989133834838867
785	0.9601249694824219
786	0.8665871024131775
787	0.486735075712204
788	0.012202700600028038
789	0.007215058896690607
790	0.006269767880439758
791	0.007158768363296986
792	0.005570299923419952
793	0.009654812514781952
794	0.012943597510457039
795	0.010997720062732697
796	0.004203663673251867
797	0.004877089988440275
798	0.0035158891696482897
799	0.008316472172737122
800	0.007146489806473255
801	0.008669423870742321
802	0.007976670749485493
803	0.008045079186558723
804	0.008462187834084034
805	0.009803776629269123
806	0.009678502567112446
807	0.011876511387526989
808	0.006508973427116871
809	0.010129737667739391
810	0.006768229883164167
811	0.007850744761526585
812	0.005587355233728886
813	0.010039920918643475
814	0.005839744582772255
815	0.004884238354861736
816	0.003252983558923006
817	0.0037943930365145206
818	0.007025563158094883
819	0.0060509867034852505
820	0.003855712478980422
821	0.004559183958917856
822	0.0062074242159724236
823	0.007609162479639053
824	0.010342062450945377
825	0.008565173484385014
826	0.006225728429853916
827	0.008126485161483288
828	0.014181717298924923
829	0.009415821172297001
830	0.012390770018100739
831	0.0123940734192729
832	0.011918180622160435
833	0.00756456283852458
834	0.009980812668800354
835	0.009779791347682476
836	0.008534482680261135
837	0.01292122807353735
838	0.009811840020120144
839	0.013493563048541546
840	0.007550790905952454
841	0.013275365345180035
842	0.007316253613680601
843	0.01155948918312788
844	0.009168987162411213
845	0.00966750830411911
846	0.007758458144962788
847	0.0073753222823143005
848	0.00619404437020421
849	0.010141530074179173
850	0.009790532290935516
851	0.01059848815202713
852	0.009209215641021729
853	0.014003223739564419
854	0.018908018246293068
855	0.02785348892211914
856	0.028685441240668297
857	0.01863679103553295
858	0.018943658098578453
859	0.05188504979014397
860	0.035413771867752075
861	0.044730156660079956
862	0.02021620236337185
863	0.00906401127576828
864	0.01019198913127184
865	0.0272319745272398
866	0.01202829834073782
867	0.01240843441337347
868	0.008800327777862549
869	0.011057293973863125
870	0.009874413721263409
871	0.013189001940190792
872	0.006395102944225073
873	0.006787970662117004
874	0.00910874456167221
875	0.01297798939049244
876	0.009233029559254646
877	0.01109793595969677
878	0.013279864564538002
879	0.012114504352211952
880	0.007740481290966272
881	0.009802229702472687
882	0.011838749051094055
883	0.007287217769771814
884	0.010573660023510456
885	0.010172829031944275
886	0.010832848027348518
887	0.012814760208129883
888	0.012693244032561779
889	0.013381153345108032
890	0.010793683119118214
891	0.00997884664684534
892	0.00990378763526678
893	0.010626822710037231
894	0.010921102948486805
895	0.010858840309083462
896	0.01201334036886692
897	0.011512631550431252
898	0.011304550804197788
899	0.009030438028275967
900	0.01103190053254366
901	0.009935644455254078
902	0.009127960540354252
903	0.009387905709445477
904	0.008546406403183937
905	0.009006544016301632
906	0.009180785156786442
907	0.010978457517921925
908	0.009446884505450726
909	0.009972053579986095
910	0.008753540925681591
911	0.008836721070110798
912	0.0097358962520957
913	0.011588762514293194
914	0.00942065566778183
915	0.013239224441349506
916	0.01013051439076662
917	0.011501390486955643
918	0.01458760816603899
919	0.009909525513648987
920	0.00722188875079155
921	0.007893550209701061
922	0.011143221519887447
923	0.015090740285813808
924	0.009399709291756153
925	0.012372905388474464
926	0.011418032459914684
927	0.008816646412014961
928	0.009264866821467876
929	0.011197340674698353
930	0.00718459440395236
931	0.0073450105264782906
932	0.011715296655893326
933	0.007862044498324394
934	0.009457654319703579
935	0.007012179587036371
936	0.008047734387218952
937	0.010441211052238941
938	0.009037256240844727
939	0.008078799583017826
940	0.007841012440621853
941	0.008321771398186684
942	0.0098284175619483
943	0.00786258839070797
944	0.010780606418848038
945	0.010210609063506126
946	0.009138116613030434
947	0.01130159292370081
948	0.010612384416162968
949	0.009581547230482101
950	0.009527242742478848
951	0.008820298127830029
952	0.012266765348613262
953	0.008708789013326168
954	0.008693791925907135
955	0.007898892275989056
956	0.00924032274633646
957	0.009634788148105145
958	0.007613144349306822
959	0.010088159702718258
960	0.006674770265817642
961	0.009166090749204159
962	0.00978217925876379
963	0.009447728283703327
964	0.009014745242893696
965	0.008806601166725159
966	0.006504704710096121
967	0.008406499400734901
968	0.008454746566712856
969	0.015612340532243252
970	0.009911960922181606
971	0.011553152464330196
972	0.025847679004073143
973	0.024666965007781982
974	0.015660887584090233
975	0.03803589567542076
976	0.06669456511735916
977	0.09653138369321823
978	0.08494339138269424
979	0.06623490154743195
980	0.03525980934500694
981	0.09889063984155655
982	0.10565974563360214
983	0.032321929931640625
984	0.024187728762626648
985	0.03285513445734978
986	0.04381725564599037
987	0.0840323194861412
988	0.09067989885807037
989	0.0606670156121254
990	0.05885639786720276
991	0.07103367149829865
992	0.09599804133176804
993	0.10884640365839005
994	0.10306377708911896
995	0.09980273246765137
996	0.07987002283334732
997	0.0840250551700592
998	0.05237417295575142
999	0.10111447423696518
1000	0.04759599268436432
1001	0.05130389332771301
1002	0.043757494539022446
1003	0.08020789176225662
1004	0.031131034716963768
1005	0.04189136251807213
1006	0.03989924117922783
1007	0.03500344976782799
1008	0.04742264375090599
1009	0.03776579722762108
1010	0.03919503837823868
1011	0.027080893516540527
1012	0.02554331161081791
1013	0.0193630363792181
1014	0.025150423869490623
1015	0.028705645352602005
1016	0.02103406749665737
1017	0.02351989410817623
1018	0.012767869047820568
1019	0.018908265978097916
1020	0.00978759117424488
1021	0.020750774070620537
1022	0.01101933978497982
1023	0.01441956590861082
1024	0.01214239839464426
1025	0.010012750513851643
1026	0.008984669111669064
1027	0.011248479597270489
1028	0.009283079765737057
1029	0.012428059242665768
1030	0.009172247722744942
1031	0.009039685130119324
1032	0.010624575428664684
1033	0.011512311175465584
1034	0.012343737296760082
1035	0.01646440103650093
1036	0.015455636195838451
1037	0.02591710351407528
1038	0.0189204178750515
1039	0.016221342608332634
1040	0.035546813160181046
1041	0.02575862966477871
1042	0.0289495587348938
1043	0.01958322338759899
1044	0.020946374163031578
1045	0.03983337804675102
1046	0.0295336302369833
1047	0.04456980898976326
1048	0.043095480650663376
1049	0.027793023735284805
1050	0.036883920431137085
1051	0.04690907895565033
1052	0.022460564970970154
1053	0.01232609897851944
1054	0.01068104337900877
1055	0.008937060832977295
1056	0.01145603135228157
1057	0.009392919950187206
1058	0.009152679704129696
1059	0.00995728187263012
1060	0.011647461913526058
1061	0.010948100127279758
1062	0.013326644897460938
1063	0.011893770657479763
1064	0.013192727230489254
1065	0.010206895880401134
1066	0.009852725081145763
1067	0.013044774532318115
1068	0.007508016657084227
1069	0.011659604497253895
1070	0.00812929030507803
1071	0.00947137363255024
1072	0.009222163818776608
1073	0.01372781302779913
1074	0.011914442293345928
1075	0.013537473976612091
1076	0.009529043920338154
1077	0.013735516928136349
1078	0.010429119691252708
1079	0.007792343385517597
1080	0.006241801660507917
1081	0.00889208447188139
1082	0.010392208583652973
1083	0.012398888356983662
1084	0.009107342921197414
1085	0.009774560108780861
1086	0.016346149146556854
1087	0.01388219278305769
1088	0.01256319135427475
1089	0.009404023177921772
1090	0.009210089221596718
1091	0.007817153818905354
1092	0.007590110879391432
1093	0.008492066524922848
1094	0.006383500527590513
1095	0.010339242406189442
1096	0.00777267524972558
1097	0.008139240555465221
1098	0.008897977881133556
1099	0.011029592715203762
1100	0.005740763153880835
1101	0.006807063706219196
1102	0.007292050402611494
1103	0.009397911839187145
1104	0.009367684833705425
1105	0.011513362638652325
1106	0.01121992152184248
1107	0.008613371290266514
1108	0.00903684925287962
1109	0.009519862942397594
1110	0.0095484284684062
1111	0.009857087396085262
1112	0.01074664480984211
1113	0.012050889432430267
1114	0.014847928658127785
1115	0.012904012575745583
1116	0.009727000258862972
1117	0.027525508776307106
1118	0.012274452485144138
1119	0.00841157790273428
1120	0.009933827444911003
1121	0.009648196399211884
1122	0.007780092302709818
1123	0.007303846534341574
1124	0.0070793479681015015
1125	0.007847148925065994
1126	0.007815323770046234
1127	0.008318736217916012
1128	0.007662308868020773
1129	0.008936784230172634
1130	0.008997337892651558
1131	0.011826202273368835
1132	0.012123191729187965
1133	0.0148758664727211
1134	0.013492527417838573
1135	0.011504280380904675
1136	0.014711110852658749
1137	0.01590384915471077
1138	0.019389405846595764
1139	0.027056504040956497
1140	0.034117769449949265
1141	0.0244014710187912
1142	0.019826462492346764
1143	0.015527580864727497
1144	0.010480287484824657
1145	0.010616923682391644
1146	0.009405924007296562
1147	0.010410969145596027
1148	0.010941699147224426
1149	0.012694315984845161
1150	0.013289636932313442
1151	0.013261325657367706
1152	0.02186431922018528
1153	0.020750170573592186
1154	0.01649269089102745
1155	0.02375589683651924
1156	0.02412542700767517
1157	0.017401648685336113
1158	0.014611112885177135
1159	0.01453592162579298
1160	0.013291197828948498
1161	0.017275309190154076
1162	0.024260850623250008
1163	0.015410983934998512
1164	0.019977644085884094
1165	0.02241733856499195
1166	0.024711718782782555
1167	0.029235346242785454
1168	0.0211747195571661
1169	0.01987488567829132
1170	0.01795993559062481
1171	0.019039520993828773
1172	0.01726408116519451
1173	0.022940857335925102
1174	0.023531300947070122
1175	0.026675080880522728
1176	0.023328164592385292
1177	0.019496366381645203
1178	0.023487890139222145
1179	0.030691688880324364
1180	0.018379157409071922
1181	0.02226146124303341
1182	0.02579190768301487
1183	0.019516808912158012
1184	0.02391326241195202
1185	0.015808213502168655
1186	0.02021344006061554
1187	0.01809796504676342
1188	0.020811965689063072
1189	0.030827730894088745
1190	0.02970222197473049
1191	0.02910054288804531
1192	0.02944691851735115
1193	0.03758253529667854
1194	0.031198710203170776
1195	0.030593037605285645
1196	0.03763175755739212
1197	0.029970144852995872
1198	0.04801807552576065
1199	0.031747378408908844
1200	0.030322177335619926
1201	0.026767218485474586
1202	0.030367035418748856
1203	0.022196302190423012
1204	0.029690295457839966
1205	0.03496227413415909
1206	0.03578277304768562
1207	0.029319286346435547
1208	0.026974951848387718
1209	0.04059383273124695
1210	0.03757806494832039
1211	0.045641787350177765
1212	0.028337467461824417
1213	0.04348313808441162
1214	0.04167761653661728
1215	0.03305032476782799
1216	0.03247405216097832
1217	0.04093438386917114
1218	0.03611190244555473
1219	0.04303427040576935
1220	0.035032059997320175
1221	0.03812290355563164
1222	0.03125854209065437
1223	0.035545241087675095
1224	0.02057570032775402
1225	0.029805157333612442
1226	0.029281172901391983
1227	0.04558951035141945
1228	0.02831883169710636
1229	0.024508966132998466
1230	0.029185861349105835
1231	0.01414645928889513
1232	0.014648539014160633
1233	0.023554140701889992
1234	0.026720240712165833
1235	0.030962636694312096
1236	0.024497171863913536
1237	0.01355685293674469
1238	0.009229487739503384
1239	0.014135593548417091
1240	0.018429121002554893
1241	0.016108596697449684
1242	0.015142323449254036
1243	0.01714116334915161
1244	0.013207757845520973
1245	0.015808923169970512
1246	0.012601708061993122
1247	0.0140260374173522
1248	0.015683647245168686
1249	0.0175161249935627
1250	0.019202008843421936
1251	0.026931708678603172
1252	0.023114873096346855
1253	0.039035629481077194
1254	0.037710826843976974
1255	0.02635831944644451
1256	0.03970170393586159
1257	0.08329664170742035
1258	0.03346756845712662
1259	0.04438985139131546
1260	0.045432452112436295
1261	0.04650728777050972
1262	0.037529587745666504
1263	0.03183576092123985
1264	0.02788657881319523
1265	0.05297686532139778
1266	0.04070416837930679
1267	0.054132889956235886
1268	0.0423242524266243
1269	0.05204819515347481
1270	0.04638233408331871
1271	0.058181822299957275
1272	0.035307567566633224
1273	0.027442699298262596
1274	0.013366341590881348
1275	0.011694026179611683
1276	0.010349681600928307
1277	0.014705820940434933
1278	0.011763938702642918
1279	0.016821755096316338
1280	0.010872628539800644
1281	0.016338223591446877
1282	0.006806456949561834
1283	0.005460226442664862
1284	0.011246874928474426
1285	0.011869321577250957
1286	0.01264801062643528
1287	0.009486764669418335
1288	0.007365295197814703
1289	0.01265929639339447
1290	0.005015101749449968
1291	0.009605412371456623
1292	0.018306368961930275
1293	0.027280276641249657
1294	0.02061965875327587
1295	0.01630723662674427
1296	0.00868511013686657
1297	0.010474467650055885
1298	0.0120719438418746
1299	0.012039712630212307
1300	0.011310241185128689
1301	0.012133358977735043
1302	0.011996190063655376
1303	0.01187728438526392
1304	0.0076304213143885136
1305	0.008755479007959366
1306	0.008066854439675808
1307	0.012026126496493816
1308	0.010296481661498547
1309	0.012198793701827526
1310	0.009914259426295757
1311	0.007887737825512886
1312	0.010228965431451797
1313	0.01078565139323473
1314	0.009320172481238842
1315	0.011928563937544823
1316	0.011351357214152813
1317	0.01249490026384592
1318	0.010380350984632969
1319	0.011549292132258415
1320	0.01717010699212551
1321	0.015496253035962582
1322	0.013961981050670147
1323	0.012539041228592396
1324	0.00537825608626008
1325	0.007763999048620462
1326	0.011126506142318249
1327	0.013324171304702759
1328	0.009905194863677025
1329	0.011625448241829872
1330	0.012643739581108093
1331	0.011458523571491241
1332	0.011894972063601017
1333	0.00992085225880146
1334	0.008798169903457165
1335	0.013561164028942585
1336	0.012673268094658852
1337	0.011443580500781536
1338	0.01486948411911726
1339	0.012646220624446869
1340	0.013040214776992798
1341	0.010674921795725822
1342	0.013876046054065228
1343	0.013333938084542751
1344	0.013174153864383698
1345	0.012372150085866451
1346	0.009125664830207825
1347	0.011713291518390179
1348	0.009064668789505959
1349	0.00938135664910078
1350	0.01481256540864706
1351	0.011920186690986156
1352	0.012034839950501919
1353	0.011218726634979248
1354	0.013394229114055634
1355	0.011927010491490364
1356	0.010751075111329556
1357	0.012360336259007454
1358	0.011787873692810535
1359	0.013145238161087036
1360	0.010800267569720745
1361	0.014953630976378918
1362	0.015309885144233704
1363	0.012034358456730843
1364	0.012646120972931385
1365	0.010861164890229702
1366	0.01206559594720602
1367	0.01018828060477972
1368	0.012308872304856777
1369	0.010153657756745815
1370	0.011235679499804974
1371	0.011507599614560604
1372	0.01105781365185976
1373	0.014330165460705757
1374	0.00904762651771307
1375	0.011393298394978046
1376	0.005175015423446894
1377	0.012337462976574898
1378	0.011076325550675392
1379	0.01272003073245287
1380	0.010017315857112408
1381	0.01320310402661562
1382	0.009600494988262653
1383	0.011608639732003212
1384	0.005568609572947025
1385	0.007177084684371948
1386	0.014831043779850006
1387	0.015747545287013054
1388	0.020025987178087234
1389	0.018171660602092743
1390	0.015433515422046185
1391	0.02884742058813572
1392	0.022442026063799858
1393	0.01687631383538246
1394	0.007530572358518839
1395	0.010583099909126759
1396	0.012340853922069073
1397	0.02599007450044155
1398	0.02041691727936268
1399	0.03498055040836334
1400	0.021407155320048332
1401	0.01917392387986183
1402	0.01773209311068058
1403	0.027710093185305595
1404	0.026401573792099953
1405	0.015779325738549232
1406	0.02136228047311306
1407	0.018746977671980858
1408	0.023159338161349297
1409	0.039583440870046616
1410	0.03635391220450401
1411	0.07349532842636108
1412	0.033813681453466415
1413	0.07151724398136139
1414	0.05583955720067024
1415	0.029553640633821487
1416	0.024838751181960106
1417	0.04772637411952019
1418	0.07043620198965073
1419	0.07152165472507477
1420	0.05727589875459671
1421	0.04083370789885521
1422	0.03904251009225845
1423	0.022817276418209076
1424	0.01856333762407303
1425	0.018268493935465813
1426	0.012938851490616798
1427	0.013107863254845142
1428	0.013348802924156189
1429	0.01572747342288494
1430	0.014935323968529701
1431	0.025925517082214355
1432	0.018913529813289642
1433	0.01460261084139347
1434	0.008816945366561413
1435	0.014711977913975716
1436	0.010711818002164364
1437	0.012942847795784473
1438	0.01382526010274887
1439	0.014513223432004452
1440	0.018890907987952232
1441	0.012520899064838886
1442	0.009134783409535885
1443	0.007348507642745972
1444	0.005286406725645065
1445	0.011215179227292538
1446	0.012324775569140911
1447	0.013778074644505978
1448	0.011844933032989502
1449	0.014581376686692238
1450	0.014434251002967358
1451	0.00947326235473156
1452	0.009008919820189476
1453	0.007776462938636541
1454	0.009131339378654957
1455	0.0062848227098584175
1456	0.007054641842842102
1457	0.006602957844734192
1458	0.005022733937948942
1459	0.010945343412458897
1460	0.008435687981545925
1461	0.006768545601516962
1462	0.005050068721175194
1463	0.004437040537595749
1464	0.005087884608656168
1465	0.005314689129590988
1466	0.005889910738915205
1467	0.004697924945503473
1468	0.004445432685315609
1469	0.005761358886957169
1470	0.006749449763447046
1471	0.0066578201949596405
1472	0.0067029851488769054
1473	0.0063101062551140785
1474	0.008374069817364216
1475	0.009326104074716568
1476	0.008286260068416595
1477	0.00975258368998766
1478	0.011761443689465523
1479	0.01672675460577011
1480	0.012128092348575592
1481	0.018740549683570862
1482	0.061696648597717285
1483	0.1288149058818817
1484	0.2827182710170746
1485	0.48512640595436096
1486	0.6343197822570801
1487	0.5409504175186157
1488	0.5458280444145203
1489	0.5545933842658997
1490	0.6634458899497986
1491	0.7248279452323914
1492	0.6296118497848511
1493	0.6980020403862
1494	0.8054447174072266
1495	0.6637450456619263
1496	0.7361323833465576
1497	0.8406953811645508
1498	0.7275355458259583
1499	0.85555499792099
1500	0.6459147334098816
1501	0.7909300923347473
1502	0.8263118863105774
1503	0.8675497174263
1504	0.7226998209953308
1505	0.752292811870575
1506	0.7588678598403931
1507	0.8242921829223633
1508	0.7281438708305359
1509	0.8850626945495605
1510	0.8775439262390137
1511	0.8059979677200317
1512	0.875263512134552
1513	0.8185268640518188
1514	0.7608768939971924
1515	0.12087877094745636
1516	0.013635697774589062
1517	0.009887260384857655
1518	0.01205744594335556
1519	0.011588574387133121
1520	0.010136970318853855
1521	0.014664413407444954
1522	0.09351365268230438
1523	0.3343713879585266
1524	0.8117828369140625
1525	0.845454216003418
1526	0.935839831829071
1527	0.9308215975761414
1528	0.9553284049034119
1529	0.9113794565200806
1530	0.9120051264762878
1531	0.9483101963996887
1532	0.9248147010803223
1533	0.9448686838150024
1534	0.9286980032920837
1535	0.9264442324638367
1536	0.7013630867004395
1537	0.7740317583084106
1538	0.3127351403236389
1539	0.7647320628166199
1540	0.8883182406425476
1541	0.9541664123535156
1542	0.9394516944885254
1543	0.9289718866348267
1544	0.8895696997642517
1545	0.9202781915664673
1546	0.9031664133071899
1547	0.8538246154785156
1548	0.8467870950698853
1549	0.9278335571289062
1550	0.9601171612739563
1551	0.9142694473266602
1552	0.824196994304657
1553	0.9403605461120605
1554	0.8067246675491333
1555	0.8233418464660645
1556	0.8129867911338806
1557	0.8971914649009705
1558	0.8833397030830383
1559	0.9157959222793579
1560	0.867215633392334
1561	0.9255987405776978
1562	0.897995114326477
1563	0.8880884051322937
1564	0.757308840751648
1565	0.945819079875946
1566	0.8956558108329773
1567	0.8926607370376587
1568	0.9028496146202087
1569	0.9318740963935852
1570	0.9038891792297363
1571	0.9090081453323364
1572	0.8706907629966736
1573	0.9191427230834961
1574	0.940044105052948
1575	0.9025529026985168
1576	0.8826934099197388
1577	0.9366833567619324
1578	0.9208207130432129
1579	0.951245129108429
1580	0.8860507011413574
1581	0.9108362197875977
1582	0.93745356798172
1583	0.9470893740653992
1584	0.8691434264183044
1585	0.9532954096794128
1586	0.9407841563224792
1587	0.9038141369819641
1588	0.8185559511184692
1589	0.8420261740684509
1590	0.8822076916694641
1591	0.8851209878921509
1592	0.7706640362739563
1593	0.9060400128364563
1594	0.9304335713386536
1595	0.9104751944541931
1596	0.8226728439331055
1597	0.9117328524589539
1598	0.9490227103233337
1599	0.9293866157531738
1600	0.8599361777305603
1601	0.9362916350364685
1602	0.899105966091156
1603	0.9489922523498535
1604	0.8979053497314453
1605	0.9141780138015747
1606	0.8641902804374695
1607	0.8733607530593872
1608	0.8160907626152039
1609	0.9111103415489197
1610	0.8489851355552673
1611	0.9064961671829224
1612	0.8226624727249146
1613	0.8385589718818665
1614	0.843216061592102
1615	0.8869562149047852
1616	0.8148103952407837
1617	0.9374090433120728
1618	0.82259601354599
1619	0.8920183181762695
1620	0.8111607432365417
1621	0.8732658624649048
1622	0.8630459904670715
1623	0.8511667251586914
1624	0.8898060917854309
1625	0.9456653594970703
1626	0.8803375363349915
1627	0.9199339151382446
1628	0.8007120490074158
1629	0.9549511075019836
1630	0.9095578193664551
1631	0.8842775225639343
1632	0.7843105792999268
1633	0.9405608177185059
1634	0.7054986357688904
1635	0.8337860107421875
1636	0.7528373003005981
1637	0.8272205591201782
1638	0.808515727519989
1639	0.7821196913719177
1640	0.6880123615264893
1641	0.8310199975967407
1642	0.3700605034828186
1643	0.012985928915441036
1644	0.00808798149228096
1645	0.005186714697629213
1646	0.00893104076385498
1647	0.009159480221569538
1648	0.008935930207371712
1649	0.02817206084728241
1650	0.01659822277724743
1651	0.006701491307467222
1652	0.005194966681301594
1653	0.009545110166072845
1654	0.008420917205512524
1655	0.014383268542587757
1656	0.007831119932234287
1657	0.008874340914189816
1658	0.012824912555515766
1659	0.015674537047743797
1660	0.016026291996240616
1661	0.01820891536772251
1662	0.012631291523575783
1663	0.01901799999177456
1664	0.01562089379876852
1665	0.012591597624123096
1666	0.012698573060333729
1667	0.010343627072870731
1668	0.01590660773217678
1669	0.013724180869758129
1670	0.010717346332967281
1671	0.01609668880701065
1672	0.014926865696907043
1673	0.01339022722095251
1674	0.013164288364350796
1675	0.011260153725743294
1676	0.013513048179447651
1677	0.010419606231153011
1678	0.009006181731820107
1679	0.009289112873375416
1680	0.008213060908019543
1681	0.009002288803458214
1682	0.011049816384911537
1683	0.008519134484231472
1684	0.015682347118854523
1685	0.011315296404063702
1686	0.012437586672604084
1687	0.011725135147571564
1688	0.011759305372834206
1689	0.011440504342317581
1690	0.009744602255523205
1691	0.009994610212743282
1692	0.010734093375504017
1693	0.009935024194419384
1694	0.010159343481063843
1695	0.010806096717715263
1696	0.012131072580814362
1697	0.012853129766881466
1698	0.01591566763818264
1699	0.011251046322286129
1700	0.01206537988036871
1701	0.013100867159664631
1702	0.013451674953103065
1703	0.011098879389464855
1704	0.009542672894895077
1705	0.010974322445690632
1706	0.008249754086136818
1707	0.011137924157083035
1708	0.011337751522660255
1709	0.011236126534640789
1710	0.011825659312307835
1711	0.008731469511985779
1712	0.012909548357129097
1713	0.01852419599890709
1714	0.011882109567523003
1715	0.012039028108119965
1716	0.011697893962264061
1717	0.011264312081038952
1718	0.008982228115200996
1719	0.007242442574352026
1720	0.011645597405731678
1721	0.01296218391507864
1722	0.012319761328399181
1723	0.009107859805226326
1724	0.011352203786373138
1725	0.013924366794526577
1726	0.01354924775660038
1727	0.011724474839866161
1728	0.010564087890088558
1729	0.011985769495368004
1730	0.013851137831807137
1731	0.01104506105184555
1732	0.011057848110795021
1733	0.011916615068912506
1734	0.011477735824882984
1735	0.011904586106538773
1736	0.011459763161838055
1737	0.011071423999965191
1738	0.01063973642885685
1739	0.008552853949368
1740	0.012523302808403969
1741	0.010501149110496044
1742	0.009756860323250294
1743	0.00950466375797987
1744	0.01033290009945631
1745	0.010249502025544643
1746	0.013455676846206188
1747	0.013786370866000652
1748	0.013373500667512417
1749	0.01456389855593443
1750	0.015250434167683125
1751	0.010659713298082352
1752	0.012920916080474854
1753	0.014102138578891754
1754	0.011311433278024197
1755	0.013714647851884365
1756	0.013540336862206459
1757	0.010393183678388596
1758	0.01058441586792469
1759	0.012370704673230648
1760	0.012403166852891445
1761	0.015894344076514244
1762	0.011544454842805862
1763	0.012986508198082447
1764	0.011478736996650696
1765	0.010846661403775215
1766	0.008268327452242374
1767	0.010473890230059624
1768	0.011740351095795631
1769	0.009739607572555542
1770	0.009557799436151981
1771	0.007687255274504423
1772	0.006007274147123098
1773	0.009216892533004284
1774	0.010336433537304401
1775	0.011623257771134377
1776	0.012221267446875572
1777	0.007849304936826229
1778	0.008942636661231518
1779	0.013239926658570766
1780	0.011663434095680714
1781	0.011865937151014805
1782	0.012834876775741577
1783	0.010594411753118038
1784	0.00803117174655199
1785	0.013885966502130032
1786	0.01175563782453537
1787	0.00847126729786396
1788	0.0062012579292058945
1789	0.0117647685110569
1790	0.021420760080218315
1791	0.019906451925635338
1792	0.014654621481895447
1793	0.01702525094151497
1794	0.0151731101796031
1795	0.01039795856922865
1796	0.012891034595668316
1797	0.01288953423500061
1798	0.011915742419660091
1799	0.012010268867015839
1800	0.014894167892634869
1801	0.013046934269368649
1802	0.014023639261722565
1803	0.016605449840426445
1804	0.016168640926480293
1805	0.017453866079449654
1806	0.013265964575111866
1807	0.016774212941527367
1808	0.013108070008456707
1809	0.01932789944112301
1810	0.015422812663018703
1811	0.017926044762134552
1812	0.017119813710451126
1813	0.013175562024116516
1814	0.016820138320326805
1815	0.018128961324691772
1816	0.013231637887656689
1817	0.012735910713672638
1818	0.015445351600646973
1819	0.011907555162906647
1820	0.014887011609971523
1821	0.02045735903084278
1822	0.014610025100409985
1823	0.023411983624100685
1824	0.018690327182412148
1825	0.017086364328861237
1826	0.017915358766913414
1827	0.018138257786631584
1828	0.01697104051709175
1829	0.01771911419928074
1830	0.01999075710773468
1831	0.01596047542989254
1832	0.011862068437039852
1833	0.013176843523979187
1834	0.011389246210455894
1835	0.011916657909750938
1836	0.00751154962927103
1837	0.011371346190571785
1838	0.010863092727959156
1839	0.008488780818879604
1840	0.010992908850312233
1841	0.014155233278870583
1842	0.015449165366590023
1843	0.01749574951827526
1844	0.014728056266903877
1845	0.015602442435920238
1846	0.013552953489124775
1847	0.01178521104156971
1848	0.00775909423828125
1849	0.014034097082912922
1850	0.011377344839274883
1851	0.01907549612224102
1852	0.013284697197377682
1853	0.011720961891114712
1854	0.012274175882339478
1855	0.011811061762273312
1856	0.013258657418191433
1857	0.014344978146255016
1858	0.011468064971268177
1859	0.010514919646084309
1860	0.00952712632715702
1861	0.007658993359655142
1862	0.009508966468274593
1863	0.009852482005953789
1864	0.010538958013057709
1865	0.009562348946928978
1866	0.009387971833348274
1867	0.008499295450747013
1868	0.00801254715770483
1869	0.009681954979896545
1870	0.01035038847476244
1871	0.008794674649834633
1872	0.010627196170389652
1873	0.010624926537275314
1874	0.008142035454511642
1875	0.009166399948298931
1876	0.007355136331170797
1877	0.007695263717323542
1878	0.009464055299758911
1879	0.011128897778689861
1880	0.012282410636544228
1881	0.010561719536781311
1882	0.015893492847681046
1883	0.011830853298306465
1884	0.007954629138112068
1885	0.010095457546412945
1886	0.011562516912817955
1887	0.013294986449182034
1888	0.009590770117938519
1889	0.011765035800635815
1890	0.014945854432880878
1891	0.016191227361559868
1892	0.009146255441009998
1893	0.014234400354325771
1894	0.010450324974954128
1895	0.01016181893646717
1896	0.010361039079725742
1897	0.010972602292895317
1898	0.011879575438797474
1899	0.01344775129109621
1900	0.010934307239949703
1901	0.009744402952492237
1902	0.010681058280169964
1903	0.015733910724520683
1904	0.010255842469632626
1905	0.0184361319988966
1906	0.015036619268357754
1907	0.022897351533174515
1908	0.011861621402204037
1909	0.013732844963669777
1910	0.023192478343844414
1911	0.028584927320480347
1912	0.013930442743003368
1913	0.018066350370645523
1914	0.01249731332063675
1915	0.023083478212356567
1916	0.012601849623024464
1917	0.01899123191833496
1918	0.013027098961174488
1919	0.017396286129951477
1920	0.013262595050036907
1921	0.012278569862246513
1922	0.015679148957133293
1923	0.014351953752338886
1924	0.014603945426642895
1925	0.020894654095172882
1926	0.024731595069169998
1927	0.031909726560115814
1928	0.030241835862398148
1929	0.047025736421346664
1930	0.07407891005277634
1931	0.040139082819223404
1932	0.026404932141304016
1933	0.023245347663760185
1934	0.020607639104127884
1935	0.013866053894162178
1936	0.014810191467404366
1937	0.022982826456427574
1938	0.01915694586932659
1939	0.016540585085749626
1940	0.012066191993653774
1941	0.010899658314883709
1942	0.012927517294883728
1943	0.014459085650742054
1944	0.014464627020061016
1945	0.015842868015170097
1946	0.01779888942837715
1947	0.023746004328131676
1948	0.01265329122543335
1949	0.012310821563005447
1950	0.009697034023702145
1951	0.011049697175621986
1952	0.011311781592667103
1953	0.010813555680215359
1954	0.013657337985932827
1955	0.01219402626156807
1956	0.009272024035453796
1957	0.01990347169339657
1958	0.013766630552709103
1959	0.011143152602016926
1960	0.011947710998356342
1961	0.007233894895762205
1962	0.006031959783285856
1963	0.00602249801158905
1964	0.006838207598775625
1965	0.006612806115299463
1966	0.006836495827883482
1967	0.007864736020565033
1968	0.011050465516746044
1969	0.009917506948113441
1970	0.011243772692978382
1971	0.015340392477810383
1972	0.010446335189044476
1973	0.00861842930316925
1974	0.00976417027413845
1975	0.009880456142127514
1976	0.007565321866422892
1977	0.01315028965473175
1978	0.014423250220716
1979	0.011061874218285084
1980	0.01187879778444767
1981	0.01403078343719244
1982	0.010195902548730373
1983	0.014445610344409943
1984	0.00910245906561613
1985	0.01463406439870596
1986	0.01981324516236782
1987	0.009281940758228302
1988	0.010003236122429371
1989	0.009661003947257996
1990	0.011521819047629833
1991	0.009856070391833782
1992	0.008096667937934399
1993	0.00841194111853838
1994	0.00701971584931016
1995	0.008216042071580887
1996	0.007784613873809576
1997	0.011181788519024849
1998	0.007532024290412664
1999	0.00988115556538105
2000	0.007860150188207626
2001	0.009272703900933266
2002	0.009614705108106136
2003	0.006896586623042822
2004	0.007429500110447407
2005	0.01092833187431097
2006	0.007799096405506134
2007	0.007755329366773367
2008	0.008953419514000416
2009	0.008722031489014626
2010	0.00872863456606865
2011	0.008513535372912884
2012	0.008221223019063473
2013	0.011118069291114807
2014	0.009443535469472408
2015	0.012712654657661915
2016	0.010084390640258789
2017	0.00964123010635376
2018	0.011220531538128853
2019	0.013710404746234417
2020	0.015975143760442734
2021	0.012752692215144634
2022	0.014083835296332836
2023	0.03764518350362778
2024	0.06722484529018402
2025	0.09272485971450806
2026	0.22069214284420013
2027	0.28936511278152466
2028	0.37322983145713806
2029	0.4740901589393616
2030	0.21990589797496796
2031	0.08389290422201157
2032	0.15687552094459534
2033	0.2056945413351059
2034	0.19380827248096466
2035	0.2882367670536041
2036	0.3183528184890747
2037	0.457236111164093
2038	0.5987080931663513
2039	0.4305548667907715
2040	0.47247010469436646
2041	0.7130106091499329
2042	0.8080007433891296
2043	0.8758485913276672
2044	0.8255897760391235
2045	0.8993762135505676
2046	0.8784930109977722
2047	0.5612204670906067
2048	0.9227081537246704
2049	0.9279486536979675
2050	0.8638410568237305
2051	0.8482176661491394
2052	0.870467483997345
2053	0.9398209452629089
2054	0.9144596457481384
2055	0.9576360583305359
2056	0.8995220065116882
2057	0.8875250816345215
2058	0.904941737651825
2059	0.8784535527229309
2060	0.8930010199546814
2061	0.7808833718299866
2062	0.760635495185852
2063	0.6051654815673828
2064	0.27885642647743225
2065	0.22721390426158905
2066	0.11732818186283112
2067	0.10094523429870605
2068	0.1360381841659546
2069	0.4394834041595459
2070	0.43447360396385193
2071	0.7052805423736572
2072	0.772091805934906
2073	0.9009872674942017
2074	0.8453537225723267
2075	0.9238237738609314
2076	0.8916694521903992
2077	0.9090555310249329
2078	0.9266359210014343
2079	0.9316124320030212
2080	0.8826031684875488
2081	0.9266209602355957
2082	0.5903661847114563
2083	0.6587710380554199
2084	0.8611602783203125
2085	0.9171656966209412
2086	0.8849049806594849
2087	0.9170732498168945
2088	0.880560576915741
2089	0.9069511294364929
2090	0.8867571949958801
2091	0.8927122354507446
2092	0.8486612439155579
2093	0.8024818301200867
2094	0.6962034106254578
2095	0.6190484166145325
2096	0.19027778506278992
2097	0.43998509645462036
2098	0.28576135635375977
2099	0.6066083312034607
2100	0.5842775702476501
2101	0.5156069993972778
2102	0.7496327757835388
2103	0.7023640871047974
2104	0.6640052795410156
2105	0.7634287476539612
2106	0.7927442789077759
2107	0.721301257610321
2108	0.7444772720336914
2109	0.8765407800674438
2110	0.8572264909744263
2111	0.8319664001464844
2112	0.7926197052001953
2113	0.8974656462669373
2114	0.8073436617851257
2115	0.7534232139587402
2116	0.792391300201416
2117	0.6872521042823792
2118	0.6631135940551758
2119	0.7298038601875305
2120	0.7907256484031677
2121	0.8259913325309753
2122	0.7217684388160706
2123	0.7944900393486023
2124	0.7667120099067688
2125	0.8850795030593872
2126	0.897023618221283
2127	0.8226369023323059
2128	0.7941296696662903
2129	0.8528170585632324
2130	0.804530918598175
2131	0.41542014479637146
2132	0.5633044242858887
2133	0.5740496516227722
2134	0.47691279649734497
2135	0.5954818725585938
2136	0.5338812470436096
2137	0.4489113390445709
2138	0.18624816834926605
2139	0.019452357664704323
2140	0.016458362340927124
2141	0.10877969115972519
2142	0.11068792641162872
2143	0.446857750415802
2144	0.7594498991966248
2145	0.8273029327392578
2146	0.826098620891571
2147	0.8733667731285095
2148	0.8680049777030945
2149	0.7633189558982849
2150	0.7372631430625916
2151	0.7220050692558289
2152	0.6412772536277771
2153	0.7955704927444458
2154	0.8249540328979492
2155	0.8004472851753235
2156	0.8252593874931335
2157	0.7054022550582886
2158	0.8695691227912903
2159	0.8444637656211853
2160	0.8731297850608826
2161	0.9103439450263977
2162	0.8048790097236633
2163	0.848178505897522
2164	0.6917598843574524
2165	0.6669963002204895
2166	0.6598182916641235
2167	0.6598690152168274
2168	0.6257348656654358
2169	0.43646183609962463
2170	0.30999284982681274
2171	0.162741020321846
2172	0.20897893607616425
2173	0.334853857755661
2174	0.571571946144104
2175	0.7772470712661743
2176	0.7928409576416016
2177	0.7427308559417725
2178	0.1351841539144516
2179	0.2275511473417282
2180	0.5272336006164551
2181	0.40971145033836365
2182	0.44752731919288635
2183	0.39537230134010315
2184	0.3195081353187561
2185	0.15926504135131836
2186	0.20770132541656494
2187	0.047570426017045975
2188	0.014041760936379433
2189	0.01682787388563156
2190	0.0075804367661476135
2191	0.00765052018687129
2192	0.006276922766119242
2193	0.005732453428208828
2194	0.0073495106771588326
2195	0.007721030618995428
2196	0.005508954171091318
2197	0.00594098586589098
2198	0.006671273615211248
2199	0.011895239353179932
2200	0.03846770152449608
2201	0.01812034845352173
2202	0.015372107736766338
2203	0.01097982656210661
2204	0.01311804074794054
2205	0.013116195797920227
2206	0.00864438060671091
2207	0.011656887829303741
2208	0.008361458778381348
2209	0.00925725232809782
2210	0.008819417096674442
2211	0.00837691593915224
2212	0.006423893850296736
2213	0.013310189358890057
2214	0.014787635765969753
2215	0.010278883390128613
2216	0.007528319954872131
2217	0.0076994821429252625
2218	0.005743722431361675
2219	0.008972221054136753
2220	0.009050420485436916
2221	0.012921961024403572
2222	0.01038504857569933
2223	0.011872109957039356
2224	0.012013906612992287
2225	0.010253543965518475
2226	0.008731643669307232
2227	0.01478171069175005
2228	0.011956192553043365
2229	0.018324870616197586
2230	0.019107406958937645
2231	0.019429564476013184
2232	0.017201919108629227
2233	0.026881307363510132
2234	0.020664004608988762
2235	0.015284483321011066
2236	0.019105222076177597
2237	0.01876974105834961
2238	0.015645721927285194
2239	0.018019458279013634
2240	0.014479393139481544
2241	0.016410214826464653
2242	0.018492043018341064
2243	0.013522577472031116
2244	0.016453256830573082
2245	0.020803919062018394
2246	0.01772950403392315
2247	0.018975859507918358
2248	0.0181618332862854
2249	0.020319854840636253
2250	0.01371547020971775
2251	0.01736246980726719
2252	0.021572092548012733
2253	0.016395244747400284
2254	0.018328065052628517
2255	0.01221997756510973
2256	0.013613499701023102
2257	0.013947791419923306
2258	0.015488131903111935
2259	0.009033836424350739
2260	0.009817962534725666
2261	0.009125416167080402
2262	0.011682077310979366
2263	0.018497459590435028
2264	0.016203535720705986
2265	0.01130347978323698
2266	0.01279317308217287
2267	0.013024396263062954
2268	0.008599091321229935
2269	0.010763773694634438
2270	0.0067390091717243195
2271	0.008590477518737316
2272	0.008535177446901798
2273	0.009719503112137318
2274	0.012785009108483791
2275	0.014655672013759613
2276	0.011453622952103615
2277	0.008403378538787365
2278	0.011782011948525906
2279	0.013307486660778522
2280	0.011134499683976173
2281	0.011393554508686066
2282	0.008291813544929028
2283	0.008926399052143097
2284	0.010490382090210915
2285	0.013222862966358662
2286	0.01779962331056595
2287	0.035827912390232086
2288	0.03395766764879227
2289	0.049704547971487045
2290	0.03861250355839729
2291	0.031610313802957535
2292	0.012272481806576252
2293	0.014416431076824665
2294	0.010600514709949493
2295	0.007035046815872192
2296	0.009878582321107388
2297	0.008362815715372562
2298	0.009912146255373955
2299	0.014269615523517132
2300	0.011284809559583664
2301	0.010841702111065388
2302	0.008517147041857243
2303	0.009366522543132305
2304	0.011258618906140327
2305	0.010223446413874626
2306	0.012134633027017117
2307	0.010722232051193714
2308	0.010483995079994202
2309	0.006446279585361481
2310	0.005747137125581503
2311	0.006488099228590727
2312	0.00602686358615756
2313	0.007191176991909742
2314	0.008489040657877922
2315	0.008676881901919842
2316	0.010275340639054775
2317	0.01008222158998251
2318	0.009246324189007282
2319	0.010738491080701351
2320	0.009512379765510559
2321	0.012246224097907543
2322	0.013321319594979286
2323	0.014936946332454681
2324	0.010235816240310669
2325	0.01098374743014574
2326	0.007832285948097706
2327	0.010648156516253948
2328	0.008569436147809029
2329	0.008540368638932705
2330	0.008492936380207539
2331	0.009236556477844715
2332	0.006493930704891682
2333	0.010011649690568447
2334	0.006896950304508209
2335	0.008677120320498943
2336	0.008681698702275753
2337	0.01121685653924942
2338	0.01561748143285513
2339	0.018069995567202568
2340	0.01785869337618351
2341	0.04414685443043709
2342	0.1050233393907547
2343	0.21468296647071838
2344	0.6349694132804871
2345	0.8503738641738892
2346	0.8488616347312927
2347	0.7487891912460327
2348	0.7571749091148376
2349	0.8341272473335266
2350	0.9034909605979919
2351	0.9726141095161438
2352	0.9433832168579102
2353	0.9604091644287109
2354	0.9102304577827454
2355	0.9708694815635681
2356	0.9451409578323364
2357	0.9780893325805664
2358	0.9464473128318787
2359	0.9811676144599915
2360	0.9525552988052368
2361	0.9767060279846191
2362	0.9719974398612976
2363	0.9746185541152954
2364	0.9388696551322937
2365	0.9625369310379028
2366	0.9687406420707703
2367	0.9771238565444946
2368	0.984085202217102
2369	0.980778694152832
2370	0.8302232027053833
2371	0.838122546672821
2372	0.7307789921760559
2373	0.8052282333374023
2374	0.9025389552116394
2375	0.9380456805229187
2376	0.911273181438446
2377	0.964711606502533
2378	0.9856323599815369
2379	0.9867649078369141
2380	0.984740674495697
2381	0.977909505367279
2382	0.9853231310844421
2383	0.955208420753479
2384	0.9621424674987793
2385	0.9792160391807556
2386	0.9624992609024048
2387	0.9701700210571289
2388	0.9682713747024536
2389	0.9565475583076477
2390	0.9625481963157654
2391	0.9717691540718079
2392	0.9689837694168091
2393	0.9733967185020447
2394	0.9702189564704895
2395	0.962044358253479
2396	0.9407869577407837
2397	0.9735423922538757
2398	0.9745546579360962
2399	0.9759160876274109
2400	0.9542957544326782
2401	0.9755926132202148
2402	0.9802163243293762
2403	0.9879336357116699
2404	0.9816978573799133
2405	0.9778411984443665
2406	0.9704181551933289
2407	0.8977133631706238
2408	0.8239485025405884
2409	0.8363639712333679
2410	0.8914580345153809
2411	0.9524582028388977
2412	0.9395147562026978
2413	0.9179165959358215
2414	0.8924884796142578
2415	0.9422067999839783
2416	0.9519286155700684
2417	0.9387555122375488
2418	0.9366722106933594
2419	0.9515072107315063
2420	0.9154213070869446
2421	0.9332215189933777
2422	0.9116718173027039
2423	0.9035207033157349
2424	0.9101840257644653
2425	0.9712620973587036
2426	0.9675052762031555
2427	0.92181396484375
2428	0.6722928285598755
2429	0.015521833673119545
2430	0.012217569164931774
2431	0.012282400391995907
2432	0.012418541125953197
2433	0.013414382934570312
2434	0.012960321269929409
2435	0.015053907409310341
2436	0.011574337258934975
2437	0.014762959443032742
2438	0.012383497320115566
2439	0.01829402707517147
2440	0.022271424531936646
2441	0.0639602318406105
2442	0.017095524817705154
2443	0.014272085390985012
2444	0.013122962787747383
2445	0.018625833094120026
2446	0.030606601387262344
2447	0.05915498360991478
2448	0.13353294134140015
2449	0.171046182513237
2450	0.5815725326538086
2451	0.8997907638549805
2452	0.884997546672821
2453	0.9227332472801208
2454	0.9685559272766113
2455	0.9632679224014282
2456	0.9602714776992798
2457	0.9542083740234375
2458	0.9596479535102844
2459	0.8980493545532227
2460	0.9362993240356445
2461	0.9388553500175476
2462	0.8610091209411621
2463	0.8957554697990417
2464	0.8574932217597961
2465	0.9184446334838867
2466	0.9464418292045593
2467	0.9102882742881775
2468	0.8758975267410278
2469	0.8989648818969727
2470	0.057803649455308914
2471	0.014403268694877625
2472	0.010401572100818157
2473	0.009200841188430786
2474	0.007510425988584757
2475	0.00649024173617363
2476	0.0073068030178546906
2477	0.008742024190723896
2478	0.00637476472184062
2479	0.014667431823909283
2480	0.016269205138087273
2481	0.03557734563946724
2482	0.02410147152841091
2483	0.017106398940086365
2484	0.009421792812645435
2485	0.011236506514251232
2486	0.01530013419687748
2487	0.01446999330073595
2488	0.012333688326179981
2489	0.010059668682515621
2490	0.012494872324168682
2491	0.025538770481944084
2492	0.03965996950864792
2493	0.037224553525447845
2494	0.039892811328172684
2495	0.10650289058685303
2496	0.057196009904146194
2497	0.08956332504749298
2498	0.03918440267443657
2499	0.15385031700134277
2500	0.14014650881290436
2501	0.11679141968488693
2502	0.2237890213727951
2503	0.19078396260738373
2504	0.21829178929328918
2505	0.24089716374874115
2506	0.08724816143512726
2507	0.055192138999700546
2508	0.06975399702787399
2509	0.14442020654678345
2510	0.07816839963197708
2511	0.061450231820344925
2512	0.038896288722753525
2513	0.028474459424614906
2514	0.0300097968429327
2515	0.017137140035629272
2516	0.009409629739820957
2517	0.011491440236568451
2518	0.011276471428573132
2519	0.009813006035983562
2520	0.01694418303668499
2521	0.02110045962035656
2522	0.010258199647068977
2523	0.009136445820331573
2524	0.0075402953661978245
2525	0.007586543448269367
2526	0.006937899626791477
2527	0.008463742211461067
2528	0.008333235047757626
2529	0.00803964864462614
2530	0.006764774676412344
2531	0.0059333243407309055
2532	0.006190148182213306
2533	0.007495309691876173
2534	0.006590626668184996
2535	0.00839468277990818
2536	0.007309498731046915
2537	0.009031880646944046
2538	0.007511602248996496
2539	0.009060640819370747
2540	0.007064557168632746
2541	0.008598885498940945
2542	0.007286008447408676
2543	0.008701732382178307
2544	0.007826665416359901
2545	0.010699940845370293
2546	0.01065071951597929
2547	0.011004317551851273
2548	0.008151018060743809
2549	0.0077990153804421425
2550	0.007079238537698984
2551	0.009195483289659023
2552	0.009172394871711731
2553	0.008265301585197449
2554	0.012280567549169064
2555	0.012786713428795338
2556	0.011072821915149689
2557	0.010339145548641682
2558	0.008777551352977753
2559	0.0065356469713151455
2560	0.0073220208287239075
2561	0.008735708892345428
2562	0.010154078714549541
2563	0.009699857793748379
2564	0.00886584259569645
2565	0.011520511470735073
2566	0.011532402597367764
2567	0.021339619532227516
2568	0.012843686155974865
2569	0.014096503145992756
2570	0.012533897534012794
2571	0.009739676490426064
2572	0.008435525000095367
2573	0.01115561742335558
2574	0.011353017762303352
2575	0.019478021189570427
2576	0.010756193660199642
2577	0.013636671006679535
2578	0.007103325333446264
2579	0.008200175128877163
2580	0.007968680933117867
2581	0.008716910146176815
2582	0.00639486825093627
2583	0.013603073544800282
2584	0.00949859619140625
2585	0.007293500937521458
2586	0.00920568872243166
2587	0.009050512686371803
2588	0.009718901477754116
2589	0.01023226696997881
2590	0.007863874547183514
2591	0.007998901419341564
2592	0.008370241150259972
2593	0.0077135576866567135
2594	0.008549905382096767
2595	0.008697869256138802
2596	0.0069969417527318
2597	0.005837098229676485
2598	0.007718432229012251
2599	0.006474774330854416
2600	0.00798786897212267
2601	0.008405842818319798
2602	0.007299334742128849
2603	0.005672093015164137
2604	0.00495634600520134
2605	0.00879138894379139
2606	0.007901410572230816
2607	0.0053284927271306515
2608	0.005936221219599247
2609	0.005525350570678711
2610	0.0076772794127464294
2611	0.006677985191345215
2612	0.006306912284344435
2613	0.005751208867877722
2614	0.008452648296952248
2615	0.005336930509656668
2616	0.005148190539330244
2617	0.004442290868610144
2618	0.005010996013879776
2619	0.004655951168388128
2620	0.004686934873461723
2621	0.005015761591494083
2622	0.0058457027189433575
2623	0.007149705197662115
2624	0.007273291703313589
2625	0.008191530592739582
2626	0.006299753673374653
2627	0.00865678209811449
2628	0.008301821537315845
2629	0.008380556479096413
2630	0.00981248077005148
2631	0.010069972835481167
2632	0.019496440887451172
2633	0.019112134352326393
2634	0.025559252128005028
2635	0.08605342358350754
2636	0.6209731101989746
2637	0.7437178492546082
2638	0.7100216746330261
2639	0.44823357462882996
2640	0.30979517102241516
2641	0.26036545634269714
2642	0.18149742484092712
2643	0.11172936111688614
2644	0.10898669809103012
2645	0.3467850983142853
2646	0.3569670617580414
2647	0.5718222260475159
2648	0.7859538793563843
2649	0.9253000617027283
2650	0.9234315752983093
2651	0.9276883006095886
2652	0.8578104376792908
2653	0.8935278058052063
2654	0.7929842472076416
2655	0.7247892618179321
2656	0.7497846484184265
2657	0.7351959347724915
2658	0.7773866057395935
2659	0.8389953970909119
2660	0.866481602191925
2661	0.9678787589073181
2662	0.9016127586364746
2663	0.9245220422744751
2664	0.8914095163345337
2665	0.9170460104942322
2666	0.9408028721809387
2667	0.9522601962089539
2668	0.8894670605659485
2669	0.9175322651863098
2670	0.8438282012939453
2671	0.838354229927063
2672	0.8003989458084106
2673	0.9277364611625671
2674	0.9385290145874023
2675	0.9910017251968384
2676	0.9730190634727478
2677	0.9930357336997986
2678	0.9867931604385376
2679	0.9905048608779907
2680	0.9925007224082947
2681	0.9815098643302917
2682	0.9649675488471985
2683	0.9738005995750427
2684	0.9151110649108887
2685	0.9019873738288879
2686	0.8682382702827454
2687	0.23991461098194122
2688	0.022775331512093544
2689	0.016870848834514618
2690	0.006588283460587263
2691	0.018819665536284447
2692	0.012951287440955639
2693	0.013824460096657276
2694	0.011132377199828625
2695	0.005860194098204374
2696	0.012644194066524506
2697	0.0129556804895401
2698	0.006790257524698973
2699	0.010658188723027706
