frame	prob
0	0.004365724511444569
1	0.0037598167546093464
2	0.0048615639097988605
3	0.005285193677991629
4	0.004953898023813963
5	0.007431484293192625
6	0.006693215575069189
7	0.008419147692620754
8	0.008871885947883129
9	0.00986599363386631
10	0.012679288163781166
11	0.010941600427031517
12	0.00910832267254591
13	0.014224526472389698
14	0.01325103361159563
15	0.018143272027373314
16	0.02354523167014122
17	0.029582554474473
18	0.06498514115810394
19	0.11973011493682861
20	0.07821708917617798
21	0.07295172661542892
22	0.10940148681402206
23	0.07028599828481674
24	0.05901545286178589
25	0.1645139455795288
26	0.13994112610816956
27	0.1706232875585556
28	0.07572918385267258
29	0.10605514049530029
30	0.06656134128570557
31	0.14301051199436188
32	0.0752117857336998
33	0.3153761327266693
34	0.30098292231559753
35	0.41794854402542114
36	0.39313969016075134
37	0.4850890338420868
38	0.4088713824748993
39	0.5752084851264954
40	0.4581989347934723
41	0.7374037504196167
42	0.7809476256370544
43	0.6720237135887146
44	0.7030958533287048
45	0.8672879338264465
46	0.6608077883720398
47	0.7682202458381653
48	0.7406831979751587
49	0.56304532289505
50	0.4511478543281555
51	0.37254202365875244
52	0.6158110499382019
53	0.7653668522834778
54	0.6225487589836121
55	0.45498672127723694
56	0.4431518018245697
57	0.40813547372817993
58	0.2909962236881256
59	0.4928993284702301
60	0.30111151933670044
61	0.5098592638969421
62	0.5501481890678406
63	0.7330451011657715
64	0.8109244704246521
65	0.8321258425712585
66	0.820939838886261
67	0.9012318849563599
68	0.9769755601882935
69	0.9785405397415161
70	0.924604594707489
71	0.8354422450065613
72	0.932149350643158
73	0.9674674272537231
74	0.9579364061355591
75	0.9354071021080017
76	0.6962793469429016
77	0.5152087807655334
78	0.547282874584198
79	0.8245221972465515
80	0.9189552664756775
81	0.9572957158088684
82	0.926639199256897
83	0.970585286617279
84	0.9514654278755188
85	0.9706851243972778
86	0.9608049392700195
87	0.9645353555679321
88	0.9445481300354004
89	0.8589544296264648
90	0.32369929552078247
91	0.6350781321525574
92	0.8929031491279602
93	0.8739065527915955
94	0.7275967001914978
95	0.7404364943504333
96	0.31695500016212463
97	0.6086017489433289
98	0.48852452635765076
99	0.7534673810005188
100	0.2313840389251709
101	0.4955024719238281
102	0.884015679359436
103	0.6962326169013977
104	0.7865762710571289
105	0.7845830917358398
106	0.8846023678779602
107	0.23722444474697113
108	0.6227250695228577
109	0.6992258429527283
110	0.5111100077629089
111	0.015048227272927761
112	0.014384500682353973
113	0.007947542704641819
114	0.010235070250928402
115	0.010927120223641396
116	0.009998423047363758
117	0.01352697890251875
118	0.01553800143301487
119	0.015495321713387966
120	0.011838279664516449
121	0.015424440614879131
122	0.01680902950465679
123	0.015105671249330044
124	0.011974894441664219
125	0.011305992491543293
126	0.012499923817813396
127	0.01410398818552494
128	0.013015368953347206
129	0.017999378964304924
130	0.01975112222135067
131	0.01722310483455658
132	0.017083754763007164
133	0.014087500981986523
134	0.015709279105067253
135	0.02036588080227375
136	0.018443206325173378
137	0.018189815804362297
138	0.017727697268128395
139	0.01823844574391842
140	0.015841146931052208
141	0.018892357125878334
142	0.016932403668761253
143	0.01753104291856289
144	0.013594909571111202
145	0.01749257743358612
146	0.017601653933525085
147	0.021095791831612587
148	0.01442399900406599
149	0.019502364099025726
150	0.02049652300775051
151	0.060352444648742676
152	0.9431530833244324
153	0.7760104537010193
154	0.3996848165988922
155	0.4990415573120117
156	0.22289519011974335
157	0.0844075158238411
158	0.16350185871124268
159	0.04622873291373253
160	0.0781586691737175
161	0.13364510238170624
162	0.02572144940495491
163	0.027604693546891212
164	0.08635057508945465
165	0.2633449137210846
166	0.30768492817878723
167	0.11046653240919113
168	0.292934387922287
169	0.6083936095237732
170	0.5931127667427063
171	0.6976394057273865
172	0.5778366923332214
173	0.762389063835144
174	0.8182159662246704
175	0.5956818461418152
176	0.2697446048259735
177	0.4645031988620758
178	0.35171744227409363
179	0.03822970390319824
180	0.1911465972661972
181	0.035321153700351715
182	0.00762342382222414
183	0.00625204760581255
184	0.007126818876713514
185	0.0073668197728693485
186	0.5168075561523438
187	0.8391295671463013
188	0.8288670778274536
189	0.9083574414253235
190	0.8707900047302246
191	0.9641467928886414
192	0.9869341254234314
193	0.9758164286613464
194	0.9011382460594177
195	0.9204312562942505
196	0.8426879048347473
197	0.9026859402656555
198	0.7539508938789368
199	0.8149706125259399
200	0.7501229643821716
201	0.3742353022098541
202	0.7019447684288025
203	0.7150444984436035
204	0.6102474331855774
205	0.7112579345703125
206	0.5848356485366821
207	0.7962219715118408
208	0.6394144892692566
209	0.8202502131462097
210	0.7784754633903503
211	0.8426465392112732
212	0.6726689338684082
213	0.8411549925804138
214	0.6779460310935974
215	0.7945653200149536
216	0.6811283230781555
217	0.7884297370910645
218	0.6947256922721863
219	0.5902978777885437
220	0.5609508752822876
221	0.09476446360349655
222	0.6463238000869751
223	0.5829610228538513
224	0.6501914858818054
225	0.5307403802871704
226	0.3625583052635193
227	0.037901509553194046
228	0.010964053682982922
229	0.015564510598778725
230	0.010168359614908695
231	0.008057549595832825
232	0.009321577847003937
233	0.012543260119855404
234	0.01421340461820364
235	0.03017154335975647
236	0.037677813321352005
237	0.10207691043615341
238	0.9084596633911133
239	0.9168909192085266
240	0.9604048132896423
241	0.9266497492790222
242	0.9656538367271423
243	0.8912053108215332
244	0.8175107836723328
245	0.7758190631866455
246	0.8956255316734314
247	0.9014083743095398
248	0.7296864986419678
249	0.8427461981773376
250	0.8483366370201111
251	0.864435613155365
252	0.7712733745574951
253	0.8919996619224548
254	0.8509721755981445
255	0.45829325914382935
256	0.09857696294784546
257	0.025422275066375732
258	0.013056615367531776
259	0.012483309023082256
260	0.009963177144527435
261	0.03537679463624954
262	0.04018986597657204
263	0.03023272193968296
264	0.028692925348877907
265	0.05304426699876785
266	0.655328094959259
267	0.7921684384346008
268	0.8725797533988953
269	0.9569269418716431
270	0.923297107219696
271	0.9000382423400879
272	0.6292099356651306
273	0.309373140335083
274	0.30522170662879944
275	0.4058407247066498
276	0.054248251020908356
277	0.018019696697592735
278	0.014280304312705994
279	0.01428185310214758
280	0.012117992155253887
281	0.02637377381324768
282	0.6267029643058777
283	0.8865334391593933
284	0.9687758684158325
285	0.921787440776825
286	0.8619503378868103
287	0.9256384968757629
288	0.20272742211818695
289	0.7079611420631409
290	0.5699210166931152
291	0.08450813591480255
292	0.36842766404151917
293	0.6663023829460144
294	0.08940404653549194
295	0.13403606414794922
296	0.09843368083238602
297	0.23375053703784943
298	0.01057425420731306
299	0.008029530756175518
300	0.008623437955975533
301	0.011597864329814911
302	0.00947390217334032
303	0.010562481358647346
304	0.01324065774679184
305	0.03806355595588684
306	0.008743350394070148
307	0.012849724851548672
308	0.010306717827916145
309	0.01392855029553175
310	0.010996125638484955
311	0.01661710999906063
312	0.010746452026069164
313	0.012368596158921719
314	0.013181792572140694
315	0.011224321089684963
316	0.010653962381184101
317	0.010637447237968445
318	0.013435186818242073
319	0.020035002380609512
320	0.02001742087304592
321	0.013972972519695759
322	0.011248575523495674
323	0.013648459687829018
324	0.013333509676158428
325	0.013266930356621742
326	0.011653110384941101
327	0.013872493989765644
328	0.01441378053277731
329	0.017271755263209343
330	0.013733762316405773
331	0.01886218786239624
332	0.01388785894960165
333	0.01872831955552101
334	0.020682603120803833
335	0.019894879311323166
336	0.016935743391513824
337	0.018923824653029442
338	0.019624987617135048
339	0.020687086507678032
340	0.01706073246896267
341	0.021989721804857254
342	0.02050580456852913
343	0.015339545905590057
344	0.016685670241713524
345	0.01955893635749817
346	0.01515901554375887
347	0.018167784437537193
348	0.014511140994727612
349	0.01384938508272171
350	0.013737978413701057
351	0.013726155273616314
352	0.01582137495279312
353	0.01185415219515562
354	0.010158315300941467
355	0.013757205568253994
356	0.009869473986327648
357	0.010851377621293068
358	0.012132341973483562
359	0.014037040062248707
360	0.00930244754999876
361	0.011733888648450375
362	0.010572203435003757
363	0.010417108424007893
364	0.007603414356708527
365	0.0067688883282244205
366	0.005970766302198172
367	0.0063999793492257595
368	0.0055309925228357315
369	0.0051731872372329235
370	0.004392273724079132
371	0.004650946706533432
372	0.004891501273959875
373	0.004301110748201609
374	0.004414816852658987
375	0.004011563956737518
376	0.003387145698070526
377	0.004181170370429754
378	0.0039304206147789955
379	0.0034686413127928972
380	0.004031635355204344
381	0.0035429734271019697
382	0.0037359686102718115
383	0.005086001008749008
384	0.0041566696017980576
385	0.004169914871454239
386	0.00480273924767971
387	0.003764142980799079
388	0.0036747530102729797
389	0.0035314527340233326
390	0.003572605550289154
391	0.0038159184623509645
392	0.004226257558912039
393	0.003794528543949127
394	0.003921292256563902
395	0.003991332836449146
396	0.003416298655793071
397	0.0033874250948429108
398	0.003937598783522844
399	0.002644994994625449
400	0.0032173916697502136
401	0.0035313430707901716
402	0.003024892183020711
403	0.003245903877541423
404	0.003034754889085889
405	0.0038679966237396
406	0.0046026622876524925
407	0.006017535924911499
408	0.004478619899600744
409	0.0048571084626019
410	0.004048523493111134
411	0.003878462826833129
412	0.0036850383039563894
413	0.004061629064381123
414	0.004153520800173283
415	0.0035495322663336992
416	0.004015341401100159
417	0.004900800995528698
418	0.00465902267023921
419	0.005239223130047321
420	0.005594414658844471
421	0.004962263163179159
422	0.005480334162712097
423	0.005557269789278507
424	0.006976201664656401
425	0.007855400443077087
426	0.006129865534603596
427	0.007521987892687321
428	0.00858666654676199
429	0.0065706647001206875
430	0.008554624393582344
431	0.007597156800329685
432	0.008363780565559864
433	0.00928052794188261
434	0.007431632373481989
435	0.006167809944599867
436	0.007465244736522436
437	0.006827455945312977
438	0.0074281953275203705
439	0.009311072528362274
440	0.008407856337726116
441	0.009297999553382397
442	0.009220543317496777
443	0.008300228975713253
444	0.008485743775963783
445	0.005525229033082724
446	0.00656137615442276
447	0.006657558958977461
448	0.006842529866844416
449	0.008933477103710175
450	0.007860691286623478
451	0.008539784699678421
452	0.012648597359657288
453	0.04039863497018814
454	0.024192923679947853
455	0.016570014879107475
456	0.030101105570793152
457	0.1958990842103958
458	0.410727322101593
459	0.5988388061523438
460	0.577797532081604
461	0.5003625750541687
462	0.4779994487762451
463	0.5473777651786804
464	0.5795465111732483
465	0.4457986056804657
466	0.7448975443840027
467	0.5315219759941101
468	0.7543690800666809
469	0.616865336894989
470	0.5870808959007263
471	0.8245701193809509
472	0.6421919465065002
473	0.8122192621231079
474	0.904757022857666
475	0.9022901654243469
476	0.7012357115745544
477	0.9405838251113892
478	0.8288044333457947
479	0.8789796233177185
480	0.8790750503540039
481	0.7388519644737244
482	0.806439995765686
483	0.6857949495315552
484	0.8177156448364258
485	0.8888439536094666
486	0.8833431601524353
487	0.8902789950370789
488	0.7998539805412292
489	0.8066701889038086
490	0.8953642249107361
491	0.7499974370002747
492	0.8763059973716736
493	0.7906123399734497
494	0.7872624397277832
495	0.7890521287918091
496	0.9620584845542908
497	0.9160860180854797
498	0.9264152646064758
499	0.927940845489502
500	0.8002274632453918
501	0.6895835399627686
502	0.8187372088432312
503	0.8760443925857544
504	0.7747027277946472
505	0.844563901424408
506	0.9213960766792297
507	0.9168340563774109
508	0.9154869318008423
509	0.8665816187858582
510	0.9519411325454712
511	0.9362213015556335
512	0.8673181533813477
513	0.9511055946350098
514	0.9385246634483337
515	0.8586584329605103
516	0.8580366373062134
517	0.9592008590698242
518	0.9503578543663025
519	0.9454779028892517
520	0.9498336911201477
521	0.8520561456680298
522	0.8834285140037537
523	0.6348995566368103
524	0.7674881815910339
525	0.9156296849250793
526	0.9570013880729675
527	0.9052944183349609
528	0.9226326942443848
529	0.9044638872146606
530	0.9242481589317322
531	0.4070000648498535
532	0.6812829971313477
533	0.7886969447135925
534	0.8627178072929382
535	0.6031824946403503
536	0.9151642918586731
537	0.3608274757862091
538	0.7064547538757324
539	0.6080166697502136
540	0.5025555491447449
541	0.5442160964012146
542	0.5043644309043884
543	0.8868991732597351
544	0.763016402721405
545	0.9021257758140564
546	0.8197329640388489
547	0.7885250449180603
548	0.7058226466178894
549	0.8763925433158875
550	0.7973017692565918
551	0.6904849410057068
552	0.758730411529541
553	0.8246136903762817
554	0.8432735800743103
555	0.8627632260322571
556	0.8488560914993286
557	0.8525766730308533
558	0.906761646270752
559	0.9220378994941711
560	0.8479310274124146
561	0.9078531265258789
562	0.7569810748100281
563	0.7710269093513489
564	0.8414687514305115
565	0.8496578335762024
566	0.6789988279342651
567	0.9010334014892578
568	0.8236528635025024
569	0.8716838955879211
570	0.810204803943634
571	0.9128641486167908
572	0.7515235543251038
573	0.8595084547996521
574	0.8048837780952454
575	0.8684181571006775
576	0.7359588742256165
577	0.48699751496315
578	0.3348805904388428
579	0.2770584225654602
580	0.912754237651825
581	0.8517061471939087
582	0.6612337231636047
583	0.023277522996068
584	0.009788455441594124
585	0.007356342859566212
586	0.017792491242289543
587	0.036887187510728836
588	0.020611567422747612
589	0.007764196489006281
590	0.009326048195362091
591	0.010155756026506424
592	0.010672318749129772
593	0.010507802478969097
594	0.01160092931240797
595	0.01385366078466177
596	0.012569022364914417
597	0.013858038000762463
598	0.015122408047318459
599	0.01301858015358448
600	0.013987627811729908
601	0.011305420659482479
602	0.009811810217797756
603	0.015063437633216381
604	0.01080197561532259
605	0.015130224637687206
606	0.015219146385788918
607	0.016808131709694862
608	0.01542363315820694
609	0.011756712570786476
610	0.015388349071145058
611	0.021495163440704346
612	0.014817589893937111
613	0.015420163050293922
614	0.017700133845210075
615	0.016369272023439407
616	0.018825611099600792
617	0.01806001551449299
618	0.01606305129826069
619	0.022783679887652397
620	0.014169926755130291
621	0.018636366352438927
622	0.019158683717250824
623	0.019059328362345695
624	0.01762920618057251
625	0.014880284667015076
626	0.01395087968558073
627	0.01516769826412201
628	0.015409416519105434
629	0.015120059251785278
630	0.017601724714040756
631	0.017888305708765984
632	0.017068875953555107
633	0.01633765548467636
634	0.025348329916596413
635	0.021409204229712486
636	0.020022554323077202
637	0.015776989981532097
638	0.017416149377822876
639	0.016479909420013428
640	0.017140287905931473
641	0.021715587005019188
642	0.02063535712659359
643	0.02080114185810089
644	0.016360288485884666
645	0.02036615088582039
646	0.018041683360934258
647	0.01667730323970318
648	0.021680843085050583
649	0.017043782398104668
650	0.01836332492530346
651	0.022082731127738953
652	0.01820337399840355
653	0.018092045560479164
654	0.013991336338222027
655	0.015955189242959023
656	0.01814168319106102
657	0.014562651515007019
658	0.010588467121124268
659	0.012795594520866871
660	0.012453422881662846
661	0.01543215848505497
662	0.01374752726405859
663	0.01650424115359783
664	0.012724170461297035
665	0.01414328534156084
666	0.013467556796967983
667	0.016466466709971428
668	0.013912834227085114
669	0.01569695770740509
670	0.010568378493189812
671	0.014556496404111385
672	0.018376994878053665
673	0.01930859684944153
674	0.010981480590999126
675	0.00966320838779211
676	0.011528647504746914
677	0.008365201763808727
678	0.005659747403115034
679	0.011278425343334675
680	0.008085322566330433
681	0.0050271544605493546
682	0.006217920687049627
683	0.005477458238601685
684	0.004733219277113676
685	0.003991137258708477
686	0.003919212147593498
687	0.005215160083025694
688	0.004016862250864506
689	0.0035936646163463593
690	0.0032110356260091066
691	0.0028985985554754734
692	0.003448832780122757
693	0.003962269052863121
694	0.0033574786502867937
695	0.0037521719932556152
696	0.0042290957644581795
697	0.004347226582467556
698	0.003963799681514502
699	0.004362721927464008
700	0.004768225364387035
701	0.003567647887393832
702	0.004697499331086874
703	0.0036093667149543762
704	0.004435743670910597
705	0.00478767603635788
706	0.004336017183959484
707	0.005103649105876684
708	0.0039469096809625626
709	0.004898681305348873
710	0.007083829492330551
711	0.006242089904844761
712	0.010250874795019627
713	0.008995604701340199
714	0.011476281099021435
715	0.011296762153506279
716	0.008518385700881481
717	0.008114666678011417
718	0.006808987352997065
719	0.005797583609819412
720	0.005303115583956242
721	0.006380774080753326
722	0.006564510054886341
723	0.007848436944186687
724	0.007044865284115076
725	0.01064430084079504
726	0.015180754475295544
727	0.017760898917913437
728	0.016093660145998
729	0.015859169885516167
730	0.00613987585529685
731	0.00744943181052804
732	0.0067613981664180756
733	0.0063220239244401455
734	0.006928812246769667
735	0.008025230839848518
736	0.006760901305824518
737	0.00589469401165843
738	0.007187316659837961
739	0.006744967307895422
740	0.005602976772934198
741	0.006515768822282553
742	0.0077121988870203495
743	0.12200842052698135
744	0.10265868157148361
745	0.10807470232248306
746	0.154495507478714
747	0.11209260672330856
748	0.12223197519779205
749	0.140522763133049
750	0.12443523854017258
751	0.24092614650726318
752	0.34584084153175354
753	0.6352099776268005
754	0.3417695462703705
755	0.8608784079551697
756	0.8642339706420898
757	0.9633223414421082
758	0.9852411150932312
759	0.985499382019043
760	0.9813920855522156
761	0.9951837658882141
762	0.9976897239685059
763	0.9931492209434509
764	0.9962778091430664
765	0.9972001314163208
766	0.9921308755874634
767	0.9947708249092102
768	0.9912974238395691
769	0.9927851557731628
770	0.9540185928344727
771	0.9910019040107727
772	0.9907541275024414
773	0.9940037131309509
774	0.9985345005989075
775	0.9965333342552185
776	0.934701144695282
777	0.9268874526023865
778	0.6550145745277405
779	0.5834517478942871
780	0.21005280315876007
781	0.8426905870437622
782	0.5712568163871765
783	0.07904420047998428
784	0.020968377590179443
785	0.01792638562619686
786	0.05655291676521301
787	0.04297497496008873
788	0.017742203548550606
789	0.017330020666122437
790	0.018263721838593483
791	0.017164645716547966
792	0.017940035089850426
793	0.11639092117547989
794	0.4084610044956207
795	0.42026397585868835
796	0.024572374299168587
797	0.009894403629004955
798	0.009058593772351742
799	0.012538815848529339
800	0.01355752069503069
801	0.012613448314368725
802	0.01097190659493208
803	0.009554930031299591
804	0.010012690909206867
805	0.00969833042472601
806	0.009250097908079624
807	0.01016483549028635
808	0.011495471000671387
809	0.012970009818673134
810	0.01664230227470398
811	0.01677650213241577
812	0.010158705525100231
813	0.014642417430877686
814	0.00992581993341446
815	0.011669415049254894
816	0.011805618181824684
817	0.009128524921834469
818	0.008638177998363972
819	0.007829821668565273
820	0.0075296941213309765
821	0.003947827499359846
822	0.00510536739602685
823	0.010787436738610268
824	0.008729166351258755
825	0.008501733653247356
826	0.008213086985051632
827	0.011898648925125599
828	0.008783248253166676
829	0.009650183841586113
830	0.013786626048386097
831	0.012740164995193481
832	0.014578980393707752
833	0.029211411252617836
834	0.0128741804510355
835	0.015256005339324474
836	0.01530931331217289
837	0.013774193823337555
838	0.014341737143695354
839	0.012037624605000019
840	0.013584616594016552
841	0.014723718166351318
842	0.016186943277716637
843	0.011541249230504036
844	0.011570334434509277
845	0.017683958634734154
846	0.009037397801876068
847	0.0065416800789535046
848	0.007458481937646866
849	0.007919859141111374
850	0.008001458831131458
851	0.009300758130848408
852	0.008974633179605007
853	0.007019617594778538
854	0.008115680888295174
855	0.010858597233891487
856	0.00987238809466362
857	0.008228251710534096
858	0.00745581416413188
859	0.009109239093959332
860	0.008786561898887157
861	0.01000584103167057
862	0.010550886392593384
863	0.011434366926550865
864	0.009292404167354107
865	0.009011806920170784
866	0.009177127853035927
867	0.009373769164085388
868	0.013800299726426601
869	0.010196203365921974
870	0.010862327180802822
871	0.010309772565960884
872	0.009779801592230797
873	0.010781149379909039
874	0.00814912375062704
875	0.00861366093158722
876	0.011387747712433338
877	0.012074383907020092
878	0.014225715771317482
879	0.009207488037645817
880	0.009513881988823414
881	0.010071344673633575
882	0.010394768789410591
883	0.014209175482392311
884	0.012975098565220833
885	0.010374276898801327
886	0.009803500957787037
887	0.009627461433410645
888	0.009114906191825867
889	0.011924528516829014
890	0.013744339346885681
891	0.009707464836537838
892	0.01035059429705143
893	0.010869053192436695
894	0.009560455568134785
895	0.008267258293926716
896	0.009661361575126648
897	0.009441705420613289
898	0.008857105858623981
899	0.008467172272503376
900	0.009532677009701729
901	0.010707908309996128
902	0.008361604996025562
903	0.011077024973928928
904	0.01127259898930788
905	0.011636357754468918
906	0.01341919880360365
907	0.011470988392829895
908	0.007188013289123774
909	0.011484546586871147
910	0.028370484709739685
911	0.04834176227450371
912	0.051006633788347244
913	0.10169217735528946
914	0.11536741256713867
915	0.01877848617732525
916	0.01460427325218916
917	0.02003762125968933
918	0.01618470624089241
919	0.009772480465471745
920	0.012043139897286892
921	0.012739081867039204
922	0.01505231112241745
923	0.011598387733101845
924	0.011258143000304699
925	0.017306813970208168
926	0.018292566761374474
927	0.021964116021990776
928	0.02043081633746624
929	0.025658298283815384
930	0.022688234224915504
931	0.11163733154535294
932	0.1367037445306778
933	0.1597670614719391
934	0.13800516724586487
935	0.21227286756038666
936	0.15671811997890472
937	0.0899912491440773
938	0.08668418973684311
939	0.07778916507959366
940	0.10213110595941544
941	0.08541502058506012
942	0.07496510446071625
943	0.059843387454748154
944	0.031172549352049828
945	0.0806109681725502
946	0.043685246258974075
947	0.040812283754348755
948	0.015973439440131187
949	0.04069456458091736
950	0.049674537032842636
951	0.01935429684817791
952	0.01713922806084156
953	0.020448416471481323
954	0.02319149486720562
955	0.0611899271607399
956	0.018681766465306282
957	0.0146727180108428
958	0.013370021246373653
959	0.010523425415158272
960	0.010400287806987762
961	0.013230307959020138
962	0.013184517621994019
963	0.01433295477181673
964	0.015580499544739723
965	0.013806292787194252
966	0.018325403332710266
967	0.012033187784254551
968	0.008242896758019924
969	0.009919529780745506
970	0.010455875657498837
971	0.014053541235625744
972	0.008807893842458725
973	0.010609221644699574
974	0.006603804416954517
975	0.003998742438852787
976	0.004988358821719885
977	0.006816616747528315
978	0.0059028188697993755
979	0.004991518799215555
980	0.00860586017370224
981	0.011017883196473122
982	0.04303628206253052
983	0.09429412335157394
984	0.028506813570857048
985	0.018913904204964638
986	0.02123558707535267
987	0.00464122649282217
988	0.028218770399689674
989	0.009206962771713734
990	0.008473051711916924
991	0.00860251672565937
992	0.007862715981900692
993	0.008748387917876244
994	0.014647329226136208
995	0.013026388362050056
996	0.013203026726841927
997	0.01056313794106245
998	0.007781790103763342
999	0.00616883859038353
1000	0.006131334230303764
1001	0.010281511582434177
1002	0.014685297384858131
1003	0.009138827212154865
1004	0.00637010857462883
1005	0.007079761009663343
1006	0.006053704768419266
1007	0.005997230764478445
1008	0.005155152175575495
1009	0.005663147196173668
1010	0.006588840391486883
1011	0.007087725680321455
1012	0.007052903063595295
1013	0.006033680401742458
1014	0.0062872073613107204
1015	0.006437269039452076
1016	0.00600335793569684
1017	0.005570416338741779
1018	0.0062155830673873425
1019	0.005418703891336918
1020	0.005177087616175413
1021	0.00468029547482729
1022	0.006684729363769293
1023	0.006337055470794439
1024	0.005833010654896498
1025	0.006114849355071783
1026	0.005516421515494585
1027	0.0062311068177223206
1028	0.007276393007487059
1029	0.005471780430525541
1030	0.0062771509401500225
1031	0.005828015971928835
1032	0.005111960228532553
1033	0.006127222441136837
1034	0.0035504463594406843
1035	0.005468814168125391
1036	0.004728784319013357
1037	0.00395714258775115
1038	0.004204522352665663
1039	0.00506137078627944
1040	0.004323387052863836
1041	0.0056088753044605255
1042	0.004266795702278614
1043	0.005296838935464621
1044	0.004854906816035509
1045	0.0045264288783073425
1046	0.0035530298482626677
1047	0.0044938731007277966
1048	0.0042889961041510105
1049	0.004952142480760813
1050	0.00560549134388566
1051	0.00818006694316864
1052	0.007010819856077433
1053	0.005955658853054047
1054	0.0051689366810023785
1055	0.005188826005905867
1056	0.005745985079556704
1057	0.004943277221173048
1058	0.005446748808026314
1059	0.005708734504878521
1060	0.0041477554477751255
1061	0.004403568338602781
1062	0.004138646647334099
1063	0.004880898166447878
1064	0.004244079347699881
1065	0.005361032672226429
1066	0.004584913607686758
1067	0.00596047006547451
1068	0.005690614227205515
1069	0.004859666805714369
1070	0.0048941634595394135
1071	0.006154298782348633
1072	0.004625445697456598
1073	0.0044998484663665295
1074	0.004677450750023127
1075	0.006578075233846903
1076	0.00546164670959115
1077	0.006584921386092901
1078	0.006216359790414572
1079	0.007546951062977314
1080	0.005726219154894352
1081	0.006427589803934097
1082	0.006523209158331156
1083	0.006664859596639872
1084	0.00580623047426343
1085	0.006178900133818388
1086	0.007640305440872908
1087	0.00533401221036911
1088	0.005596633534878492
1089	0.00835849903523922
1090	0.008293114602565765
1091	0.007179334294050932
1092	0.005763319320976734
1093	0.0064851450733840466
1094	0.00673865107819438
1095	0.006733666639775038
1096	0.009847656823694706
1097	0.012250780127942562
1098	0.009685284458100796
1099	0.010586678050458431
1100	0.009684457443654537
1101	0.008912647143006325
1102	0.00982076209038496
1103	0.00799627136439085
1104	0.00637773284688592
1105	0.0059429737739264965
1106	0.004846635740250349
1107	0.007938362658023834
1108	0.013323037885129452
1109	0.01560406107455492
1110	0.02073690854012966
1111	0.08221731334924698
1112	0.06295966356992722
1113	0.023419907316565514
1114	0.05731113627552986
1115	0.07882674783468246
1116	0.06643359363079071
1117	0.12708255648612976
1118	0.12530122697353363
1119	0.17056414484977722
1120	0.1374967247247696
1121	0.1843888759613037
1122	0.3357473313808441
1123	0.25572559237480164
1124	0.18188922107219696
1125	0.1157883033156395
1126	0.16104410588741302
1127	0.077619768679142
1128	0.18130938708782196
1129	0.3178063631057739
1130	0.3046213388442993
1131	0.31199464201927185
1132	0.3319525420665741
1133	0.5403693914413452
1134	0.514606237411499
1135	0.5621041059494019
1136	0.7300275564193726
1137	0.8421692848205566
1138	0.8627346158027649
1139	0.7229634523391724
1140	0.5774404406547546
1141	0.6594387292861938
1142	0.8367345929145813
1143	0.8857935070991516
1144	0.9238615036010742
1145	0.9107658267021179
1146	0.9577004313468933
1147	0.9597253799438477
1148	0.9657981991767883
1149	0.9579653143882751
1150	0.9566558003425598
1151	0.9622102975845337
1152	0.9751096963882446
1153	0.9438284039497375
1154	0.9838334918022156
1155	0.9395821690559387
1156	0.9338265657424927
1157	0.9572761654853821
1158	0.9236353039741516
1159	0.9471601843833923
1160	0.954547107219696
1161	0.9819080233573914
1162	0.9803836941719055
1163	0.9856323599815369
1164	0.9855198264122009
1165	0.9574337005615234
1166	0.9652836918830872
1167	0.9714728593826294
1168	0.9262905120849609
1169	0.9580457806587219
1170	0.9668364524841309
1171	0.9833858609199524
1172	0.8855739831924438
1173	0.9626014828681946
1174	0.979245662689209
1175	0.9898668527603149
1176	0.9866943359375
1177	0.9840065836906433
1178	0.981170117855072
1179	0.9136571288108826
1180	0.9402406811714172
1181	0.7407284379005432
1182	0.8050975799560547
1183	0.8325708508491516
1184	0.942039430141449
1185	0.921363353729248
1186	0.8842830657958984
1187	0.8890756964683533
1188	0.8546630144119263
1189	0.8584257960319519
1190	0.30630865693092346
1191	0.640972912311554
1192	0.6549391150474548
1193	0.5998579859733582
1194	0.5473798513412476
1195	0.7768025398254395
1196	0.614176332950592
1197	0.6870859265327454
1198	0.6824504733085632
1199	0.9164291620254517
1200	0.8935108184814453
1201	0.8435265421867371
1202	0.8564209342002869
1203	0.8838678598403931
1204	0.9511488080024719
1205	0.9021956324577332
1206	0.9906681180000305
1207	0.9884597659111023
1208	0.982174813747406
1209	0.9712619781494141
1210	0.968897819519043
1211	0.9554063081741333
1212	0.9733523726463318
1213	0.9564487338066101
1214	0.9732422232627869
1215	0.9780239462852478
1216	0.9893083572387695
1217	0.9796686172485352
1218	0.9812345504760742
1219	0.9850397109985352
1220	0.9682138562202454
1221	0.9706794619560242
1222	0.9845529794692993
1223	0.9304647445678711
1224	0.9708191752433777
1225	0.9571298956871033
1226	0.9416580200195312
1227	0.9671506881713867
1228	0.9715856909751892
1229	0.9781026244163513
1230	0.9643192291259766
1231	0.8973821997642517
1232	0.9304541945457458
1233	0.9371838569641113
1234	0.9714058041572571
1235	0.9763458371162415
1236	0.9790443778038025
1237	0.9468486905097961
1238	0.9838550686836243
1239	0.9829570651054382
1240	0.9853925704956055
1241	0.9904758334159851
1242	0.9950006604194641
1243	0.9922828674316406
1244	0.9656828045845032
1245	0.9801816940307617
1246	0.9864744544029236
1247	0.9868419766426086
1248	0.9930163621902466
1249	0.9902895092964172
1250	0.9932756423950195
1251	0.9794208407402039
1252	0.974014401435852
1253	0.9849651455879211
1254	0.9551726579666138
1255	0.9493487477302551
1256	0.9690771102905273
1257	0.8920580148696899
1258	0.7847194075584412
1259	0.7878798246383667
1260	0.6979880928993225
1261	0.8672285079956055
1262	0.8836698532104492
1263	0.9628440141677856
1264	0.9247719645500183
1265	0.8856558799743652
1266	0.6306803822517395
1267	0.8082172274589539
1268	0.4455617070198059
1269	0.08014480024576187
1270	0.014300556853413582
1271	0.005066810641437769
1272	0.006468092557042837
1273	0.009185790084302425
1274	0.009500594809651375
1275	0.007967282086610794
1276	0.007135717663913965
1277	0.009125778451561928
1278	0.010674878023564816
1279	0.00806588213890791
1280	0.00792103260755539
1281	0.00890431459993124
1282	0.007738015148788691
1283	0.007622185628861189
1284	0.00909772515296936
1285	0.013424918055534363
1286	0.010353880003094673
1287	0.008060301654040813
1288	0.012684682384133339
1289	0.012496310286223888
1290	0.0194470826536417
1291	0.011264607310295105
1292	0.013335111550986767
1293	0.011822684668004513
1294	0.013202965259552002
1295	0.012819436378777027
1296	0.011274521239101887
1297	0.011299507692456245
1298	0.013253258541226387
1299	0.01017693616449833
1300	0.006628441158682108
1301	0.008182138204574585
1302	0.008819676004350185
1303	0.009427986107766628
1304	0.009696410968899727
1305	0.013631063513457775
1306	0.01037289947271347
1307	0.008454076945781708
1308	0.010403594002127647
1309	0.011317644268274307
1310	0.011817555874586105
1311	0.011534725315868855
1312	0.010542300529778004
1313	0.009803129360079765
1314	0.007641300559043884
1315	0.008306722156703472
1316	0.00819068867713213
1317	0.010390356183052063
1318	0.008214311674237251
1319	0.008152597583830357
1320	0.009193330071866512
1321	0.00750527111813426
1322	0.008699326775968075
1323	0.008105468936264515
1324	0.00920153595507145
1325	0.009527432732284069
1326	0.0081259123980999
1327	0.01537446677684784
1328	0.011828080751001835
1329	0.012989281676709652
1330	0.024644041433930397
1331	0.02248634397983551
1332	0.01811285875737667
1333	0.015450812876224518
1334	0.015092547051608562
1335	0.010956107638776302
1336	0.012266306206583977
1337	0.009474948048591614
1338	0.012004266493022442
1339	0.011075986549258232
1340	0.010004458017647266
1341	0.010985055938363075
1342	0.009677194058895111
1343	0.008649989031255245
1344	0.008767549879848957
1345	0.008874304592609406
1346	0.008246243000030518
1347	0.010628079995512962
1348	0.007788569666445255
1349	0.009565786458551884
1350	0.010537724010646343
1351	0.008333907462656498
1352	0.006651930510997772
1353	0.0070459372363984585
1354	0.0056370096281170845
1355	0.0043325345031917095
1356	0.005440132226794958
1357	0.0056973351165652275
1358	0.005873403511941433
1359	0.006976887583732605
1360	0.006503662560135126
1361	0.005140791647136211
1362	0.006748338229954243
1363	0.008204528130590916
1364	0.007229124195873737
1365	0.006882000248879194
1366	0.0071377321146428585
1367	0.006641396787017584
1368	0.006389780435711145
1369	0.005895373877137899
1370	0.005011050961911678
1371	0.006640557199716568
1372	0.00629407400265336
1373	0.007252157665789127
1374	0.006745354738086462
1375	0.005344424396753311
1376	0.005906053353101015
1377	0.005893724970519543
1378	0.007303217891603708
1379	0.01015852577984333
1380	0.010293329134583473
1381	0.010812175460159779
1382	0.007839015685021877
1383	0.007571678142994642
1384	0.005982205271720886
1385	0.008082052692770958
1386	0.012642532587051392
1387	0.00680459663271904
1388	0.009723636321723461
1389	0.010939554311335087
1390	0.011557260528206825
1391	0.010840519331395626
1392	0.00966122280806303
1393	0.009632847271859646
1394	0.013257724232971668
1395	0.010411721654236317
1396	0.009511569514870644
1397	0.006480411626398563
1398	0.007062559016048908
1399	0.005953290965408087
1400	0.005641779396682978
1401	0.00431064935401082
1402	0.0059380666352808475
1403	0.0061675794422626495
1404	0.005253696348518133
1405	0.005704372655600309
1406	0.005943913944065571
1407	0.007525663357228041
1408	0.006260421127080917
1409	0.005239854101091623
1410	0.006186983548104763
1411	0.00645743403583765
1412	0.00522565795108676
1413	0.005497085861861706
1414	0.004904601257294416
1415	0.006199909374117851
1416	0.004023414105176926
1417	0.0041842712089419365
1418	0.00567667419090867
1419	0.006394234485924244
1420	0.006838788278400898
1421	0.006856295745819807
1422	0.007119736168533564
1423	0.006616320461034775
1424	0.007422193884849548
1425	0.006066896487027407
1426	0.007652428932487965
1427	0.008936243131756783
1428	0.009173985570669174
1429	0.0068549602292478085
1430	0.007995225489139557
1431	0.006983696948736906
1432	0.007292558904737234
1433	0.008409304544329643
1434	0.009946866892278194
1435	0.009288753382861614
1436	0.008485195226967335
1437	0.008590011857450008
1438	0.010050163604319096
1439	0.009311715140938759
1440	0.011641333810985088
1441	0.010568303056061268
1442	0.00951833464205265
1443	0.010763230733573437
1444	0.013134422712028027
1445	0.02425253391265869
1446	0.01959819905459881
1447	0.015458970330655575
1448	0.014768657274544239
1449	0.011377529241144657
1450	0.013265407644212246
1451	0.012605753727257252
1452	0.012461066246032715
1453	0.01054831501096487
1454	0.00819531548768282
1455	0.00940124411135912
1456	0.005968222860246897
1457	0.007954195141792297
1458	0.008139630779623985
1459	0.00664350762963295
1460	0.0048800320364534855
1461	0.005742234643548727
1462	0.004507259465754032
1463	0.004466096870601177
1464	0.00398560194298625
1465	0.004238673951476812
1466	0.004701490979641676
1467	0.003907500300556421
1468	0.003886185586452484
1469	0.004529939033091068
1470	0.0037222118116915226
1471	0.004043452441692352
1472	0.004054488148540258
1473	0.003949814476072788
1474	0.004833668004721403
1475	0.004571956116706133
1476	0.0047615948133170605
1477	0.004627722781151533
1478	0.005285325925797224
1479	0.006999235600233078
1480	0.005594254471361637
1481	0.0058033461682498455
1482	0.005365293473005295
1483	0.006446007173508406
1484	0.00536053953692317
1485	0.007272758986800909
1486	0.006987402681261301
1487	0.009278441779315472
1488	0.010458636097609997
1489	0.008482949808239937
1490	0.009041435085237026
1491	0.009410836733877659
1492	0.010568683035671711
1493	0.014983504079282284
1494	0.011689376085996628
1495	0.01697801798582077
1496	0.01699320785701275
1497	0.036804068833589554
1498	0.03613663837313652
1499	0.03360847383737564
1500	0.024750832468271255
1501	0.027073843404650688
1502	0.030062353238463402
1503	0.07289121299982071
1504	0.06285367161035538
1505	0.06653081625699997
1506	0.10946232080459595
1507	0.18862766027450562
1508	0.14748278260231018
1509	0.5107214450836182
1510	0.49400144815444946
1511	0.26327967643737793
1512	0.35166725516319275
1513	0.2525230050086975
1514	0.3195710778236389
1515	0.0833316445350647
1516	0.4114769995212555
1517	0.2906455993652344
1518	0.30835485458374023
1519	0.3198561668395996
1520	0.24495653808116913
1521	0.7056992650032043
1522	0.4905080497264862
1523	0.37431055307388306
1524	0.6572608947753906
1525	0.6989616751670837
1526	0.7629492282867432
1527	0.6959117650985718
1528	0.6871644854545593
1529	0.6500336527824402
1530	0.20862852036952972
1531	0.3705422878265381
1532	0.49117398262023926
1533	0.4604896605014801
1534	0.45931658148765564
1535	0.43919554352760315
1536	0.3418916165828705
1537	0.2853941023349762
1538	0.5529546141624451
1539	0.5146015882492065
1540	0.3822154700756073
1541	0.6154811978340149
1542	0.7311925292015076
1543	0.8171685338020325
1544	0.7954632639884949
1545	0.5615409016609192
1546	0.6806586980819702
1547	0.7610836625099182
1548	0.7733893394470215
1549	0.8409590721130371
1550	0.8633725047111511
1551	0.925357460975647
1552	0.9282013177871704
1553	0.9562146067619324
1554	0.770621657371521
1555	0.9397022128105164
1556	0.9544095993041992
1557	0.9530276656150818
1558	0.9397531747817993
1559	0.9102819561958313
1560	0.9629358649253845
1561	0.9313541650772095
1562	0.8173210024833679
1563	0.7152499556541443
1564	0.6701352000236511
1565	0.5465887188911438
1566	0.6473079919815063
1567	0.622352123260498
1568	0.5206164717674255
1569	0.5863328576087952
1570	0.44737178087234497
1571	0.4136602580547333
1572	0.5307773947715759
1573	0.5394901633262634
1574	0.5243660807609558
1575	0.6872236132621765
1576	0.8443395495414734
1577	0.6242355704307556
1578	0.5932602286338806
1579	0.5082791447639465
1580	0.19091688096523285
1581	0.32065722346305847
1582	0.4623941481113434
1583	0.5063418745994568
1584	0.2606574594974518
1585	0.45064353942871094
1586	0.45511409640312195
1587	0.3481080234050751
1588	0.21278288960456848
1589	0.2914484441280365
1590	0.31768640875816345
1591	0.21238474547863007
1592	0.19174353778362274
1593	0.2983522117137909
1594	0.3602321743965149
1595	0.258082777261734
1596	0.3467191159725189
1597	0.48160240054130554
1598	0.32813096046447754
1599	0.38146111369132996
1600	0.5477191805839539
1601	0.46271610260009766
1602	0.3532453179359436
1603	0.21960268914699554
1604	0.21743373572826385
1605	0.45027443766593933
1606	0.41516590118408203
1607	0.5340110063552856
1608	0.6738587617874146
1609	0.7192115783691406
1610	0.7261651158332825
1611	0.6711120009422302
1612	0.8365886807441711
1613	0.6105846762657166
1614	0.6975868344306946
1615	0.6396017074584961
1616	0.657146155834198
1617	0.49723172187805176
1618	0.4015589654445648
1619	0.4627884030342102
1620	0.2989075183868408
1621	0.35972675681114197
1622	0.1742643117904663
1623	0.24398136138916016
1624	0.3333551585674286
1625	0.08580178767442703
1626	0.026348724961280823
1627	0.03964519873261452
1628	0.022840693593025208
1629	0.03303022310137749
1630	0.032233476638793945
1631	0.1139412447810173
1632	0.4785061776638031
1633	0.5503233075141907
1634	0.5825273990631104
1635	0.6871199011802673
1636	0.6638464331626892
1637	0.5766885876655579
1638	0.3180796802043915
1639	0.14930061995983124
1640	0.1043601781129837
1641	0.07486072927713394
1642	0.14266206324100494
1643	0.0987640768289566
1644	0.030520975589752197
1645	0.009663823060691357
1646	0.008689614944159985
1647	0.005147108808159828
1648	0.0027170691173523664
1649	0.006624045316129923
1650	0.009850271046161652
1651	0.009073100052773952
1652	0.008686927147209644
1653	0.011335543356835842
1654	0.021888921037316322
1655	0.0795137956738472
1656	0.049632277339696884
1657	0.04548444226384163
1658	0.013987690210342407
1659	0.011386493220925331
1660	0.011331488378345966
1661	0.00943907629698515
1662	0.009739726781845093
1663	0.010102937929332256
1664	0.009880395606160164
1665	0.010610880330204964
1666	0.008219833485782146
1667	0.008088701404631138
1668	0.008327051997184753
1669	0.01135193556547165
1670	0.0066223726607859135
1671	0.006834626197814941
1672	0.007848325185477734
1673	0.009684666991233826
1674	0.008142144419252872
1675	0.006709342356771231
1676	0.007769050542265177
1677	0.007948369719088078
1678	0.006309695541858673
1679	0.005842168815433979
1680	0.005291219335049391
1681	0.006672853138297796
1682	0.005164256785064936
1683	0.0052688466385006905
1684	0.008153597824275494
1685	0.008600250817835331
1686	0.008645802736282349
1687	0.00815650261938572
1688	0.008274072781205177
1689	0.006216344889253378
1690	0.006720831152051687
1691	0.0069490051828324795
1692	0.0072349137626588345
1693	0.007378912065178156
1694	0.0076118349097669125
1695	0.005599218886345625
1696	0.010083279572427273
1697	0.00975163746625185
1698	0.009032103233039379
1699	0.009616783820092678
1700	0.011111311614513397
1701	0.010635459795594215
1702	0.007910559885203838
1703	0.01076772715896368
1704	0.014522853307425976
1705	0.01294256467372179
1706	0.009156623855233192
1707	0.0065860929898917675
1708	0.010478083975613117
1709	0.011312362737953663
1710	0.008938445709645748
1711	0.011711064726114273
1712	0.012482699938118458
1713	0.011714532040059566
1714	0.00848624762147665
1715	0.011148568242788315
1716	0.011731375008821487
1717	0.009394468739628792
1718	0.008267057128250599
1719	0.007516891695559025
1720	0.011387079954147339
1721	0.008871772326529026
1722	0.009917746298015118
1723	0.00982420053333044
1724	0.008748277090489864
1725	0.009322536177933216
1726	0.010832640342414379
1727	0.011287014000117779
1728	0.016471458598971367
1729	0.015216625295579433
1730	0.011736566200852394
1731	0.011469796299934387
1732	0.01076024491339922
1733	0.006703529041260481
1734	0.006247869227081537
1735	0.007382385432720184
1736	0.011677137576043606
1737	0.010524067096412182
1738	0.007310883142054081
1739	0.007574957795441151
1740	0.01031812746077776
1741	0.008502617478370667
1742	0.007865832187235355
1743	0.01228257268667221
1744	0.008851255290210247
1745	0.007683067116886377
1746	0.012978251092135906
1747	0.007039900403469801
1748	0.00977145042270422
1749	0.006885528564453125
1750	0.007376754190772772
1751	0.007252460811287165
1752	0.009323281235992908
1753	0.008550773374736309
1754	0.006527544464915991
1755	0.0059777009300887585
1756	0.010225099511444569
1757	0.008796857669949532
1758	0.00531368050724268
1759	0.007802772801369429
1760	0.008889591321349144
1761	0.00993797741830349
1762	0.007739712484180927
1763	0.009157917462289333
1764	0.009586182422935963
1765	0.008948187343776226
1766	0.0069867344573140144
1767	0.012334801256656647
1768	0.007333195302635431
1769	0.009007642976939678
1770	0.007619217038154602
1771	0.0060415491461753845
1772	0.008695509284734726
1773	0.014701682142913342
1774	0.006118190940469503
1775	0.005076277535408735
1776	0.009932323358952999
1777	0.01348782517015934
1778	0.010534996166825294
1779	0.011776278726756573
1780	0.010644087567925453
1781	0.009781844913959503
1782	0.008918299339711666
1783	0.01100839488208294
1784	0.015166178345680237
1785	0.014087057672441006
1786	0.019995316863059998
1787	0.01847960613667965
1788	0.011978435330092907
1789	0.013581476174294949
1790	0.015650833025574684
1791	0.01613304577767849
1792	0.016145719215273857
1793	0.029523981735110283
1794	0.018259931355714798
1795	0.030511533841490746
1796	0.018172714859247208
1797	0.028699373826384544
1798	0.036734145134687424
1799	0.04013226553797722
1800	0.03988233208656311
1801	0.03968651220202446
1802	0.03597134351730347
1803	0.08825143426656723
1804	0.04211963340640068
1805	0.03245163708925247
1806	0.03583900257945061
1807	0.04832339659333229
1808	0.02294839173555374
1809	0.016992805525660515
1810	0.02572912536561489
1811	0.021860720589756966
1812	0.037605367600917816
1813	0.032213084399700165
1814	0.013709187507629395
1815	0.013594204559922218
1816	0.011552593670785427
1817	0.009247592650353909
1818	0.019469810649752617
1819	0.016558339819312096
1820	0.006848345976322889
1821	0.012822634540498257
1822	0.019095271825790405
1823	0.018083877861499786
1824	0.013683587312698364
1825	0.008885669521987438
1826	0.011877281591296196
1827	0.00853074062615633
1828	0.009301227517426014
1829	0.010310298763215542
1830	0.010576613247394562
1831	0.013156016357243061
1832	0.01157291792333126
1833	0.012509241700172424
1834	0.008507530204951763
1835	0.008099311962723732
1836	0.00881224125623703
1837	0.0091100437566638
1838	0.008303101174533367
1839	0.008143562823534012
1840	0.007201147265732288
1841	0.007806317415088415
1842	0.007602873723953962
1843	0.007437488529831171
1844	0.0067892917431890965
1845	0.0070173474960029125
1846	0.006335154175758362
1847	0.006445350591093302
1848	0.0062951333820819855
1849	0.005396614316850901
1850	0.005042523145675659
1851	0.005933455657213926
1852	0.006451483815908432
1853	0.008160099387168884
1854	0.006267932243645191
1855	0.006545131094753742
1856	0.006275670137256384
1857	0.006624446250498295
1858	0.006040703505277634
1859	0.008099006488919258
1860	0.007910333573818207
1861	0.008657896891236305
1862	0.00825938954949379
1863	0.006047576665878296
1864	0.005453384947031736
1865	0.00425476161763072
1866	0.0051440042443573475
1867	0.005459006875753403
1868	0.005676631815731525
1869	0.005074734799563885
1870	0.005454239435493946
1871	0.005029178224503994
1872	0.006692789029330015
1873	0.009334975853562355
1874	0.007324530277401209
1875	0.007640148047357798
1876	0.008046293631196022
1877	0.007345832884311676
1878	0.009023979306221008
1879	0.008703241124749184
1880	0.0077705979347229
1881	0.010672079399228096
1882	0.012356019578874111
1883	0.013941049575805664
1884	0.012995232827961445
1885	0.020031889900565147
1886	0.016238180920481682
1887	0.02204830013215542
1888	0.029212230816483498
1889	0.0727357491850853
1890	0.06425134092569351
1891	0.06906601041555405
1892	0.06605803966522217
1893	0.085418201982975
1894	0.08358815312385559
1895	0.1841152161359787
1896	0.11988978832960129
1897	0.2645387351512909
1898	0.1143854632973671
1899	0.11687792837619781
1900	0.14778201282024384
1901	0.053195662796497345
1902	0.29569128155708313
1903	0.2711705267429352
1904	0.35146254301071167
1905	0.22112055122852325
1906	0.10254781693220139
1907	0.29718825221061707
1908	0.4580784738063812
1909	0.4092896580696106
1910	0.3059234619140625
1911	0.27764591574668884
1912	0.13162516057491302
1913	0.3965657651424408
1914	0.5757424235343933
1915	0.6888424158096313
1916	0.5799776911735535
1917	0.7356290817260742
1918	0.6744576096534729
1919	0.7407404184341431
1920	0.8885976672172546
1921	0.7747609615325928
1922	0.8357071876525879
1923	0.8723130226135254
1924	0.6517643332481384
1925	0.5274049639701843
1926	0.5300410985946655
1927	0.48969584703445435
1928	0.44483479857444763
1929	0.6725148558616638
1930	0.3919904828071594
1931	0.28025251626968384
1932	0.29903388023376465
1933	0.39767715334892273
1934	0.27514830231666565
1935	0.24161477386951447
1936	0.3685285747051239
1937	0.6810352206230164
1938	0.24046564102172852
1939	0.14360585808753967
1940	0.30225273966789246
1941	0.7912042140960693
1942	0.7487578988075256
1943	0.8590371012687683
1944	0.9136480689048767
1945	0.9505841135978699
1946	0.9274047017097473
1947	0.9134729504585266
1948	0.9578220248222351
1949	0.9670891165733337
1950	0.8742237091064453
1951	0.7486674189567566
1952	0.8921276330947876
1953	0.8753104209899902
1954	0.928131103515625
1955	0.863956868648529
1956	0.8761278390884399
1957	0.8750054240226746
1958	0.8099284172058105
1959	0.8699188232421875
1960	0.8818120956420898
1961	0.9507507681846619
1962	0.9478103518486023
1963	0.9001822471618652
1964	0.852618396282196
1965	0.9134830832481384
1966	0.877375602722168
1967	0.9319187998771667
1968	0.8774475455284119
1969	0.8608074188232422
1970	0.8923919796943665
1971	0.8084139227867126
1972	0.9237787127494812
1973	0.937287449836731
1974	0.9459241032600403
1975	0.9530291557312012
1976	0.9645267724990845
1977	0.9352200627326965
1978	0.8730714917182922
1979	0.9507671594619751
1980	0.8224303126335144
1981	0.5174816846847534
1982	0.9340944290161133
1983	0.8883897662162781
1984	0.7478904724121094
1985	0.443837970495224
1986	0.767157256603241
1987	0.7662594318389893
1988	0.8253817558288574
1989	0.8813655972480774
1990	0.9213353991508484
1991	0.8852371573448181
1992	0.8644976019859314
1993	0.9742822647094727
1994	0.9347737431526184
1995	0.8963846564292908
1996	0.9687592387199402
1997	0.7759232521057129
1998	0.42711615562438965
1999	0.5980831384658813
2000	0.007418935187160969
2001	0.004864612594246864
2002	0.005712657701224089
2003	0.009313657879829407
2004	0.009373818524181843
2005	0.009883937425911427
2006	0.0068609341979026794
2007	0.007639997638761997
2008	0.018021235242486
2009	0.07088596373796463
2010	0.028080379590392113
2011	0.016837162896990776
2012	0.011385169811546803
2013	0.008721642196178436
2014	0.009851986542344093
2015	0.007195848505944014
2016	0.0043039764277637005
2017	0.007247753441333771
2018	0.008465717546641827
2019	0.008530967868864536
2020	0.008438224904239178
2021	0.009173604659736156
2022	0.008517296053469181
2023	0.006186099257320166
2024	0.006423792336136103
2025	0.005403442308306694
2026	0.007085324265062809
2027	0.009531875140964985
2028	0.007375138346105814
2029	0.009189282543957233
2030	0.008697873912751675
2031	0.005979490000754595
2032	0.006757491268217564
2033	0.007842708379030228
2034	0.008102893829345703
2035	0.010010185651481152
2036	0.008034630678594112
2037	0.007437744177877903
2038	0.00820776354521513
2039	0.007872389629483223
2040	0.008691422641277313
2041	0.010284877382218838
2042	0.00926034152507782
2043	0.009289327077567577
2044	0.00979827344417572
2045	0.008206619881093502
2046	0.011003809981048107
2047	0.013241429813206196
2048	0.014233507215976715
2049	0.008440296165645123
2050	0.011845008470118046
2051	0.011352169327437878
2052	0.011143075302243233
2053	0.010037931613624096
2054	0.011422052048146725
2055	0.008539306931197643
2056	0.010058163665235043
2057	0.009528310969471931
2058	0.009178057312965393
2059	0.010259496979415417
2060	0.010203834623098373
2061	0.006787663791328669
2062	0.004872461315244436
2063	0.006421652622520924
2064	0.007933489978313446
2065	0.007323011755943298
2066	0.008930590003728867
2067	0.00821596384048462
2068	0.009031251072883606
2069	0.009012391790747643
2070	0.012729686684906483
2071	0.010050134733319283
2072	0.007716506719589233
2073	0.007965797558426857
2074	0.008351385593414307
2075	0.005814982578158379
2076	0.0044047157280147076
2077	0.006078547798097134
2078	0.007509781513363123
2079	0.006053458899259567
2080	0.0060738916508853436
2081	0.007361163385212421
2082	0.007251073606312275
2083	0.00740016857162118
2084	0.00648145005106926
2085	0.007005154620856047
2086	0.006658762693405151
2087	0.008398759178817272
2088	0.007867502979934216
2089	0.006312320474535227
2090	0.0067827641032636166
2091	0.007152792066335678
2092	0.008404234424233437
2093	0.008924177847802639
2094	0.0077938842587172985
2095	0.006865766830742359
2096	0.006619942374527454
2097	0.006315011531114578
2098	0.007017850875854492
2099	0.00731873232871294
2100	0.009243885055184364
2101	0.008467966690659523
2102	0.009698932059109211
2103	0.006953342352062464
2104	0.00805722363293171
2105	0.008478444069623947
2106	0.009010695852339268
2107	0.007948177866637707
2108	0.008075378835201263
2109	0.008365479297935963
2110	0.009239228442311287
2111	0.008551087230443954
2112	0.011509395204484463
2113	0.008750840090215206
2114	0.009462549351155758
2115	0.009004543535411358
2116	0.009290794841945171
2117	0.0069681815803050995
2118	0.008344638161361217
2119	0.00569513626396656
2120	0.005519477650523186
2121	0.006585949100553989
2122	0.005734365899115801
2123	0.004787953104823828
2124	0.005711460020393133
2125	0.005709727760404348
2126	0.006202136632055044
2127	0.00541098415851593
2128	0.00581886013969779
2129	0.005971378646790981
2130	0.006955855526030064
2131	0.0049278633669018745
2132	0.006258804351091385
2133	0.009139272384345531
2134	0.010324877686798573
2135	0.008254816755652428
2136	0.01346532441675663
2137	0.013432658277451992
2138	0.01321552973240614
2139	0.006883412133902311
2140	0.005025160498917103
2141	0.007017694413661957
2142	0.010261980816721916
2143	0.008313965983688831
2144	0.008807331323623657
2145	0.00545955216512084
2146	0.010405870154500008
2147	0.007852844893932343
2148	0.006884343456476927
2149	0.00830521434545517
2150	0.01172298938035965
2151	0.008407619781792164
2152	0.00853851530700922
2153	0.011484500020742416
2154	0.009592315182089806
2155	0.00815292727202177
2156	0.009152515791356564
2157	0.007970820181071758
2158	0.010343868285417557
2159	0.014289301820099354
2160	0.011974237859249115
2161	0.009001418016850948
2162	0.009161602705717087
2163	0.00879587884992361
2164	0.00928505789488554
2165	0.012183199636638165
2166	0.01690523885190487
2167	0.00677292188629508
2168	0.008965547196567059
2169	0.008669010363519192
2170	0.007598336786031723
2171	0.008796400390565395
2172	0.007835007272660732
2173	0.007571866270154715
2174	0.007630502339452505
2175	0.007652174215763807
2176	0.009711099788546562
2177	0.008542082272469997
2178	0.008538293652236462
2179	0.009876235388219357
2180	0.008563509210944176
2181	0.006884168367832899
2182	0.005267523694783449
2183	0.007129216101020575
2184	0.008058684878051281
2185	0.006623896304517984
2186	0.007569594774395227
2187	0.007948662154376507
2188	0.01017665397375822
2189	0.0067490339279174805
2190	0.00930843036621809
2191	0.00819102767854929
2192	0.008986867032945156
2193	0.0077292160131037235
2194	0.008989748544991016
2195	0.008607032708823681
2196	0.01122335996478796
2197	0.010611928068101406
2198	0.01026585791260004
2199	0.012299747206270695
2200	0.008101455867290497
2201	0.009899381548166275
2202	0.010292749851942062
2203	0.008395678363740444
2204	0.004955496173352003
2205	0.0077825202606618404
2206	0.009808318689465523
2207	0.0089105861261487
2208	0.01071456354111433
2209	0.010064718313515186
2210	0.008601118810474873
2211	0.007581172976642847
2212	0.007851081900298595
2213	0.006839314941316843
2214	0.0070899128913879395
2215	0.0054568941704928875
2216	0.005697037559002638
2217	0.007625024300068617
2218	0.00654487544670701
2219	0.00777150085195899
2220	0.008578858338296413
2221	0.006274187006056309
2222	0.00816186424344778
2223	0.009566136635839939
2224	0.007024252321571112
2225	0.009219569154083729
2226	0.008627278730273247
2227	0.009264444932341576
2228	0.00804293341934681
2229	0.008318890817463398
2230	0.009122015908360481
2231	0.008805687539279461
2232	0.012219143100082874
2233	0.008128094486892223
2234	0.009385126642882824
2235	0.007534727454185486
2236	0.006114286370575428
2237	0.010734816081821918
2238	0.010620075277984142
2239	0.008854933083057404
2240	0.0095620546489954
2241	0.00945696234703064
2242	0.00846158992499113
2243	0.009543235413730145
2244	0.009884498082101345
2245	0.007982425391674042
2246	0.005039201583713293
2247	0.008534704335033894
2248	0.008375597186386585
2249	0.00702900905162096
2250	0.008650453761219978
2251	0.01081520039588213
2252	0.006933004595339298
2253	0.007915815338492393
2254	0.00771635165438056
2255	0.008540943264961243
2256	0.01005528960376978
2257	0.006171334069222212
2258	0.006875498685985804
2259	0.007758200168609619
2260	0.009011483751237392
2261	0.008027127012610435
2262	0.01261275727301836
2263	0.008347240276634693
2264	0.00813318695873022
2265	0.008871582336723804
2266	0.009849433787167072
2267	0.00835711695253849
2268	0.00876219104975462
2269	0.012595782056450844
2270	0.01343896146863699
2271	0.011534556746482849
2272	0.011536323465406895
2273	0.010875762440264225
2274	0.010029508732259274
2275	0.007637468166649342
2276	0.01114481221884489
2277	0.008437670767307281
2278	0.01081870123744011
2279	0.007688552141189575
2280	0.007123185787349939
2281	0.006873622536659241
2282	0.004852851387113333
2283	0.0052459812723100185
2284	0.006982272956520319
2285	0.006680663209408522
2286	0.006651549134403467
2287	0.005528223235160112
2288	0.007340843323618174
2289	0.009494966827332973
2290	0.006287302356213331
2291	0.006799452006816864
2292	0.00570288160815835
2293	0.005479299928992987
2294	0.00524255633354187
2295	0.005967556033283472
2296	0.005879292730242014
2297	0.006645566318184137
2298	0.004750534892082214
2299	0.0049560158513486385
2300	0.005036490503698587
2301	0.004829460754990578
2302	0.005354079883545637
2303	0.006332886405289173
2304	0.00619048997759819
2305	0.006825271528214216
2306	0.006670685950666666
2307	0.008983376435935497
2308	0.008814285509288311
2309	0.007407128345221281
2310	0.0060229310765862465
2311	0.005142278503626585
2312	0.00562601163983345
2313	0.006662924773991108
2314	0.00784341525286436
2315	0.007135821972042322
2316	0.006007911171764135
2317	0.0050019752234220505
2318	0.0063068256713449955
2319	0.0053871977142989635
2320	0.006241645198315382
2321	0.006330021657049656
2322	0.007366196718066931
2323	0.007657788693904877
2324	0.009349911473691463
2325	0.007265523076057434
2326	0.006386068649590015
2327	0.0066831232979893684
2328	0.006504078395664692
2329	0.007246366236358881
2330	0.007317766547203064
2331	0.00823219120502472
2332	0.007486067712306976
2333	0.006270247977226973
2334	0.005181297194212675
2335	0.006324026267975569
2336	0.008014482446014881
2337	0.009352894499897957
2338	0.007263303734362125
2339	0.011516528204083443
2340	0.00891848187893629
2341	0.012339240871369839
2342	0.007851451635360718
2343	0.011306224390864372
2344	0.00924221333116293
2345	0.008446702733635902
2346	0.0070700556971132755
2347	0.009190811775624752
2348	0.010189628228545189
2349	0.007351652719080448
2350	0.010458871722221375
2351	0.009042867459356785
2352	0.01069368701428175
2353	0.008437667042016983
2354	0.009770472534000874
2355	0.008954063057899475
2356	0.012167276814579964
2357	0.011763510294258595
2358	0.011764570139348507
2359	0.012514248490333557
2360	0.009843460284173489
2361	0.011104057542979717
2362	0.0137958824634552
2363	0.013502120040357113
2364	0.012145775370299816
2365	0.010092186741530895
2366	0.012689708732068539
2367	0.017716635018587112
2368	0.014826679602265358
2369	0.01442745327949524
2370	0.012180076912045479
2371	0.021787291392683983
2372	0.012377584353089333
2373	0.013762162998318672
2374	0.011306430213153362
2375	0.017128530889749527
2376	0.0139459865167737
2377	0.0214909166097641
2378	0.018147766590118408
2379	0.02478090487420559
2380	0.021158134564757347
2381	0.03714988753199577
2382	0.037533119320869446
2383	0.06659841537475586
2384	0.034213852137327194
2385	0.06917773932218552
2386	0.043432608246803284
2387	0.06275256723165512
2388	0.041680753231048584
2389	0.05318396911025047
2390	0.04776279255747795
2391	0.03380630910396576
2392	0.02269815467298031
2393	0.031240148469805717
2394	0.030674386769533157
2395	0.011930790729820728
2396	0.012852146290242672
2397	0.016986150294542313
2398	0.014483088627457619
2399	0.025401342660188675
2400	0.013649562373757362
2401	0.013813549652695656
2402	0.009622493758797646
2403	0.007547731976956129
2404	0.006607566960155964
2405	0.008434014394879341
2406	0.007465800736099482
2407	0.00898804236203432
2408	0.007018708623945713
2409	0.0076187895610928535
2410	0.00630420446395874
2411	0.00603325804695487
2412	0.0066825225949287415
2413	0.007764914538711309
2414	0.007606248836964369
2415	0.006562863476574421
2416	0.007493238430470228
2417	0.007715858519077301
2418	0.007162174675613642
2419	0.007802946958690882
2420	0.0069236429408192635
2421	0.007094746921211481
2422	0.007428295910358429
2423	0.007936591282486916
2424	0.007019126322120428
2425	0.007298413198441267
2426	0.006411013659089804
2427	0.005361780058592558
2428	0.005875931587070227
2429	0.007254499476402998
2430	0.006052474956959486
2431	0.006086717825382948
2432	0.006300603039562702
2433	0.007449268829077482
2434	0.00832708366215229
2435	0.006624709814786911
2436	0.0057344273664057255
2437	0.004526103846728802
2438	0.0043610017746686935
2439	0.004675188567489386
2440	0.005028850864619017
2441	0.005811653099954128
2442	0.0046715764328837395
2443	0.005081998649984598
2444	0.0043381392024457455
2445	0.005844952072948217
2446	0.005926019046455622
2447	0.007377845700830221
2448	0.00673467805609107
2449	0.0069496422074735165
2450	0.006056679878383875
2451	0.00635742349550128
2452	0.004984646569937468
2453	0.005941552575677633
2454	0.004785530269145966
2455	0.005412018392235041
2456	0.005690696183592081
2457	0.00711820600554347
2458	0.0065530636347830296
2459	0.00800143089145422
2460	0.007387012243270874
2461	0.010217408649623394
2462	0.011390053667128086
2463	0.007942325435578823
2464	0.008582879789173603
2465	0.007300095167011023
2466	0.007026074919849634
2467	0.0068855020217597485
2468	0.008265020325779915
2469	0.005301208700984716
2470	0.0056944433599710464
2471	0.0069404779933393
2472	0.007350440602749586
2473	0.00911017507314682
2474	0.009344629943370819
2475	0.010118533857166767
2476	0.008973313495516777
2477	0.009143155999481678
2478	0.008256266824901104
2479	0.007707397919148207
2480	0.007116816937923431
2481	0.006941994186490774
2482	0.00846725981682539
2483	0.007343269418925047
2484	0.008712077513337135
2485	0.008768896572291851
2486	0.009964980185031891
2487	0.01594325341284275
2488	0.01463028509169817
2489	0.014003612101078033
2490	0.015820497646927834
2491	0.024757713079452515
2492	0.03424857184290886
2493	0.02473846636712551
2494	0.0584968701004982
2495	0.09249325841665268
2496	0.14607715606689453
2497	0.11358354240655899
2498	0.3442402780056
2499	0.38831838965415955
2500	0.6506869792938232
2501	0.3022780418395996
2502	0.6827958226203918
2503	0.5732331871986389
2504	0.5807667970657349
2505	0.4529271721839905
2506	0.5443998575210571
2507	0.7569916248321533
2508	0.6296572685241699
2509	0.36758649349212646
2510	0.43967896699905396
2511	0.3739948868751526
2512	0.4239904582500458
2513	0.5035477876663208
2514	0.3340352475643158
2515	0.37594661116600037
2516	0.18474434316158295
2517	0.23517154157161713
2518	0.3257673382759094
2519	0.4473282992839813
2520	0.3975953757762909
2521	0.45835524797439575
2522	0.2789807915687561
2523	0.26785746216773987
2524	0.24006636440753937
2525	0.23797833919525146
2526	0.23356084525585175
2527	0.26656588912010193
2528	0.027286360040307045
2529	0.01876438595354557
2530	0.00804250780493021
2531	0.010390679351985455
2532	0.011193599551916122
2533	0.010457090102136135
2534	0.014670396223664284
2535	0.1918058842420578
2536	0.2464669793844223
2537	0.19811652600765228
2538	0.32030758261680603
2539	0.41135263442993164
2540	0.5770998597145081
2541	0.6637056469917297
2542	0.7289902567863464
2543	0.6276773810386658
2544	0.5760819315910339
2545	0.3080735206604004
2546	0.5617960095405579
2547	0.5538774728775024
2548	0.39545103907585144
2549	0.29284635186195374
2550	0.4978521466255188
2551	0.29038169980049133
2552	0.39264923334121704
2553	0.5599620938301086
2554	0.6414691805839539
2555	0.5168638229370117
2556	0.4296746850013733
2557	0.3366815149784088
2558	0.4191249907016754
2559	0.4859417974948883
2560	0.5072113871574402
2561	0.6515282988548279
2562	0.6984885931015015
2563	0.5550738573074341
2564	0.7002954483032227
2565	0.7536320090293884
2566	0.5126516222953796
2567	0.4022955894470215
2568	0.11673889309167862
2569	0.1038379818201065
2570	0.049390580505132675
2571	0.019952500239014626
2572	0.013609996996819973
2573	0.01201633084565401
2574	0.016547290608286858
2575	0.01975139044225216
2576	0.016583437100052834
2577	0.015695028007030487
2578	0.01270214468240738
2579	0.012914055958390236
2580	0.010424344800412655
2581	0.01146331150084734
2582	0.010288150981068611
2583	0.010172615759074688
2584	0.010873212479054928
2585	0.007427139673382044
2586	0.012504132464528084
2587	0.011294431984424591
2588	0.014412454329431057
2589	0.012629863806068897
2590	0.011084334924817085
2591	0.010181048884987831
2592	0.013784538023173809
2593	0.02643074467778206
2594	0.08908151835203171
2595	0.3624148964881897
2596	0.35111042857170105
2597	0.4688703715801239
2598	0.6308447122573853
2599	0.66889888048172
2600	0.7234748601913452
2601	0.7512592673301697
2602	0.7966668009757996
2603	0.8942743539810181
2604	0.7645581364631653
2605	0.8024423718452454
2606	0.8563043475151062
2607	0.9115535020828247
2608	0.8802739381790161
2609	0.9237310290336609
2610	0.9550312161445618
2611	0.9588801264762878
2612	0.9556118249893188
2613	0.8993234634399414
2614	0.9701787829399109
2615	0.9234487414360046
2616	0.9409028887748718
2617	0.9154637455940247
2618	0.8857690691947937
2619	0.7878462076187134
2620	0.7714442610740662
2621	0.6473760604858398
2622	0.6555182933807373
2623	0.6947373747825623
2624	0.8056215643882751
2625	0.7006357312202454
2626	0.649186372756958
2627	0.592266857624054
2628	0.507293164730072
2629	0.14365489780902863
2630	0.1477171927690506
2631	0.12164038419723511
2632	0.0820537582039833
2633	0.07029765099287033
2634	0.022387681528925896
2635	0.1316126137971878
2636	0.12722142040729523
2637	0.1526341438293457
2638	0.18448391556739807
2639	0.13696151971817017
2640	0.14217069745063782
2641	0.2685348689556122
2642	0.10312438011169434
2643	0.034131426364183426
2644	0.007681922521442175
2645	0.005624362733215094
2646	0.0063378349877893925
2647	0.011318421922624111
2648	0.012357224710285664
2649	0.011917239986360073
2650	0.015066385269165039
2651	0.009260551072657108
2652	0.007769301068037748
2653	0.006323374807834625
2654	0.008487648330628872
2655	0.012926365248858929
2656	0.02254091203212738
2657	0.0156877338886261
2658	0.008932510390877724
2659	0.012467078864574432
2660	0.00927088875323534
2661	0.01563899777829647
2662	0.009108299389481544
2663	0.010984894819557667
2664	0.009920175187289715
2665	0.011230497620999813
2666	0.011904672719538212
2667	0.012144875712692738
2668	0.010648085735738277
2669	0.0099965063855052
2670	0.01024396251887083
2671	0.012679648585617542
2672	0.010450400412082672
2673	0.008496834896504879
2674	0.009868237189948559
2675	0.010205775499343872
2676	0.011849855072796345
2677	0.013161311857402325
2678	0.010412364266812801
2679	0.016598675400018692
2680	0.010190442204475403
2681	0.012935307808220387
2682	0.011270060203969479
2683	0.012967652641236782
2684	0.01456692535430193
2685	0.012569978833198547
2686	0.010440687648952007
2687	0.01214458979666233
2688	0.014164998196065426
2689	0.013177967630326748
2690	0.018017003312706947
2691	0.014750543050467968
2692	0.009931973181664944
2693	0.010411073453724384
2694	0.015831515192985535
2695	0.010052201338112354
2696	0.009141767397522926
2697	0.009038466028869152
2698	0.010159127414226532
2699	0.01193008478730917
2700	0.011792118661105633
2701	0.007783911656588316
2702	0.011388069950044155
2703	0.011378025636076927
2704	0.012378309853374958
2705	0.009939290583133698
2706	0.011447793804109097
2707	0.012688691727817059
2708	0.015625452622771263
2709	0.0129322474822402
2710	0.013945668935775757
2711	0.014019623398780823
2712	0.01796996034681797
2713	0.015211078338325024
2714	0.009015091694891453
2715	0.008589209988713264
2716	0.012437417171895504
2717	0.013106981292366982
2718	0.010474135167896748
2719	0.011340209282934666
2720	0.011766484007239342
2721	0.009876223281025887
2722	0.013145319186151028
2723	0.010939216241240501
2724	0.013721470721065998
2725	0.011994919739663601
2726	0.013820061460137367
2727	0.0128631591796875
2728	0.015364150516688824
2729	0.010751803405582905
2730	0.009042121469974518
2731	0.009756567887961864
2732	0.008412155322730541
2733	0.010727678425610065
2734	0.00898009818047285
2735	0.01255334634333849
2736	0.009354053065180779
2737	0.009861759841442108
2738	0.014618347398936749
2739	0.011865767650306225
2740	0.009789734147489071
2741	0.011028672568500042
2742	0.009684903547167778
2743	0.014811145141720772
2744	0.014293086715042591
2745	0.013108295388519764
2746	0.013793028891086578
2747	0.013793130405247211
2748	0.009370689280331135
2749	0.009003949351608753
2750	0.015693629160523415
2751	0.012371706776320934
2752	0.01153514999896288
2753	0.007271447218954563
2754	0.00775060523301363
2755	0.006815124303102493
2756	0.006389369256794453
2757	0.009323731996119022
2758	0.006613543722778559
2759	0.011011696420609951
2760	0.01619131863117218
2761	0.016094740480184555
2762	0.011073204688727856
2763	0.011360091157257557
2764	0.00827574823051691
2765	0.009606386534869671
2766	0.007741610053926706
2767	0.008721967227756977
2768	0.009985809214413166
2769	0.007939997129142284
2770	0.013390622101724148
2771	0.017868131399154663
2772	0.01965477503836155
2773	0.02780788578093052
2774	0.016702061519026756
2775	0.02927142195403576
2776	0.015905318781733513
2777	0.02708888053894043
2778	0.02928967773914337
2779	0.049137625843286514
2780	0.030993802472949028
2781	0.040775641798973083
2782	0.031080305576324463
2783	0.015215319581329823
2784	0.021041441708803177
2785	0.02011379413306713
2786	0.01817147806286812
2787	0.01746835932135582
2788	0.022555043920874596
2789	0.038378842175006866
2790	0.030607938766479492
2791	0.035004183650016785
2792	0.02858792617917061
2793	0.03023776412010193
2794	0.04725762829184532
2795	0.04253140091896057
2796	0.03312722221016884
2797	0.03911213204264641
2798	0.03098450042307377
2799	0.035158559679985046
2800	0.032753489911556244
2801	0.1212553158402443
2802	0.07164552062749863
2803	0.03469135984778404
2804	0.030006999149918556
2805	0.03770425543189049
2806	0.05602971464395523
2807	0.016964655369520187
2808	0.021995991468429565
2809	0.022958412766456604
2810	0.015370613895356655
2811	0.01649370789527893
2812	0.019435446709394455
2813	0.02872302010655403
2814	0.010331818833947182
2815	0.00873018242418766
2816	0.013808771967887878
2817	0.01322589349001646
2818	0.011364561505615711
2819	0.00685820821672678
2820	0.006708098109811544
2821	0.006854121573269367
2822	0.0071811736561357975
2823	0.007282552774995565
2824	0.0077303010039031506
2825	0.007782392203807831
2826	0.006873724516481161
2827	0.010481413453817368
2828	0.007716080639511347
2829	0.00899413786828518
2830	0.006890036165714264
2831	0.008955149911344051
2832	0.006941425148397684
2833	0.008227276615798473
2834	0.010511339642107487
2835	0.008346794173121452
2836	0.008372967131435871
2837	0.009501342661678791
2838	0.008393201045691967
2839	0.008570389822125435
2840	0.007756903301924467
2841	0.00842240359634161
2842	0.007409039419144392
2843	0.00728187570348382
2844	0.008279209025204182
2845	0.006181185599416494
2846	0.005533857736736536
2847	0.0075116828083992004
2848	0.006328628398478031
2849	0.006172840483486652
2850	0.005169802810996771
2851	0.005381299648433924
2852	0.004075439181178808
2853	0.005523431580513716
2854	0.004059812054038048
2855	0.005208638496696949
2856	0.005081584211438894
2857	0.004553510807454586
2858	0.005210337694734335
2859	0.00450457027181983
2860	0.004763788543641567
2861	0.00539992842823267
2862	0.004070444963872433
2863	0.0037341632414609194
2864	0.004628982860594988
2865	0.0041068852879107
2866	0.0033351301681250334
2867	0.004204215947538614
2868	0.00392855703830719
2869	0.005837864708155394
2870	0.004015285987406969
2871	0.0050624823197722435
2872	0.005369833670556545
2873	0.004805629141628742
2874	0.005220203660428524
2875	0.0044457619078457355
2876	0.005377480760216713
2877	0.004468971863389015
2878	0.004460337571799755
2879	0.005062480922788382
2880	0.005877585615962744
2881	0.004670297261327505
2882	0.00554548529908061
2883	0.005864412523806095
2884	0.006978902965784073
2885	0.005374537315219641
2886	0.005424443166702986
2887	0.008112827315926552
2888	0.006665428634732962
2889	0.006310777273029089
2890	0.005891678389161825
2891	0.004088309593498707
2892	0.005281738471239805
2893	0.005505493376404047
2894	0.004793399944901466
2895	0.005893042776733637
2896	0.005842932965606451
2897	0.005885053891688585
2898	0.006422154605388641
2899	0.006767006125301123
2900	0.007035897113382816
2901	0.0066871787421405315
2902	0.00683459872379899
2903	0.007205919362604618
2904	0.0061584413051605225
2905	0.009671545587480068
2906	0.009023075923323631
2907	0.013836569152772427
2908	0.014718669466674328
2909	0.010659601539373398
2910	0.02103663794696331
2911	0.01668660156428814
2912	0.012303481809794903
2913	0.026490941643714905
2914	0.02048879861831665
2915	0.023371459916234016
2916	0.0303165502846241
2917	0.025658193975687027
2918	0.02986244671046734
2919	0.035697706043720245
2920	0.04948681220412254
2921	0.029096214100718498
2922	0.023831920698285103
2923	0.022429315373301506
2924	0.015934733673930168
2925	0.01672331430017948
2926	0.01857551746070385
2927	0.017660969868302345
2928	0.017563506960868835
2929	0.02553989551961422
2930	0.023858627304434776
2931	0.06208791211247444
2932	0.03564510866999626
2933	0.03019033372402191
2934	0.40377941727638245
2935	0.44230905175209045
2936	0.17572268843650818
2937	0.3199644982814789
2938	0.47356390953063965
2939	0.5236443877220154
2940	0.7219246029853821
2941	0.7956962585449219
2942	0.8159514665603638
2943	0.8251151442527771
2944	0.7736440896987915
2945	0.7401474714279175
2946	0.7885026931762695
2947	0.937691867351532
2948	0.8625280261039734
2949	0.9290976524353027
2950	0.8808804750442505
2951	0.9162368774414062
2952	0.8907617926597595
2953	0.8708633780479431
2954	0.8448056578636169
2955	0.878447949886322
2956	0.8482170104980469
2957	0.47135695815086365
2958	0.17548194527626038
2959	0.5542004108428955
2960	0.44045743346214294
2961	0.36846765875816345
2962	0.3615558445453644
2963	0.21492896974086761
2964	0.1786596029996872
2965	0.24732236564159393
2966	0.21334174275398254
2967	0.14162211120128632
2968	0.03048040345311165
2969	0.03673393279314041
2970	0.03230022266507149
2971	0.02638835273683071
2972	0.020582890138030052
2973	0.030586261302232742
2974	0.045014895498752594
2975	0.025452151894569397
2976	0.014303079806268215
2977	0.011593170464038849
2978	0.01149030402302742
2979	0.013383353129029274
2980	0.013458623550832272
2981	0.01388081070035696
2982	0.01483470480889082
2983	0.019196588546037674
2984	0.014886937104165554
2985	0.10182970762252808
2986	0.08380481600761414
2987	0.07003286480903625
2988	0.1106417179107666
2989	0.15208838880062103
2990	0.07022400945425034
2991	0.26214084029197693
2992	0.038925450295209885
2993	0.007436064071953297
2994	0.009200467728078365
2995	0.007302223239094019
2996	0.007709695491939783
2997	0.009253690019249916
2998	0.009294569492340088
2999	0.012562977150082588
3000	0.0077906399965286255
3001	0.0070021869614720345
3002	0.006422472186386585
3003	0.017249101772904396
3004	0.01800093986093998
3005	0.015419840812683105
3006	0.025064898654818535
3007	0.021069128066301346
3008	0.02283467724919319
3009	0.018254859372973442
3010	0.013126024976372719
3011	0.011952335014939308
3012	0.011419241316616535
3013	0.01056276261806488
3014	0.01273092906922102
3015	0.016044532880187035
3016	0.011636411771178246
3017	0.019287867471575737
3018	0.01097157597541809
3019	0.020000895485281944
3020	0.014654787257313728
3021	0.023287583142518997
3022	0.013966835103929043
3023	0.017161304131150246
3024	0.0151226120069623
3025	0.026345575228333473
3026	0.01872141845524311
3027	0.03272522613406181
3028	0.02428985945880413
3029	0.012031756341457367
3030	0.010183751583099365
3031	0.013565055094659328
3032	0.018292561173439026
3033	0.01415530126541853
3034	0.017453506588935852
3035	0.01674918830394745
3036	0.016283923760056496
3037	0.031067365780472755
3038	0.02801118791103363
3039	0.03914446383714676
3040	0.017923934385180473
3041	0.014905566349625587
3042	0.015428123064339161
3043	0.018056092783808708
3044	0.013753383420407772
3045	0.013284635730087757
3046	0.018849346786737442
3047	0.012799049727618694
3048	0.016436923295259476
3049	0.015051406808197498
3050	0.01364168245345354
3051	0.027853405103087425
3052	0.01681317761540413
3053	0.018473301082849503
3054	0.02052897773683071
3055	0.026806866750121117
3056	0.020213495939970016
3057	0.021359477192163467
3058	0.022606773301959038
3059	0.01648511178791523
3060	0.011989082209765911
3061	0.014067503623664379
3062	0.010579881258308887
3063	0.0094724390655756
3064	0.008948911912739277
3065	0.015827134251594543
3066	0.01536570768803358
3067	0.011293544434010983
3068	0.019434161484241486
3069	0.012069632299244404
3070	0.010425224900245667
3071	0.00883693527430296
3072	0.005808152258396149
3073	0.00477919727563858
3074	0.006681952625513077
3075	0.005652060732245445
3076	0.006136405281722546
3077	0.006081906612962484
3078	0.004538252949714661
3079	0.0055036162957549095
3080	0.004826501943171024
3081	0.005119306966662407
3082	0.004448257386684418
3083	0.005710877478122711
3084	0.006212340667843819
3085	0.0048149446956813335
3086	0.0068324557505548
3087	0.005424478556960821
3088	0.005384666379541159
3089	0.006158759817481041
3090	0.005101290997117758
3091	0.007832047529518604
3092	0.0075037735514342785
3093	0.006947132293134928
3094	0.005965346936136484
3095	0.005246451590210199
3096	0.005175751633942127
3097	0.005210362374782562
3098	0.0060636368580162525
3099	0.004941426217556
3100	0.004817294422537088
3101	0.004622142296284437
3102	0.0049194819293916225
3103	0.0075179338455200195
3104	0.013922536745667458
3105	0.013928601518273354
3106	0.019004497677087784
3107	0.014308488927781582
3108	0.01184341125190258
3109	0.02329040877521038
3110	0.011775060556828976
3111	0.00938714761286974
3112	0.00986358243972063
3113	0.009581058286130428
3114	0.011658727191388607
3115	0.010331796482205391
3116	0.010626851581037045
3117	0.012341259978711605
3118	0.010771013796329498
3119	0.009602244012057781
3120	0.008977001532912254
3121	0.008553074672818184
3122	0.008589722216129303
3123	0.007731602527201176
3124	0.007683143950998783
3125	0.010475501418113708
3126	0.010373996570706367
3127	0.008815285749733448
3128	0.01077975519001484
3129	0.016656814143061638
3130	0.01234253030270338
3131	0.0157331433147192
3132	0.015500915236771107
3133	0.01912635564804077
3134	0.024018920958042145
3135	0.026052821427583694
3136	0.012422029860317707
3137	0.009334078058600426
3138	0.01124574150890112
3139	0.014582807198166847
3140	0.01181121077388525
3141	0.009263299405574799
3142	0.011198297142982483
3143	0.011113251559436321
3144	0.006503866519778967
3145	0.005345617420971394
3146	0.006913784891366959
3147	0.006285123061388731
3148	0.00798702985048294
3149	0.008869430981576443
3150	0.00945343729108572
3151	0.009465954266488552
3152	0.009962051175534725
3153	0.010311338119208813
3154	0.012003081850707531
3155	0.015071402303874493
3156	0.011313098482787609
3157	0.013961789198219776
3158	0.019525188952684402
3159	0.020984888076782227
3160	0.016127586364746094
3161	0.016077259555459023
3162	0.02267950400710106
3163	0.021251274272799492
3164	0.028919730335474014
3165	0.030533546581864357
3166	0.025423193350434303
3167	0.016798341646790504
3168	0.017660466954112053
3169	0.04243012145161629
3170	0.021894216537475586
3171	0.015109195373952389
3172	0.01410799939185381
3173	0.015143576078116894
3174	0.01886487938463688
3175	0.015793874859809875
3176	0.03837123513221741
3177	0.0524325966835022
3178	0.043929971754550934
3179	0.06079573556780815
3180	0.09631285071372986
3181	0.2734590172767639
3182	0.3130785822868347
3183	0.31201407313346863
3184	0.2291194051504135
3185	0.13226115703582764
3186	0.2160094827413559
3187	0.24959330260753632
3188	0.2812158167362213
3189	0.18774591386318207
3190	0.11169356107711792
3191	0.13941088318824768
3192	0.10737147182226181
3193	0.13248901069164276
3194	0.04405098780989647
3195	0.19966299831867218
3196	0.1730635017156601
3197	0.3788556158542633
3198	0.0860716924071312
3199	0.17422838509082794
3200	0.07420513033866882
3201	0.08305486291646957
3202	0.04469090700149536
3203	0.0181051567196846
3204	0.019381141290068626
3205	0.018703525885939598
3206	0.01885172165930271
3207	0.012975755147635937
3208	0.012856492772698402
3209	0.01525833923369646
3210	0.012329484336078167
3211	0.015991786494851112
3212	0.01985435001552105
3213	0.01107513066381216
3214	0.010770182125270367
3215	0.012602380476891994
3216	0.00865589827299118
3217	0.006701554637402296
3218	0.009011037647724152
3219	0.011096769943833351
3220	0.011188547126948833
3221	0.008141063153743744
3222	0.009054063819348812
3223	0.012367638759315014
3224	0.023701321333646774
3225	0.02777124010026455
3226	0.03293700888752937
3227	0.02722208760678768
3228	0.03500921279191971
3229	0.05272864177823067
3230	0.019057918339967728
3231	0.056362222880125046
3232	0.13449905812740326
3233	0.13537603616714478
3234	0.04747798666357994
3235	0.050782036036252975
3236	0.08144902437925339
3237	0.023022038862109184
3238	0.046777304261922836
3239	0.04446626454591751
3240	0.033270299434661865
3241	0.05039693042635918
3242	0.05371079593896866
3243	0.0264574121683836
3244	0.015924014151096344
3245	0.01561108510941267
3246	0.014567499049007893
3247	0.015171825885772705
3248	0.032004039734601974
3249	0.01951141282916069
3250	0.010003974661231041
3251	0.020128725096583366
3252	0.016203230246901512
3253	0.022524654865264893
3254	0.03371940925717354
3255	0.032314401119947433
3256	0.019430384039878845
3257	0.01316328626126051
3258	0.023078227415680885
3259	0.019434023648500443
3260	0.019029084593057632
3261	0.015901943668723106
3262	0.013754081912338734
3263	0.006846175529062748
3264	0.006692279130220413
3265	0.011170262470841408
3266	0.01712576486170292
3267	0.01588861458003521
3268	0.011924910359084606
3269	0.012865463271737099
3270	0.014220830984413624
3271	0.015164452604949474
3272	0.012285654433071613
3273	0.012631736695766449
3274	0.021540483459830284
3275	0.012372912839055061
3276	0.009099450893700123
3277	0.028791654855012894
3278	0.011683204211294651
3279	0.015774834901094437
3280	0.010165086947381496
3281	0.015184113755822182
3282	0.00998014584183693
3283	0.016124138608574867
3284	0.010006807744503021
3285	0.01189455296844244
3286	0.011149248108267784
3287	0.008753616362810135
3288	0.00894493330270052
3289	0.008670607581734657
3290	0.012722990475594997
3291	0.011124956421554089
3292	0.014474575407803059
3293	0.01678934320807457
3294	0.014098390936851501
3295	0.010288655757904053
3296	0.01295560598373413
3297	0.016504626721143723
3298	0.011738913133740425
3299	0.011283628642559052
3300	0.009455524384975433
3301	0.016722073778510094
3302	0.013415820896625519
3303	0.01259875949472189
3304	0.015076418407261372
3305	0.014936588704586029
3306	0.008289380930364132
3307	0.008709773421287537
3308	0.01297671813517809
3309	0.009174770675599575
3310	0.009024559520184994
3311	0.008710683323442936
3312	0.010325135663151741
3313	0.012682454660534859
3314	0.009106106124818325
3315	0.008382872678339481
3316	0.009133104234933853
3317	0.012516984716057777
3318	0.011578097939491272
3319	0.016075659543275833
3320	0.017052868381142616
3321	0.013322561979293823
3322	0.01044478453695774
3323	0.011956590227782726
3324	0.026320520788431168
3325	0.02388504520058632
3326	0.020502274855971336
3327	0.021032750606536865
3328	0.016588179394602776
3329	0.012136717326939106
3330	0.015610331669449806
3331	0.018123915418982506
3332	0.01334912609308958
3333	0.010294904001057148
3334	0.010486231185495853
3335	0.010700448416173458
3336	0.009114629589021206
3337	0.010861197486519814
3338	0.010439407080411911
3339	0.01183918584138155
3340	0.007234507706016302
3341	0.007869158871471882
3342	0.0074666934087872505
3343	0.005657592322677374
3344	0.004692152142524719
3345	0.005031827837228775
3346	0.004575119819492102
3347	0.006762979086488485
3348	0.005703400820493698
3349	0.007396450731903315
3350	0.005168611649423838
3351	0.0060844444669783115
3352	0.00519455736503005
3353	0.004797313362360001
3354	0.006123081780970097
3355	0.005490673240274191
3356	0.0052498201839625835
3357	0.005434230901300907
3358	0.006332135293632746
3359	0.007167224772274494
3360	0.006327828858047724
3361	0.006868916098028421
3362	0.007242009975016117
3363	0.0070381141267716885
3364	0.006717962212860584
3365	0.006234855391085148
3366	0.006936617195606232
3367	0.007068628910928965
3368	0.006832960993051529
3369	0.0076468512415885925
3370	0.00832580029964447
3371	0.006718249525874853
3372	0.006542629096657038
3373	0.007638768758624792
3374	0.0077885352075099945
3375	0.006552743259817362
3376	0.007967921905219555
3377	0.0072722407057881355
3378	0.009185906499624252
3379	0.009465533308684826
3380	0.008277851156890392
3381	0.010244744829833508
3382	0.009376158006489277
3383	0.01222225558012724
3384	0.014927404001355171
3385	0.01750725694000721
3386	0.02338387258350849
3387	0.07623220980167389
3388	0.046170417219400406
3389	0.03181590512394905
3390	0.07375476509332657
3391	0.04644845053553581
3392	0.0757555142045021
3393	0.13802289962768555
3394	0.04438932240009308
3395	0.03581458330154419
3396	0.015491855330765247
3397	0.027771873399615288
3398	0.022761618718504906
3399	0.03439018502831459
3400	0.028415024280548096
3401	0.025864282622933388
3402	0.019834667444229126
3403	0.011988638900220394
3404	0.014501702971756458
3405	0.01246469747275114
3406	0.012382052838802338
3407	0.016332462430000305
3408	0.01307879388332367
3409	0.01389565970748663
3410	0.014698765240609646
3411	0.013813719153404236
3412	0.01341092586517334
3413	0.008892101235687733
3414	0.008948328904807568
3415	0.008469244465231895
3416	0.008818228729069233
3417	0.008881794288754463
3418	0.010104730725288391
3419	0.010539282113313675
3420	0.01265871711075306
3421	0.013606998138129711
3422	0.009527149610221386
3423	0.006845390889793634
3424	0.006498862057924271
3425	0.005173970013856888
3426	0.005602029152214527
3427	0.005935579538345337
3428	0.005810640752315521
3429	0.005979766603559256
3430	0.0056200334802269936
3431	0.01004045456647873
3432	0.0057060900144279
3433	0.005856514908373356
3434	0.005046631675213575
3435	0.0040428610518574715
3436	0.004837356507778168
3437	0.0043063233606517315
3438	0.00565666938200593
3439	0.005992683582007885
3440	0.004975197371095419
3441	0.006838973145931959
3442	0.005685375537723303
3443	0.005051558371633291
3444	0.004700812045484781
3445	0.005629019346088171
3446	0.005571040790528059
3447	0.006083560176193714
3448	0.006551414728164673
3449	0.005203531589359045
3450	0.005852112080901861
3451	0.005309981293976307
3452	0.005943912547081709
3453	0.007778895553201437
3454	0.005299852695316076
3455	0.0045583005994558334
3456	0.005911968182772398
3457	0.006069897674024105
3458	0.00649993447586894
3459	0.005338815040886402
3460	0.005931131541728973
3461	0.006456414703279734
3462	0.006242675706744194
3463	0.006248473655432463
3464	0.006395489908754826
3465	0.006548302713781595
3466	0.005743789486587048
3467	0.006277269218116999
3468	0.006041243206709623
3469	0.00672781839966774
3470	0.0062452638521790504
3471	0.005968944169580936
3472	0.0071863653138279915
3473	0.006690493319183588
3474	0.00958974938839674
3475	0.008131541311740875
3476	0.008429506793618202
3477	0.009216676466166973
3478	0.00944688729941845
3479	0.008065877482295036
3480	0.004911730531603098
3481	0.005233997944742441
3482	0.005114811006933451
3483	0.005383509676903486
3484	0.005733131896704435
3485	0.004389905370771885
3486	0.0047051808796823025
3487	0.004668365698307753
3488	0.005128469783812761
3489	0.004250878002494574
3490	0.004889011383056641
3491	0.005424249451607466
3492	0.0073148892261087894
3493	0.006957291159778833
3494	0.007082338910549879
3495	0.0073950449004769325
3496	0.007820342667400837
3497	0.005428762640804052
3498	0.005003991071134806
3499	0.00458821514621377
3500	0.0059633865021169186
3501	0.006685152649879456
3502	0.006156210787594318
3503	0.005539685022085905
3504	0.006391176488250494
3505	0.008644046261906624
3506	0.007711109705269337
3507	0.008910110220313072
3508	0.007385058794170618
3509	0.008254851214587688
3510	0.009465403854846954
3511	0.00863307248800993
3512	0.009679409675300121
3513	0.009493817575275898
3514	0.007502843625843525
3515	0.008010230027139187
3516	0.006012458819895983
3517	0.00782226212322712
3518	0.006647867150604725
3519	0.008994778618216515
3520	0.006410081870853901
3521	0.009078221395611763
3522	0.009629863314330578
3523	0.008095280267298222
3524	0.006797082256525755
3525	0.006200779229402542
3526	0.005696482490748167
3527	0.005385594442486763
3528	0.005569353234022856
3529	0.006835583597421646
3530	0.00568906357511878
3531	0.007156832609325647
3532	0.007208270486444235
3533	0.008321125991642475
3534	0.007416378241032362
3535	0.007968591526150703
3536	0.007350297179073095
3537	0.007730136159807444
3538	0.006211463827639818
3539	0.00748006347566843
3540	0.005991798825562
3541	0.006979481782764196
3542	0.007725846953690052
3543	0.009336254559457302
3544	0.008733917959034443
3545	0.008198564872145653
3546	0.008168147876858711
3547	0.014437821693718433
3548	0.015903249382972717
3549	0.014343983493745327
3550	0.012484087608754635
3551	0.013039846904575825
3552	0.016274098306894302
3553	0.015904653817415237
3554	0.017347456887364388
3555	0.020439734682440758
3556	0.017018863931298256
3557	0.017728352919220924
3558	0.01764836721122265
3559	0.01837693527340889
3560	0.016045669093728065
3561	0.018897106871008873
3562	0.019900640472769737
3563	0.01590987853705883
3564	0.02234579436480999
3565	0.01900901086628437
3566	0.01622040569782257
3567	0.01796945556998253
3568	0.03631938248872757
3569	0.05822082981467247
3570	0.0445827841758728
3571	0.03699375316500664
3572	0.033984359353780746
3573	0.032290808856487274
3574	0.021819651126861572
3575	0.0191595908254385
3576	0.018124043941497803
3577	0.01693854294717312
3578	0.016305506229400635
3579	0.01806342974305153
3580	0.016369247809052467
3581	0.01733156479895115
3582	0.019876373931765556
3583	0.04645223543047905
3584	0.04762573167681694
3585	0.12813733518123627
3586	0.15417563915252686
3587	0.18279221653938293
3588	0.24259845912456512
3589	0.11376233398914337
3590	0.10779346525669098
3591	0.11047466099262238
3592	0.021459974348545074
3593	0.022981557995080948
3594	0.02619219198822975
3595	0.026520108804106712
3596	0.026398202404379845
3597	0.032971885055303574
3598	0.019881052896380424
3599	0.030332380905747414
3600	0.02204884961247444
3601	0.02494632825255394
3602	0.020487194880843163
3603	0.028178542852401733
3604	0.024658415466547012
3605	0.024875124916434288
3606	0.019633999094367027
3607	0.02622130885720253
3608	0.020674755796790123
3609	0.021923331543803215
3610	0.016542913392186165
3611	0.022276241332292557
3612	0.01604517735540867
3613	0.014443946070969105
3614	0.018464330583810806
3615	0.018975600600242615
3616	0.014957698993384838
3617	0.021502582356333733
3618	0.019199900329113007
3619	0.021548200398683548
3620	0.017780980095267296
3621	0.016388343647122383
3622	0.014103243127465248
3623	0.022819403558969498
3624	0.015658294782042503
3625	0.017924560233950615
3626	0.01544018741697073
3627	0.013818979263305664
3628	0.016448114067316055
3629	0.012529361061751842
3630	0.011297992430627346
3631	0.013137459754943848
3632	0.00556342676281929
3633	0.007615435402840376
