frame	prob
0	0.015228132717311382
1	0.01262331660836935
2	0.014032195322215557
3	0.017072731629014015
4	0.014498019590973854
5	0.015941660851240158
6	0.017337867990136147
7	0.014831224456429482
8	0.017414240166544914
9	0.01474073063582182
10	0.017801301553845406
11	0.015305409207940102
12	0.01683240942656994
13	0.02085898257791996
14	0.018085390329360962
15	0.01740020513534546
16	0.017747340723872185
17	0.013571569696068764
18	0.017193926498293877
19	0.0143802585080266
20	0.015833083540201187
21	0.013886666856706142
22	0.012862414121627808
23	0.021376539021730423
24	0.015860263258218765
25	0.024774789810180664
26	0.03559727221727371
27	0.017339283600449562
28	0.01963880844414234
29	0.016288716346025467
30	0.016856802627444267
31	0.014214910566806793
32	0.017350584268569946
33	0.012515561655163765
34	0.013450900092720985
35	0.01328164804726839
36	0.009764360263943672
37	0.013473937287926674
38	0.01325420755892992
39	0.013365990482270718
40	0.014424607157707214
41	0.018100343644618988
42	0.01811114512383938
43	0.015849744901061058
44	0.016489509493112564
45	0.01961871050298214
46	0.018663043156266212
47	0.015958134084939957
48	0.016897547990083694
49	0.01392705924808979
50	0.01717994175851345
51	0.015425003133714199
52	0.013778716325759888
53	0.017329929396510124
54	0.01957555115222931
55	0.021758360788226128
56	0.018072718754410744
57	0.017441848292946815
58	0.01959337294101715
59	0.02464592456817627
60	0.05625181272625923
61	0.074738048017025
62	0.09841028600931168
63	0.07355592399835587
64	0.04827803000807762
65	0.038787443190813065
66	0.05563145875930786
67	0.14752155542373657
68	0.09724263846874237
69	0.06703685969114304
70	0.0987723097205162
71	0.25679874420166016
72	0.07206635922193527
73	0.18874818086624146
74	0.16585862636566162
75	0.08889013528823853
76	0.21721330285072327
77	0.40136948227882385
78	0.234031543135643
79	0.19446484744548798
80	0.15558882057666779
81	0.06708546727895737
82	0.05770539119839668
83	0.054691728204488754
84	0.047285597771406174
85	0.02291732095181942
86	0.01820450648665428
87	0.017271896824240685
88	0.045417990535497665
89	0.1796255111694336
90	0.21677711606025696
91	0.15266311168670654
92	0.10783181339502335
93	0.21425728499889374
94	0.22627122700214386
95	0.45337826013565063
96	0.30643805861473083
97	0.22317616641521454
98	0.10254035145044327
99	0.1577969342470169
100	0.07529108971357346
101	0.1097634807229042
102	0.27870747447013855
103	0.29767876863479614
104	0.22545042634010315
105	0.19006715714931488
106	0.16073964536190033
107	0.14264725148677826
108	0.09902185946702957
109	0.03426503762602806
110	0.02001843973994255
111	0.01662606932222843
112	0.013229225762188435
113	0.014522246085107327
114	0.01329349260777235
115	0.017245600000023842
116	0.028523636981844902
117	0.14100652933120728
118	0.13048845529556274
119	0.24594584107398987
120	0.1823824644088745
121	0.1449640989303589
122	0.3251820504665375
123	0.4030831754207611
124	0.23951606452465057
125	0.2684430778026581
126	0.1762310266494751
127	0.05715154483914375
128	0.0641089454293251
129	0.04476986452937126
130	0.10365422070026398
131	0.07880416512489319
132	0.08364637196063995
133	0.08898913115262985
134	0.024673370644450188
135	0.014312148094177246
136	0.010657875798642635
137	0.013717899098992348
138	0.013446654193103313
139	0.011270217597484589
140	0.011589409783482552
141	0.011076260358095169
142	0.01299428939819336
143	0.013504582457244396
144	0.014422967098653316
145	0.013407821767032146
146	0.01382970530539751
147	0.017939943820238113
148	0.013064444065093994
149	0.01625952683389187
150	0.014243786223232746
151	0.012679568491876125
152	0.014799371361732483
153	0.010346303693950176
154	0.007995462976396084
155	0.008969075977802277
156	0.009165252558887005
157	0.011615774594247341
158	0.012320473790168762
159	0.012398647144436836
160	0.024412425234913826
161	0.01625557243824005
162	0.015651611611247063
163	0.02876107767224312
164	0.020149637013673782
165	0.011837230995297432
166	0.008423568680882454
167	0.008038833737373352
168	0.0065362900495529175
169	0.005900689400732517
170	0.007042944431304932
171	0.008204810321331024
172	0.007730714976787567
173	0.0072837709449231625
174	0.009419095702469349
175	0.012136380188167095
176	0.011172251775860786
177	0.008616370148956776
178	0.008836834691464901
179	0.013286205008625984
180	0.00899119209498167
181	0.012102130800485611
182	0.011580400168895721
183	0.009642682038247585
184	0.014706931076943874
185	0.010109704919159412
186	0.008312745951116085
187	0.012661642394959927
188	0.01152869313955307
189	0.009395333006978035
190	0.009127326309680939
191	0.00900143664330244
192	0.009522070176899433
193	0.008943632245063782
194	0.010137699544429779
195	0.007592260837554932
196	0.005365259945392609
197	0.006656215991824865
198	0.0049406299367547035
199	0.006103051360696554
200	0.006416016258299351
201	0.007036654744297266
202	0.006225605960935354
203	0.008941037580370903
204	0.0066053555347025394
205	0.008932771161198616
206	0.005760473199188709
207	0.007625429425388575
208	0.0062159025110304356
209	0.0062766894698143005
210	0.005650262348353863
211	0.005359941627830267
212	0.007405337877571583
213	0.006117063574492931
214	0.00573203107342124
215	0.006031929049640894
216	0.005725122522562742
217	0.005856201983988285
218	0.005411858204752207
219	0.005369866732507944
220	0.00495160510763526
221	0.004692609887570143
222	0.0056055751629173756
223	0.005538681987673044
224	0.004674052353948355
225	0.00471800472587347
226	0.005723553244024515
227	0.0053035602904856205
228	0.006208750884979963
229	0.006318720523267984
230	0.007098606321960688
231	0.0076072365045547485
232	0.008037621155381203
233	0.007114055100828409
234	0.00511644734069705
235	0.004831430967897177
236	0.00614567706361413
237	0.006071167066693306
238	0.006554749794304371
239	0.006336128804832697
240	0.006417849101126194
241	0.006464348174631596
242	0.006520213093608618
243	0.007223982363939285
244	0.006254874169826508
245	0.008432876318693161
246	0.008453949354588985
247	0.00852208025753498
248	0.006778991315513849
249	0.008884518407285213
250	0.010130884125828743
251	0.007582062389701605
252	0.009084849618375301
253	0.006167673505842686
254	0.005253334995359182
255	0.00489043490961194
256	0.005532571580260992
257	0.005671858787536621
258	0.006516415160149336
259	0.007673564832657576
260	0.006546497344970703
261	0.005531411152333021
262	0.0049924845807254314
263	0.00557540962472558
264	0.003994925878942013
265	0.004751597996801138
266	0.005558520555496216
267	0.005423611495643854
268	0.004250841680914164
269	0.0048515284433960915
270	0.004085442051291466
271	0.003996759653091431
272	0.0035071433521807194
273	0.003641609102487564
274	0.004313779529184103
275	0.0035294480621814728
276	0.0039142281748354435
277	0.004803165793418884
278	0.004367742221802473
279	0.0052719335071742535
280	0.0056314063258469105
281	0.006242478732019663
282	0.0059019639156758785
283	0.005224722903221846
284	0.004156665410846472
285	0.005677638575434685
286	0.005968067795038223
287	0.007785907480865717
288	0.006400998681783676
289	0.006939115468412638
290	0.005548977758735418
291	0.007209699135273695
292	0.006594243925064802
293	0.008609398268163204
294	0.0085166459903121
295	0.009357673116028309
296	0.009395638480782509
297	0.007648242171853781
298	0.007832163944840431
299	0.009008565917611122
300	0.008210609667003155
301	0.008702038787305355
302	0.008991350419819355
303	0.00979653000831604
304	0.008087887428700924
305	0.009703729301691055
306	0.009744737297296524
307	0.012113659642636776
308	0.009603201411664486
309	0.010609784163534641
310	0.007839707657694817
311	0.009533783420920372
312	0.00934221874922514
313	0.012217591516673565
314	0.011490979231894016
315	0.017306672409176826
316	0.012820062227547169
317	0.016709331423044205
318	0.01890820637345314
319	0.013140342198312283
320	0.009127593599259853
321	0.013364480808377266
322	0.01164229679852724
323	0.0081804059445858
324	0.009168212302029133
325	0.010009512305259705
326	0.008454046212136745
327	0.006932021584361792
328	0.005976458080112934
329	0.0060959975235164165
330	0.00615861639380455
331	0.007774357683956623
332	0.007237724959850311
333	0.005973156075924635
334	0.004203429911285639
335	0.005455139558762312
336	0.004565434996038675
337	0.005446820054203272
338	0.004605078138411045
339	0.006180089432746172
340	0.0058345249854028225
341	0.006587207317352295
342	0.0055044894106686115
343	0.004431914538145065
344	0.005009905435144901
345	0.007710216101258993
346	0.005885683000087738
347	0.005084525793790817
348	0.007367677520960569
349	0.009889031760394573
350	0.005686705466359854
351	0.006477439310401678
352	0.006326831877231598
353	0.006892987992614508
354	0.0093248151242733
355	0.009704080410301685
356	0.008093134500086308
357	0.00989022757858038
358	0.006331208627671003
359	0.0067731053568422794
360	0.006394356023520231
361	0.0075730993412435055
362	0.010431197471916676
363	0.007653325796127319
364	0.007093118038028479
365	0.008716961368918419
366	0.008678345941007137
367	0.01324528455734253
368	0.006343193352222443
369	0.005760081112384796
370	0.005491048097610474
371	0.005387306213378906
372	0.005335924215614796
373	0.004763095173984766
374	0.0072022126987576485
375	0.004632447846233845
376	0.004954374860972166
377	0.005171009339392185
378	0.004952447954565287
379	0.004293963313102722
380	0.004996057134121656
381	0.004670416470617056
382	0.004422546364367008
383	0.005394125822931528
384	0.0031939104665070772
385	0.0035141133703291416
386	0.004780182149261236
387	0.0030956731643527746
388	0.003096221014857292
389	0.0036632667761296034
390	0.004666194319725037
391	0.004040713422000408
392	0.003244867315515876
393	0.00346082984469831
394	0.0034780295100063086
395	0.003503770101815462
396	0.0032271966338157654
397	0.0027954522520303726
398	0.003078567562624812
399	0.00411427766084671
400	0.0034979672636836767
401	0.0036490687634795904
402	0.003485393477603793
403	0.005659336689859629
404	0.006857488304376602
405	0.00844441819936037
406	0.005962540861219168
407	0.006966710090637207
408	0.004478611052036285
409	0.006603858899325132
410	0.008278975263237953
411	0.009178601205348969
412	0.007119961082935333
413	0.010309587232768536
414	0.008607218973338604
415	0.009150522761046886
416	0.007607644889503717
417	0.007675244938582182
418	0.006409939378499985
419	0.00763315474614501
420	0.008475856855511665
421	0.007716403808444738
422	0.00784220453351736
423	0.005819456186145544
424	0.006609688047319651
425	0.005671575665473938
426	0.006215118337422609
427	0.006454864051192999
428	0.007017567753791809
429	0.0059586684219539165
430	0.006458182819187641
431	0.006055700127035379
432	0.006058504339307547
433	0.006196273025125265
434	0.004968778695911169
435	0.007510827388614416
436	0.00851485040038824
437	0.00924075860530138
438	0.010320677421987057
439	0.012226570397615433
440	0.014075636863708496
441	0.012294130399823189
442	0.014855648390948772
443	0.015325324609875679
444	0.011119673028588295
445	0.01621752791106701
446	0.015548313036561012
447	0.016274122521281242
448	0.017215503379702568
449	0.020196331664919853
450	0.018264248967170715
451	0.014792146161198616
452	0.01596733368933201
453	0.014543239958584309
454	0.015686292201280594
455	0.016136083751916885
456	0.012327761389315128
457	0.014526176266372204
458	0.016352906823158264
459	0.019805235788226128
460	0.01973765529692173
461	0.020258918404579163
462	0.022167032584547997
463	0.017695700749754906
464	0.021464401856064796
465	0.021275190636515617
466	0.01745097152888775
467	0.015544041991233826
468	0.01599995233118534
469	0.017895368859171867
470	0.01791224256157875
471	0.02225961536169052
472	0.01906496286392212
473	0.021647317335009575
474	0.021804416552186012
475	0.01960109919309616
476	0.018718291074037552
477	0.022524405270814896
478	0.01783258095383644
479	0.025577792897820473
480	0.018545659258961678
481	0.023358788341283798
482	0.022307856008410454
483	0.022843051701784134
484	0.029910504817962646
485	0.027686674147844315
486	0.02617667429149151
487	0.0488346703350544
488	0.05262766033411026
489	0.03392225131392479
490	0.09010057896375656
491	0.13472966849803925
492	0.26329946517944336
493	0.1976720541715622
494	0.1904786229133606
495	0.09909088164567947
496	0.04542463272809982
497	0.03181142359972
498	0.03600463271141052
499	0.018678128719329834
500	0.020372113212943077
501	0.02339027263224125
502	0.021984204649925232
503	0.021853530779480934
504	0.020155245438218117
505	0.022721964865922928
506	0.020289523527026176
507	0.01855703815817833
508	0.021961409598588943
509	0.027955731377005577
510	0.04679993912577629
511	0.10578297823667526
512	0.1255909651517868
513	0.11872389167547226
514	0.08483674377202988
515	0.060242392122745514
516	0.03157161548733711
517	0.041409630328416824
518	0.05055345222353935
519	0.055606186389923096
520	0.028757799416780472
521	0.036304738372564316
522	0.030025362968444824
523	0.0521523617208004
524	0.21096253395080566
525	0.3724587857723236
526	0.29511553049087524
527	0.3385562300682068
528	0.05769068002700806
529	0.07147576659917831
530	0.0636817142367363
531	0.0578494556248188
532	0.0527937225997448
533	0.051759760826826096
534	0.08298714458942413
535	0.049218256026506424
536	0.0332249291241169
537	0.08803390711545944
538	0.28875893354415894
539	0.20214593410491943
540	0.3347416818141937
541	0.2036151885986328
542	0.2899780571460724
543	0.3308083117008209
544	0.35558438301086426
545	0.4094090461730957
546	0.44921794533729553
547	0.3535524606704712
548	0.30355969071388245
549	0.16950638592243195
550	0.27491676807403564
551	0.48109960556030273
552	0.34158289432525635
553	0.3753167688846588
554	0.29809829592704773
555	0.22996027767658234
556	0.24873562157154083
557	0.21912060678005219
558	0.4207441508769989
559	0.41667014360427856
560	0.3597879111766815
561	0.44013747572898865
562	0.49905964732170105
563	0.5520140528678894
564	0.32258036732673645
565	0.4540199339389801
566	0.20039132237434387
567	0.081227146089077
568	0.02025524154305458
569	0.01743052899837494
570	0.01327731367200613
571	0.014509652741253376
572	0.01151536125689745
573	0.012388390488922596
574	0.014008096419274807
575	0.011446822434663773
576	0.013437963090837002
577	0.016732504591345787
578	0.015794483944773674
579	0.017973510548472404
580	0.014754978008568287
581	0.014961888082325459
582	0.013734032399952412
583	0.012950219213962555
584	0.011616591364145279
585	0.0070775761269032955
586	0.004989956505596638
587	0.008399130776524544
588	0.012839448638260365
589	0.012187110260128975
590	0.01733027584850788
591	0.012754710391163826
592	0.014828366227447987
593	0.015772173181176186
594	0.011733301915228367
595	0.009217976592481136
596	0.007187558803707361
597	0.013005304150283337
598	0.014890705235302448
599	0.019155820831656456
600	0.012286253273487091
601	0.013817737810313702
602	0.014513516798615456
603	0.011865200474858284
604	0.014910749159753323
605	0.007257530931383371
606	0.01160845160484314
607	0.016344349831342697
608	0.01648113690316677
609	0.013136753812432289
610	0.011769641190767288
611	0.011916091665625572
612	0.013422878459095955
613	0.01255384087562561
614	0.010035432875156403
615	0.011363495141267776
616	0.009857955388724804
617	0.011703643016517162
618	0.011023171246051788
619	0.013165920972824097
620	0.011695991270244122
621	0.012961638160049915
622	0.011240906082093716
623	0.01096714474260807
624	0.01249330397695303
625	0.011012140661478043
626	0.009520466439425945
627	0.01051861047744751
628	0.01460196077823639
629	0.014785761013627052
630	0.011817698366940022
631	0.010691631585359573
632	0.011209019459784031
633	0.008821286261081696
634	0.00845866184681654
635	0.008962144143879414
636	0.0067766583524644375
637	0.0060404944233596325
638	0.004748843610286713
639	0.004121972713619471
640	0.0046949018724262714
641	0.004462076351046562
642	0.004449845291674137
643	0.0038649209309369326
644	0.0029599580448120832
645	0.004075177479535341
646	0.004026089794933796
647	0.005134193692356348
648	0.004926436580717564
649	0.004534946288913488
650	0.004928407724946737
651	0.004905272275209427
652	0.005124188959598541
653	0.004729748237878084
654	0.00602263119071722
655	0.006120420526713133
656	0.009102852083742619
657	0.0074608162976801395
658	0.006547883152961731
659	0.007682048715651035
660	0.005517033394426107
661	0.0057195029221475124
662	0.005972543265670538
663	0.00604573218151927
664	0.005982881411910057
665	0.005830440670251846
666	0.006829753052443266
667	0.007187324110418558
668	0.007211830001324415
669	0.007242219988256693
670	0.006635475438088179
671	0.007958493195474148
672	0.009517014026641846
673	0.018003327772021294
674	0.0185102466493845
675	0.01808216981589794
676	0.019805369898676872
677	0.025840437039732933
678	0.017333749681711197
679	0.02021608129143715
680	0.017945416271686554
681	0.01631287857890129
682	0.015578562393784523
683	0.015963373705744743
684	0.01752028428018093
685	0.03156213462352753
686	0.024731969460844994
687	0.031930871307849884
688	0.020867381244897842
689	0.030275613069534302
690	0.09716390073299408
691	0.04561225697398186
692	0.1985616534948349
693	0.2858019769191742
694	0.1468036025762558
695	0.11813630908727646
696	0.03833800181746483
697	0.018263336271047592
698	0.019279062747955322
699	0.015971951186656952
700	0.013558114878833294
701	0.020011350512504578
702	0.020493602380156517
703	0.020220451056957245
704	0.02532297372817993
705	0.03138140216469765
706	0.02407609298825264
707	0.05381914973258972
708	0.0908583253622055
709	0.36773714423179626
710	0.5165068507194519
711	0.4149342179298401
712	0.5958976745605469
713	0.5155391097068787
714	0.40619245171546936
715	0.028512438759207726
716	0.019354918971657753
717	0.017953595146536827
718	0.021512769162654877
719	0.028468305245041847
720	0.05813125520944595
721	0.19683468341827393
722	0.2530699372291565
723	0.30992966890335083
724	0.3720860481262207
725	0.36667975783348083
726	0.5839301943778992
727	0.8139019012451172
728	0.6188228130340576
729	0.7923547029495239
730	0.7470766305923462
731	0.33412253856658936
732	0.02406105399131775
733	0.01467386819422245
734	0.015286222100257874
735	0.017330316826701164
736	0.01554398238658905
737	0.013906575739383698
738	0.01315495278686285
739	0.015669381245970726
740	0.012893366627395153
741	0.013278028927743435
742	0.061801016330718994
743	0.6160091757774353
744	0.5927593111991882
745	0.5852922797203064
746	0.489971399307251
747	0.5016092658042908
748	0.6072071194648743
749	0.48454877734184265
750	0.4509768486022949
751	0.7055363655090332
752	0.6472628712654114
753	0.6106377243995667
754	0.45638981461524963
755	0.40087223052978516
756	0.1684831827878952
757	0.23333553969860077
758	0.24807600677013397
759	0.11499736458063126
760	0.016073664650321007
761	0.012125655077397823
762	0.011778379790484905
763	0.012272591702640057
764	0.011668969877064228
765	0.01453043520450592
766	0.015617378056049347
767	0.012296091765165329
768	0.012662728317081928
769	0.013891621492803097
770	0.012929228134453297
771	0.018989289179444313
772	0.017160754650831223
773	0.014739724807441235
774	0.011247094720602036
775	0.011899334378540516
776	0.0062844580970704556
777	0.005927172023802996
778	0.007008496671915054
779	0.01086608786135912
780	0.014530764892697334
781	0.01348675973713398
782	0.014115977101027966
783	0.022676020860671997
784	0.016021212562918663
785	0.015468083322048187
786	0.013834248296916485
787	0.017554620280861855
788	0.014842805452644825
789	0.010371777229011059
790	0.011073768138885498
791	0.010184056125581264
792	0.011714705266058445
793	0.012821313925087452
794	0.012310988269746304
795	0.012745295651257038
796	0.015040946193039417
797	0.012794035486876965
798	0.014166155830025673
799	0.013486896641552448
800	0.015807699412107468
801	0.01517189759761095
802	0.01440120767802
803	0.015542641282081604
804	0.014766625128686428
805	0.01734135113656521
806	0.020271480083465576
807	0.0208614319562912
808	0.01605873741209507
809	0.01845734938979149
810	0.015091179870069027
811	0.01523160096257925
812	0.017758114263415337
813	0.018877729773521423
814	0.017733056098222733
815	0.010935553349554539
816	0.011859806254506111
817	0.01082757767289877
818	0.01048318576067686
819	0.012280548922717571
820	0.011480174027383327
821	0.015271826647222042
822	0.012160900980234146
823	0.010431168600916862
824	0.010172470472753048
825	0.01642128825187683
826	0.010087421163916588
827	0.01621202938258648
828	0.014943954534828663
829	0.01440905500203371
830	0.019265979528427124
831	0.016298210248351097
832	0.020576676353812218
833	0.015946729108691216
834	0.014877202920615673
835	0.01969018578529358
836	0.016120875254273415
837	0.013073476031422615
838	0.015316049568355083
839	0.01624455489218235
840	0.012155989184975624
841	0.008236548863351345
842	0.007260337471961975
843	0.008495485410094261
844	0.011377759277820587
845	0.013540747575461864
846	0.007891900837421417
847	0.00676389504224062
848	0.006005886476486921
849	0.006776842754334211
850	0.0069180987775325775
851	0.009421564638614655
852	0.009258455596864223
853	0.012644002214074135
854	0.014008757658302784
855	0.014520594850182533
856	0.012251835316419601
857	0.016638321802020073
858	0.009514624252915382
859	0.013433835469186306
860	0.01329796016216278
861	0.018548112362623215
862	0.012587213888764381
863	0.02420518361032009
864	0.009775061160326004
865	0.010943503119051456
866	0.010212421417236328
867	0.009123437106609344
868	0.009662710130214691
869	0.011034070514142513
870	0.007361754775047302
871	0.010868698358535767
872	0.007551281247287989
873	0.01231797132641077
874	0.01231792289763689
875	0.02455863729119301
876	0.017632318660616875
877	0.08852396160364151
878	0.1561632603406906
879	0.15288417041301727
880	0.23836641013622284
881	0.35236307978630066
882	0.16149957478046417
883	0.05027182027697563
884	0.021497463807463646
885	0.021646734327077866
886	0.011923437938094139
887	0.012850421480834484
888	0.01628524623811245
889	0.014672464691102505
890	0.0191993098706007
891	0.01154156494885683
892	0.011947269551455975
893	0.013165386393666267
894	0.011804181151092052
895	0.02426605299115181
896	0.06768549978733063
897	0.16842520236968994
898	0.33125922083854675
899	0.6845306754112244
900	0.3703277111053467
901	0.37991389632225037
902	0.1103627011179924
903	0.064000703394413
904	0.22320404648780823
905	0.21628117561340332
906	0.06557195633649826
907	0.22001932561397552
908	0.5609582662582397
909	0.6236857771873474
910	0.6844872236251831
911	0.8234853744506836
912	0.4411194920539856
913	0.715904712677002
914	0.6199381947517395
915	0.34116408228874207
916	0.14019618928432465
917	0.29782024025917053
918	0.30276599526405334
919	0.05842142179608345
920	0.017072508111596107
921	0.014286741614341736
922	0.01163396704941988
923	0.008978744968771935
924	0.009828505106270313
925	0.012905651703476906
926	0.015397279523313046
927	0.017649998888373375
928	0.022199107334017754
929	0.056536704301834106
930	0.3555798828601837
931	0.7106751799583435
932	0.6691915392875671
933	0.6278268098831177
934	0.4317556321620941
935	0.4821934700012207
936	0.7037882804870605
937	0.838810384273529
938	0.729221522808075
939	0.3841901421546936
940	0.24652671813964844
941	0.15350107848644257
942	0.04107896611094475
943	0.08109879493713379
944	0.3677804172039032
945	0.30428239703178406
946	0.365332692861557
947	0.3560509979724884
948	0.2813807725906372
949	0.1692156046628952
950	0.08440786600112915
951	0.01834561489522457
952	0.012443318963050842
953	0.017261220142245293
954	0.01912062242627144
955	0.015920395031571388
956	0.012992680072784424
957	0.01269752997905016
958	0.01580316387116909
959	0.016834789887070656
960	0.014979359693825245
961	0.013541081920266151
962	0.012927335686981678
963	0.015556156635284424
964	0.018622754141688347
965	0.01574617065489292
966	0.01781192235648632
967	0.0160283874720335
968	0.01011949684470892
969	0.016428520902991295
970	0.017956525087356567
971	0.017263416200876236
972	0.01891089789569378
973	0.017812088131904602
974	0.011617347598075867
975	0.012902428396046162
976	0.013922293670475483
977	0.011763895861804485
978	0.01502916868776083
979	0.01225394755601883
980	0.013747629709541798
981	0.011429538019001484
982	0.008515930734574795
983	0.012007494457066059
984	0.009189855307340622
985	0.009728621691465378
986	0.008021182380616665
987	0.010630850680172443
988	0.01031979639083147
989	0.011794611811637878
990	0.008244026452302933
991	0.015462989918887615
992	0.02573411539196968
993	0.007525716908276081
994	0.006606242153793573
995	0.013639966957271099
996	0.010041764006018639
997	0.009587685577571392
998	0.006646599620580673
999	0.009624472819268703
1000	0.01173269934952259
1001	0.010350469499826431
1002	0.00969729758799076
1003	0.010133570991456509
1004	0.010025369003415108
1005	0.012565460987389088
1006	0.012480106204748154
1007	0.012056504376232624
1008	0.012558147311210632
1009	0.017237944528460503
1010	0.020778357982635498
1011	0.0188653152436018
1012	0.01930561475455761
1013	0.017751110717654228
1014	0.017406901344656944
1015	0.02226644568145275
1016	0.01982198655605316
1017	0.019371671602129936
1018	0.025165453553199768
1019	0.01857631467282772
1020	0.019100049510598183
1021	0.019596267491579056
1022	0.031612712889909744
1023	0.020664161071181297
1024	0.01966034807264805
1025	0.019423432648181915
1026	0.018877459689974785
1027	0.018405795097351074
1028	0.014910506084561348
1029	0.01715077832341194
1030	0.016719264909625053
1031	0.023020297288894653
1032	0.013561546802520752
1033	0.015141424722969532
1034	0.021581465378403664
1035	0.01273723691701889
1036	0.01585238240659237
1037	0.018805230036377907
1038	0.017448946833610535
1039	0.014678359031677246
1040	0.014280683360993862
1041	0.01682124100625515
1042	0.014182052575051785
1043	0.02214127779006958
1044	0.015014605596661568
1045	0.018069421872496605
1046	0.019122421741485596
1047	0.020505784079432487
1048	0.021814195439219475
1049	0.0215633362531662
1050	0.024229666218161583
1051	0.021574100479483604
1052	0.023552529513835907
1053	0.021811341866850853
1054	0.0315917432308197
1055	0.023990197107195854
1056	0.019455840811133385
1057	0.01825474202632904
1058	0.016263088211417198
1059	0.020140906795859337
1060	0.019971558824181557
1061	0.015757212415337563
1062	0.013825870119035244
1063	0.01251873280853033
1064	0.01384040992707014
1065	0.012185264378786087
1066	0.010728132911026478
1067	0.01324494183063507
1068	0.012392282485961914
1069	0.012282107956707478
1070	0.012758403085172176
1071	0.015528387390077114
1072	0.015982506796717644
1073	0.020587582141160965
1074	0.01267523504793644
1075	0.014052201993763447
1076	0.02557624690234661
1077	0.25207239389419556
1078	0.7287979125976562
1079	0.2720244824886322
1080	0.26948437094688416
1081	0.10533501952886581
1082	0.07145095616579056
1083	0.10346465557813644
1084	0.28418728709220886
1085	0.2622877061367035
1086	0.28118810057640076
1087	0.17760276794433594
1088	0.4325602948665619
1089	0.5911389589309692
1090	0.5711043477058411
1091	0.6910520195960999
1092	0.7060174345970154
1093	0.8343257904052734
1094	0.7059227824211121
1095	0.6113909482955933
1096	0.5654716491699219
1097	0.2947901785373688
1098	0.17758603394031525
1099	0.04422667622566223
1100	0.041188668459653854
1101	0.253968209028244
1102	0.2028130292892456
1103	0.3748888075351715
1104	0.30609655380249023
1105	0.6523780822753906
1106	0.41755518317222595
1107	0.18185287714004517
1108	0.024919550865888596
1109	0.014393085613846779
1110	0.012700957246124744
1111	0.009575995616614819
1112	0.006712833885103464
1113	0.006579657085239887
1114	0.008253413252532482
1115	0.016861075535416603
1116	0.009800068102777004
1117	0.014584600925445557
1118	0.018469830974936485
1119	0.01221061684191227
1120	0.016449954360723495
1121	0.017292622476816177
1122	0.014329713769257069
1123	0.014498661272227764
1124	0.013245591893792152
1125	0.014734073542058468
1126	0.012122240848839283
1127	0.012868011370301247
1128	0.011924752965569496
1129	0.019230777397751808
1130	0.01607932150363922
1131	0.009046507067978382
1132	0.008766536600887775
1133	0.018186865374445915
1134	0.013594812713563442
1135	0.019152622669935226
1136	0.018455104902386665
1137	0.018486130982637405
1138	0.013981509022414684
1139	0.01531249564141035
1140	0.011296769604086876
1141	0.01279990654438734
1142	0.01339375227689743
1143	0.012225325219333172
1144	0.01463228464126587
1145	0.01299830712378025
1146	0.011796369217336178
1147	0.012597109191119671
1148	0.008693558163940907
1149	0.010026715695858002
1150	0.010945585556328297
1151	0.014513644389808178
1152	0.011177650652825832
1153	0.012542597018182278
1154	0.011004318483173847
1155	0.0072806538082659245
1156	0.007932586595416069
1157	0.008681963197886944
1158	0.006791430991142988
1159	0.00609579449519515
1160	0.005788696929812431
1161	0.008039649575948715
1162	0.006835477892309427
1163	0.007871384732425213
1164	0.007042016368359327
1165	0.005770799703896046
1166	0.0044393958523869514
1167	0.005611138418316841
1168	0.005117099266499281
1169	0.00444455910474062
1170	0.0043455250561237335
1171	0.003067092038691044
1172	0.004135661758482456
1173	0.004505423363298178
1174	0.004241935908794403
1175	0.005788323935121298
1176	0.004335699137300253
1177	0.005480124149471521
1178	0.004398256074637175
1179	0.004388599656522274
1180	0.0027867218013852835
1181	0.005672029685229063
1182	0.0048820022493600845
1183	0.0038852901197969913
1184	0.007081258576363325
1185	0.006022834684699774
1186	0.006204138044267893
1187	0.0057182274758815765
1188	0.008241340517997742
1189	0.006434656213968992
1190	0.00804464053362608
1191	0.004803701303899288
1192	0.0046242051757872105
1193	0.005371277220547199
1194	0.005852125585079193
1195	0.005344569683074951
1196	0.00425377395004034
1197	0.0046819341368973255
1198	0.005093538202345371
1199	0.004963206592947245
1200	0.00431761285290122
1201	0.005870589520782232
1202	0.005560265854001045
1203	0.005156008061021566
1204	0.005130178760737181
1205	0.004236514680087566
1206	0.00475982716307044
1207	0.004591226112097502
1208	0.003853656118735671
1209	0.004939947742968798
1210	0.005466369446367025
1211	0.005242179613560438
1212	0.0038923502434045076
1213	0.004752030596137047
1214	0.004019060637801886
1215	0.005279004108160734
1216	0.0043334043584764
1217	0.004551639314740896
1218	0.00398591673001647
1219	0.0042078010737895966
1220	0.003615404712036252
1221	0.004467269871383905
1222	0.004059604834765196
1223	0.005048684775829315
1224	0.006884414702653885
1225	0.006831101607531309
1226	0.005544782616198063
1227	0.006054419558495283
1228	0.0074125113897025585
1229	0.005776110105216503
1230	0.006989256478846073
1231	0.008072909899055958
1232	0.008145209401845932
1233	0.008987798355519772
1234	0.007171557750552893
1235	0.009235268458724022
1236	0.007209025323390961
1237	0.008590308018028736
1238	0.008693186566233635
1239	0.008418445475399494
1240	0.007422588765621185
1241	0.011175173334777355
1242	0.012751824222505093
1243	0.014679880812764168
1244	0.013343430124223232
1245	0.013776818290352821
1246	0.01598024182021618
1247	0.014643129892647266
1248	0.019356651231646538
1249	0.017071828246116638
1250	0.01929984800517559
1251	0.018032284453511238
1252	0.013093988411128521
1253	0.017368530854582787
1254	0.015365934930741787
1255	0.014493963681161404
1256	0.020135892555117607
1257	0.017554109916090965
1258	0.019301319494843483
1259	0.01604372076690197
1260	0.015988310799002647
1261	0.019578775390982628
1262	0.022425711154937744
1263	0.018113216385245323
1264	0.017077559605240822
1265	0.02202048897743225
1266	0.020384635776281357
1267	0.022740039974451065
1268	0.014475095085799694
1269	0.02089901641011238
1270	0.02190917544066906
1271	0.020963335409760475
1272	0.01567882113158703
1273	0.016149459406733513
1274	0.01806524395942688
1275	0.015379855409264565
1276	0.01770947314798832
1277	0.017204968258738518
1278	0.016433531418442726
1279	0.019735941663384438
1280	0.015474410727620125
1281	0.015194514766335487
1282	0.02191428653895855
1283	0.0193721242249012
1284	0.01639401912689209
1285	0.013262147083878517
1286	0.013409078121185303
1287	0.014348302967846394
1288	0.01311154942959547
1289	0.017085740342736244
1290	0.01503340806812048
1291	0.015631431713700294
1292	0.012739138677716255
1293	0.01453577633947134
1294	0.012346637435257435
1295	0.013981016352772713
1296	0.011307659558951855
1297	0.013780106790363789
1298	0.014015820808708668
1299	0.015092778019607067
1300	0.015014982782304287
1301	0.01537302415817976
1302	0.01520747970789671
1303	0.01609538309276104
1304	0.012041031382977962
1305	0.012212565168738365
1306	0.013585597276687622
1307	0.018148891627788544
1308	0.01245771162211895
1309	0.011830107308924198
1310	0.012527614831924438
1311	0.014610851183533669
1312	0.013253097422420979
1313	0.009489334188401699
1314	0.010436603799462318
1315	0.01373661495745182
1316	0.007813912816345692
1317	0.008454612456262112
1318	0.012108377180993557
1319	0.011993568390607834
1320	0.014264389872550964
1321	0.011811131611466408
1322	0.009031413123011589
1323	0.008026999421417713
1324	0.006664235144853592
1325	0.007035949267446995
1326	0.006002186331897974
1327	0.006306735333055258
1328	0.0058067538775503635
1329	0.007007920183241367
1330	0.004859571345150471
1331	0.0039055251982063055
1332	0.004710937384516001
1333	0.005404572002589703
1334	0.004344569053500891
1335	0.007284846156835556
1336	0.006309221964329481
1337	0.007597637362778187
1338	0.00772258872166276
1339	0.008938373997807503
1340	0.0063195424154400826
1341	0.01229531317949295
1342	0.013184228911995888
1343	0.014992127195000648
1344	0.01441756822168827
1345	0.010251124389469624
1346	0.009589958004653454
1347	0.013305390253663063
1348	0.012351333163678646
1349	0.011464255861938
1350	0.01593961752951145
1351	0.015301278792321682
1352	0.018684087321162224
1353	0.01931530423462391
1354	0.01470735389739275
1355	0.014751392416656017
1356	0.013022159226238728
1357	0.016921838745474815
1358	0.012461568228900433
1359	0.01588795892894268
1360	0.0196340661495924
1361	0.014651546254754066
1362	0.01712878979742527
1363	0.015290307812392712
1364	0.02351495996117592
1365	0.016839945688843727
1366	0.020912304520606995
1367	0.0171330776065588
1368	0.015669653192162514
1369	0.01734997145831585
1370	0.014889019541442394
1371	0.014781427569687366
1372	0.021902665495872498
1373	0.017347661778330803
1374	0.011622055433690548
1375	0.014168158173561096
1376	0.02144705317914486
1377	0.023280074819922447
1378	0.034412916749715805
1379	0.014056935906410217
1380	0.024105940014123917
1381	0.025069260969758034
1382	0.019751299172639847
1383	0.026746857911348343
1384	0.02434270642697811
1385	0.01916489750146866
1386	0.017603730782866478
1387	0.01757618971168995
1388	0.015998948365449905
1389	0.020905911922454834
1390	0.02334078960120678
1391	0.018275707960128784
1392	0.01801798678934574
1393	0.011200543493032455
1394	0.015251348726451397
1395	0.0186772383749485
1396	0.011708020232617855
1397	0.01086842268705368
1398	0.016463199630379677
1399	0.014186493121087551
1400	0.011363188736140728
1401	0.012314679101109505
1402	0.017253801226615906
1403	0.0146792596206069
1404	0.014195144176483154
1405	0.019748469814658165
1406	0.014451473951339722
1407	0.01292170025408268
1408	0.014891325496137142
1409	0.012973511591553688
1410	0.012741148471832275
1411	0.017766717821359634
1412	0.01508815586566925
1413	0.01623585633933544
1414	0.014241637662053108
1415	0.015278703533113003
1416	0.011782637797296047
1417	0.01565035991370678
1418	0.012349510565400124
1419	0.019944626837968826
1420	0.019053857773542404
1421	0.01763462834060192
1422	0.020002659410238266
1423	0.012078969739377499
1424	0.014993974938988686
1425	0.02009156160056591
1426	0.016974588856101036
1427	0.01784895360469818
1428	0.01855449751019478
1429	0.018485834822058678
1430	0.019404318183660507
1431	0.01625758409500122
1432	0.013309496454894543
1433	0.014228944666683674
1434	0.014324518851935863
1435	0.01599009521305561
1436	0.017310161143541336
1437	0.018412074074149132
1438	0.01818428374826908
1439	0.018130753189325333
1440	0.025854403153061867
1441	0.022271230816841125
1442	0.02140643075108528
1443	0.01446730550378561
1444	0.01376617606729269
1445	0.0140199800953269
1446	0.012938866391777992
1447	0.016207227483391762
1448	0.012376069091260433
1449	0.017694978043437004
1450	0.017962636426091194
1451	0.013684960082173347
1452	0.01665366068482399
1453	0.01575358211994171
1454	0.0149629982188344
1455	0.016821905970573425
1456	0.02497198060154915
1457	0.02627323940396309
1458	0.029997050762176514
1459	0.03379321098327637
1460	0.0240571778267622
1461	0.023312589153647423
1462	0.02319205179810524
1463	0.034846704453229904
1464	0.04722979664802551
1465	0.03687828406691551
1466	0.024017324671149254
1467	0.03045978583395481
1468	0.03881765529513359
1469	0.030100271105766296
1470	0.06271961331367493
1471	0.051864802837371826
1472	0.13347040116786957
1473	0.2020026296377182
1474	0.1427783966064453
1475	0.16452251374721527
1476	0.22801104187965393
1477	0.21861302852630615
1478	0.09843385219573975
1479	0.17051973938941956
1480	0.21584658324718475
1481	0.29683390259742737
1482	0.16791878640651703
1483	0.2044415920972824
1484	0.10756192356348038
1485	0.07671894133090973
1486	0.03773590177297592
1487	0.12484532594680786
1488	0.07093949615955353
1489	0.16012707352638245
1490	0.09230972081422806
1491	0.11788833141326904
1492	0.3004635274410248
1493	0.16259625554084778
1494	0.32998722791671753
1495	0.2042769193649292
1496	0.27292969822883606
1497	0.09674741327762604
1498	0.07543864101171494
1499	0.03465038165450096
1500	0.02621222846210003
1501	0.04637977108359337
1502	0.06276154518127441
1503	0.08143117278814316
1504	0.16181324422359467
1505	0.4009380340576172
1506	0.19910715520381927
1507	0.5438730120658875
1508	0.22799019515514374
1509	0.32527080178260803
1510	0.4528670012950897
1511	0.4897576868534088
1512	0.21332772076129913
1513	0.6039516925811768
1514	0.33990564942359924
1515	0.36145052313804626
1516	0.26610541343688965
1517	0.47541171312332153
1518	0.44856348633766174
1519	0.5374513864517212
1520	0.27137044072151184
1521	0.17722982168197632
1522	0.3994004428386688
1523	0.47853729128837585
1524	0.6588838696479797
1525	0.3440825939178467
1526	0.35480615496635437
1527	0.1524547040462494
1528	0.19014663994312286
1529	0.181854709982872
1530	0.025192266330122948
1531	0.04530617594718933
1532	0.023830844089388847
1533	0.02114786021411419
1534	0.019431883469223976
1535	0.016821086406707764
1536	0.015049208886921406
1537	0.01244371198117733
1538	0.02251681685447693
1539	0.05241050943732262
1540	0.030744973570108414
1541	0.07041064649820328
1542	0.053753163665533066
1543	0.3063448369503021
1544	0.30831044912338257
1545	0.1450565904378891
1546	0.06190115213394165
1547	0.017949936911463737
1548	0.01827487349510193
1549	0.019951719790697098
1550	0.014782922342419624
1551	0.017810823395848274
1552	0.015356115996837616
1553	0.03030387870967388
1554	0.0514996163547039
1555	0.10064587742090225
1556	0.13295701146125793
1557	0.40807777643203735
1558	0.31627869606018066
1559	0.24454258382320404
1560	0.03107159212231636
1561	0.016271628439426422
1562	0.010283327661454678
1563	0.024594459682703018
1564	0.10866101086139679
1565	0.14519497752189636
1566	0.0518341064453125
1567	0.02704240195453167
1568	0.02183595672249794
1569	0.01629171334207058
1570	0.016320494934916496
1571	0.01593378745019436
1572	0.012686383910477161
1573	0.016725648194551468
1574	0.015119150280952454
1575	0.018261795863509178
1576	0.04369776323437691
1577	0.1761939376592636
1578	0.40557199716567993
1579	0.2601320147514343
1580	0.5347657203674316
1581	0.16999192535877228
1582	0.07296577841043472
1583	0.38005006313323975
1584	0.19961968064308167
1585	0.1242196187376976
1586	0.17280393838882446
1587	0.49544772505760193
1588	0.5856781601905823
1589	0.6836452484130859
1590	0.8561331033706665
1591	0.5717417001724243
1592	0.1952701061964035
1593	0.3744785785675049
1594	0.5016986727714539
1595	0.2731871008872986
1596	0.3009580075740814
1597	0.23801341652870178
1598	0.21674101054668427
1599	0.09889356791973114
1600	0.21239934861660004
1601	0.5329374670982361
1602	0.48580390214920044
1603	0.7218037843704224
1604	0.3896648585796356
1605	0.5681777000427246
1606	0.4548338055610657
1607	0.6572450399398804
1608	0.5786013603210449
1609	0.5765135884284973
1610	0.315667062997818
1611	0.08222498744726181
1612	0.012095860205590725
1613	0.014605700969696045
1614	0.012064201757311821
1615	0.012056886218488216
1616	0.01401128526777029
1617	0.016273144632577896
1618	0.015898415818810463
1619	0.016326580196619034
1620	0.020290203392505646
1621	0.018399912863969803
1622	0.015227684751152992
1623	0.02195250615477562
1624	0.014849665574729443
1625	0.0096938731148839
1626	0.0075150178745388985
1627	0.007854106836020947
1628	0.01661895029246807
1629	0.013457268476486206
1630	0.011620803736150265
1631	0.010414043441414833
1632	0.008373898454010487
1633	0.0056299171410501
1634	0.005733676254749298
1635	0.0051809619180858135
1636	0.00434025377035141
1637	0.008327148854732513
1638	0.009176802821457386
1639	0.0074043176136910915
1640	0.009540929459035397
1641	0.01579294726252556
1642	0.021530194208025932
1643	0.023060275241732597
1644	0.029260534793138504
1645	0.028383372351527214
1646	0.04110388830304146
1647	0.043238770216703415
1648	0.020130593329668045
1649	0.015451866202056408
1650	0.034135907888412476
1651	0.02295186184346676
1652	0.017338303849101067
1653	0.02778310514986515
1654	0.02409222535789013
1655	0.027762461453676224
1656	0.019807133823633194
1657	0.01636698469519615
1658	0.019019728526473045
1659	0.013200685381889343
1660	0.025555146858096123
1661	0.05146917328238487
1662	0.027353966608643532
1663	0.024553386494517326
1664	0.012906715273857117
1665	0.0162888802587986
1666	0.019920358434319496
1667	0.028931859880685806
1668	0.026921868324279785
1669	0.028479909524321556
1670	0.01992172934114933
1671	0.02260678820312023
1672	0.04871105030179024
1673	0.0288913082331419
1674	0.04192008450627327
1675	0.032268136739730835
1676	0.03321570158004761
1677	0.03165683522820473
1678	0.08674510568380356
1679	0.06705280393362045
1680	0.026890089735388756
1681	0.015911292284727097
1682	0.02773599699139595
1683	0.022997824475169182
1684	0.02269553579390049
1685	0.023338904604315758
1686	0.01650509051978588
1687	0.017071986570954323
1688	0.01292914804071188
1689	0.0164849441498518
1690	0.01502018328756094
1691	0.009395593777298927
1692	0.007004674058407545
1693	0.017030207440257072
1694	0.008134468458592892
1695	0.009135778062045574
1696	0.008577249012887478
1697	0.006799614522606134
1698	0.005325721111148596
1699	0.003996263723820448
1700	0.005080698058009148
1701	0.0070974514819681644
1702	0.008593201637268066
1703	0.006811067461967468
1704	0.00724243838340044
1705	0.00519615737721324
1706	0.00638401135802269
1707	0.0063604265451431274
1708	0.006109513342380524
1709	0.007221176754683256
1710	0.0066446871496737
1711	0.006715119816362858
1712	0.0071125575341284275
1713	0.007909746840596199
1714	0.009446992538869381
1715	0.008760141208767891
1716	0.0067000798881053925
1717	0.0065085263922810555
1718	0.005786202847957611
1719	0.006326552480459213
1720	0.006705121602863073
1721	0.007150379475206137
1722	0.007215109653770924
1723	0.01284259557723999
1724	0.01032395102083683
1725	0.010373519733548164
1726	0.010261252522468567
1727	0.015175717882812023
1728	0.011718899942934513
1729	0.020789509639143944
1730	0.020311733707785606
1731	0.01878451183438301
1732	0.017312053591012955
1733	0.01457243412733078
1734	0.01620994508266449
1735	0.012963789515197277
1736	0.015498533844947815
1737	0.017009643837809563
1738	0.016983870416879654
1739	0.02221756987273693
1740	0.020544951781630516
1741	0.015643781051039696
1742	0.013225287199020386
1743	0.013222827576100826
1744	0.016218528151512146
1745	0.011934633366763592
1746	0.014655414037406445
1747	0.011306697502732277
1748	0.011527206748723984
1749	0.01311840396374464
1750	0.012479952536523342
1751	0.019304513931274414
1752	0.016745973378419876
1753	0.02246296964585781
1754	0.02105577662587166
1755	0.02256910502910614
1756	0.017498347908258438
1757	0.012910285964608192
1758	0.008327578194439411
1759	0.00925753265619278
1760	0.010245543904602528
1761	0.00870506837964058
1762	0.00835201796144247
1763	0.011399665847420692
1764	0.00646393746137619
1765	0.00551226269453764
1766	0.005552669055759907
1767	0.005989776458591223
1768	0.005178548861294985
1769	0.006680001970380545
1770	0.0058893971145153046
1771	0.0062754154205322266
1772	0.005983859300613403
1773	0.00601597735658288
1774	0.00579046830534935
1775	0.004535506945103407
1776	0.0057720220647752285
1777	0.003912838641554117
1778	0.0037713595665991306
1779	0.005639555864036083
1780	0.004445383325219154
1781	0.0035636143293231726
1782	0.005684679839760065
1783	0.006753744091838598
1784	0.005881749093532562
1785	0.006327425595372915
1786	0.007012850139290094
1787	0.004585783928632736
1788	0.005202572327107191
1789	0.005927013233304024
1790	0.005111963488161564
1791	0.00395541125908494
1792	0.003823976730927825
1793	0.005334828048944473
1794	0.0032899428624659777
1795	0.003854804439470172
1796	0.004507386591285467
1797	0.0037192218005657196
1798	0.00486179580911994
1799	0.00442022318020463
1800	0.004163721110671759
1801	0.0047273337841033936
1802	0.004960061516612768
1803	0.004679838661104441
1804	0.005017114337533712
1805	0.00503226462751627
1806	0.005025371443480253
1807	0.006579745095223188
1808	0.007441708352416754
1809	0.008181321434676647
1810	0.00863802433013916
1811	0.007817632518708706
1812	0.008751182816922665
1813	0.008762676268815994
1814	0.005629854276776314
1815	0.007537804078310728
1816	0.005894837435334921
1817	0.0051035331562161446
1818	0.005335576832294464
1819	0.004633734468370676
1820	0.004700453486293554
1821	0.005385683383792639
1822	0.0037565312813967466
1823	0.0045867557637393475
1824	0.005067965481430292
1825	0.005653418600559235
1826	0.006086308509111404
1827	0.005340612027794123
1828	0.007164459675550461
1829	0.008547482080757618
1830	0.006344424095004797
1831	0.006296963430941105
1832	0.004654266871511936
1833	0.006685312371701002
1834	0.00759543851017952
1835	0.004939671140164137
1836	0.004170465748757124
1837	0.008720782585442066
1838	0.004321571439504623
1839	0.003956938628107309
1840	0.0046378555707633495
1841	0.004727253224700689
1842	0.005969230551272631
1843	0.00638411333784461
1844	0.006747119128704071
1845	0.005442583933472633
1846	0.004961788188666105
1847	0.004462838638573885
1848	0.004531451966613531
1849	0.004536538850516081
1850	0.004035451449453831
1851	0.003885038197040558
1852	0.0036343582905828953
1853	0.0035248708445578814
1854	0.0030335828196257353
1855	0.003175889840349555
1856	0.0028194058686494827
1857	0.004458367358893156
1858	0.004003209061920643
1859	0.0051873899064958096
1860	0.0057152691297233105
1861	0.005505283363163471
1862	0.005677344743162394
1863	0.004398447461426258
1864	0.004780685994774103
1865	0.003544611856341362
1866	0.0036208934616297483
1867	0.0035597861278802156
1868	0.004539363086223602
1869	0.004494084510952234
1870	0.003922135103493929
1871	0.0038822763599455357
1872	0.0037826807238161564
1873	0.004255983512848616
1874	0.004967886488884687
1875	0.005342049058526754
1876	0.00631197402253747
1877	0.008256725035607815
1878	0.005742707289755344
1879	0.00840122252702713
1880	0.0063538276590406895
1881	0.007729416247457266
1882	0.008918455801904202
1883	0.009617050178349018
1884	0.011519591324031353
1885	0.009299380704760551
1886	0.006724276579916477
1887	0.006741087418049574
1888	0.008123948238790035
1889	0.006795085966587067
1890	0.008461663499474525
1891	0.01312351506203413
1892	0.010134934447705746
1893	0.008986204862594604
1894	0.014181750826537609
1895	0.012704732827842236
1896	0.01329045183956623
1897	0.009873554110527039
1898	0.012553172186017036
1899	0.010818853043019772
1900	0.012290554121136665
1901	0.013988847844302654
1902	0.00985928438603878
1903	0.01053111907094717
1904	0.009452873840928078
1905	0.009121397510170937
1906	0.00959951151162386
1907	0.010032226331532001
1908	0.01136565487831831
1909	0.010458792559802532
1910	0.014254449866712093
1911	0.018087511882185936
1912	0.01237288024276495
1913	0.018469180911779404
1914	0.015633175149559975
1915	0.0221159216016531
1916	0.017550921067595482
1917	0.021505659446120262
1918	0.017101382836699486
1919	0.0201370008289814
1920	0.0295222457498312
1921	0.023127742111682892
1922	0.022638443857431412
1923	0.021975969895720482
1924	0.014340043067932129
1925	0.023004800081253052
1926	0.020941583439707756
1927	0.024638263508677483
1928	0.021547293290495872
1929	0.02001025155186653
1930	0.019719423726201057
1931	0.023603972047567368
1932	0.01989789865911007
1933	0.02511371485888958
1934	0.02429894730448723
1935	0.01864110864698887
1936	0.0169700775295496
1937	0.019415149465203285
1938	0.01748380996286869
1939	0.021408846601843834
1940	0.01688554510474205
1941	0.01620069518685341
1942	0.018572969362139702
1943	0.020077968016266823
1944	0.015327234752476215
1945	0.017591312527656555
1946	0.01834891550242901
1947	0.017091158777475357
1948	0.017934227362275124
1949	0.015460659749805927
1950	0.01934005133807659
1951	0.020685741677880287
1952	0.021893393248319626
1953	0.020979514345526695
1954	0.01672077737748623
1955	0.018074100837111473
1956	0.01979915425181389
1957	0.018807342275977135
1958	0.016789069399237633
1959	0.014706547372043133
1960	0.01619548536837101
1961	0.01368627231568098
1962	0.014466083608567715
1963	0.014473700895905495
1964	0.015505646355450153
1965	0.015741966664791107
1966	0.014003011398017406
1967	0.012917361222207546
1968	0.013776393607258797
1969	0.014307200908660889
1970	0.017747733741998672
1971	0.015534992329776287
1972	0.024913446977734566
1973	0.016652051359415054
1974	0.015494274906814098
1975	0.015761464834213257
1976	0.015261691994965076
1977	0.01606675796210766
1978	0.01404651254415512
1979	0.016146374866366386
1980	0.015051648020744324
1981	0.017364319413900375
1982	0.020188694819808006
1983	0.017901303246617317
1984	0.016313878819346428
1985	0.013395971618592739
1986	0.009853490628302097
1987	0.009177121333777905
1988	0.007127261254936457
1989	0.008219513110816479
1990	0.005930736195296049
1991	0.005321979988366365
1992	0.004279613960534334
1993	0.0037518907338380814
1994	0.004808148369193077
1995	0.005212630610913038
1996	0.004401308484375477
1997	0.004916303791105747
1998	0.005907299928367138
1999	0.005519398953765631
2000	0.005179145373404026
2001	0.006433067377656698
2002	0.0073343850672245026
2003	0.007953738793730736
2004	0.007517133839428425
2005	0.008667601272463799
2006	0.008976968005299568
2007	0.009609571658074856
2008	0.008629060350358486
2009	0.0075095416978001595
2010	0.007790625095367432
2011	0.010566516779363155
2012	0.008263597264885902
2013	0.008203786797821522
2014	0.009418006055057049
2015	0.011058938689529896
2016	0.014567352831363678
2017	0.014901957474648952
2018	0.020295843482017517
2019	0.020624985918402672
2020	0.021921861916780472
2021	0.0174163356423378
2022	0.02227976731956005
2023	0.020541733130812645
2024	0.01803729310631752
2025	0.01810678280889988
2026	0.017181968316435814
2027	0.012875390239059925
2028	0.014495101757347584
2029	0.013585671782493591
2030	0.016956493258476257
2031	0.01512486394494772
2032	0.020451227203011513
2033	0.024278486147522926
2034	0.028693830594420433
2035	0.024297112599015236
2036	0.023097803816199303
2037	0.028339743614196777
2038	0.031982552260160446
2039	0.029010644182562828
2040	0.02487117610871792
2041	0.02635510079562664
2042	0.026038115844130516
2043	0.023227116093039513
2044	0.019026199355721474
2045	0.02026478759944439
2046	0.027923529967665672
2047	0.023926084861159325
2048	0.02605612389743328
2049	0.01978292129933834
2050	0.02702237479388714
2051	0.023037558421492577
2052	0.02243303880095482
2053	0.015943067148327827
2054	0.017427582293748856
2055	0.018886759877204895
2056	0.018091849982738495
2057	0.021957477554678917
2058	0.02031344547867775
2059	0.016024330630898476
2060	0.017147788777947426
2061	0.017460012808442116
2062	0.020422736182808876
2063	0.015854157507419586
2064	0.019328808411955833
2065	0.020947135984897614
2066	0.01637360267341137
2067	0.02166672609746456
2068	0.019647443667054176
2069	0.020962927490472794
2070	0.019173141568899155
2071	0.018946846947073936
2072	0.01801885850727558
2073	0.01663513295352459
2074	0.019688231870532036
2075	0.021394897252321243
2076	0.021815864369273186
2077	0.021702049300074577
2078	0.020818740129470825
2079	0.021857989951968193
2080	0.03161148726940155
2081	0.02680654637515545
2082	0.019711321219801903
2083	0.02573571167886257
2084	0.017854496836662292
2085	0.017669904977083206
2086	0.02249584160745144
2087	0.019540492445230484
2088	0.022634757682681084
2089	0.023101715371012688
2090	0.018789254128932953
2091	0.01925699971616268
2092	0.018794169649481773
2093	0.01904982328414917
2094	0.023287473246455193
2095	0.018562383949756622
2096	0.02006288804113865
2097	0.021817738190293312
2098	0.023000895977020264
2099	0.019917083904147148
2100	0.01615624874830246
2101	0.02344495616853237
2102	0.025618776679039
2103	0.020656326785683632
2104	0.021129632368683815
2105	0.016788300126791
2106	0.017788460478186607
2107	0.01888388954102993
2108	0.01793982833623886
2109	0.018477309495210648
2110	0.01767132431268692
2111	0.017873674631118774
2112	0.024578699842095375
2113	0.02224099449813366
2114	0.021241137757897377
2115	0.015200624242424965
2116	0.02391774021089077
2117	0.018695473670959473
2118	0.016184767708182335
2119	0.02140471152961254
2120	0.031468916684389114
2121	0.02001611702144146
2122	0.017965102568268776
2123	0.01808585412800312
2124	0.019847849383950233
2125	0.019583119079470634
2126	0.02528861165046692
2127	0.022236645221710205
2128	0.021943075582385063
2129	0.018785590305924416
2130	0.017364105209708214
2131	0.015034119598567486
2132	0.01787715032696724
2133	0.01978418417274952
2134	0.01350026112049818
2135	0.014621689915657043
2136	0.012582138180732727
2137	0.012963850982487202
2138	0.012489939108490944
2139	0.014018780551850796
2140	0.019247813150286674
2141	0.013831818476319313
2142	0.02040736749768257
2143	0.03629998117685318
2144	0.03527059033513069
2145	0.06010950729250908
2146	0.061628974974155426
2147	0.06795519590377808
2148	0.045413922518491745
2149	0.07622401416301727
2150	0.06257873773574829
2151	0.0668351873755455
2152	0.07474736124277115
2153	0.04192246124148369
2154	0.03649120405316353
2155	0.055174339562654495
2156	0.034624796360731125
2157	0.0156730804592371
2158	0.01666370965540409
2159	0.01519323606044054
2160	0.016245637089014053
2161	0.01610082946717739
2162	0.016341036185622215
2163	0.016050538048148155
2164	0.013927786611020565
2165	0.01886146143078804
2166	0.015733908861875534
2167	0.015559114515781403
2168	0.01896709017455578
2169	0.018737543374300003
2170	0.021690107882022858
2171	0.01859276555478573
2172	0.021732298657298088
2173	0.01795974187552929
2174	0.018083563074469566
2175	0.021514853462576866
2176	0.02113952301442623
2177	0.021669989451766014
2178	0.01678798533976078
2179	0.01782074011862278
2180	0.015138453803956509
2181	0.014896062202751637
2182	0.01704402081668377
2183	0.014059165492653847
2184	0.016349976882338524
2185	0.015111210756003857
2186	0.017192257568240166
2187	0.01633361354470253
2188	0.013101847842335701
2189	0.01771458424627781
2190	0.018702760338783264
2191	0.017940210178494453
2192	0.016806496307253838
2193	0.01571459136903286
2194	0.01622369885444641
2195	0.020480139181017876
2196	0.019090896472334862
2197	0.016987182199954987
2198	0.020933710038661957
2199	0.0209395419806242
2200	0.01967707835137844
2201	0.020303407683968544
2202	0.013500637374818325
2203	0.01481077540665865
2204	0.014554752968251705
2205	0.011347395367920399
2206	0.016979340463876724
2207	0.018500328063964844
2208	0.030482415109872818
2209	0.021011603996157646
2210	0.019479824230074883
2211	0.026254672557115555
2212	0.02476750873029232
2213	0.016614757478237152
2214	0.014994579367339611
2215	0.017969785258173943
2216	0.015555796213448048
2217	0.013748730532824993
2218	0.0243257787078619
2219	0.015082091093063354
2220	0.013859763741493225
2221	0.012224323116242886
2222	0.012320737354457378
2223	0.015021607279777527
2224	0.024214057251811028
2225	0.01325775682926178
2226	0.017307547852396965
2227	0.018104230985045433
2228	0.021348202601075172
2229	0.011443691328167915
2230	0.01062043197453022
2231	0.008973421528935432
2232	0.005225725006312132
2233	0.00534067302942276
2234	0.004235990345478058
2235	0.003172211814671755
2236	0.0033800420351326466
2237	0.005279471166431904
2238	0.006631803698837757
2239	0.006886021234095097
2240	0.00742921931669116
2241	0.007770084775984287
2242	0.007754299324005842
2243	0.004597791936248541
2244	0.0038919986691325903
2245	0.0061897458508610725
2246	0.008199132978916168
2247	0.007061468902975321
2248	0.006204610224813223
2249	0.009847382083535194
2250	0.018492789939045906
2251	0.014919029548764229
2252	0.01366810780018568
2253	0.014193427748978138
2254	0.01597689464688301
2255	0.022486699745059013
2256	0.015258257277309895
2257	0.03130972012877464
2258	0.017286861315369606
2259	0.02096386067569256
2260	0.02334359847009182
2261	0.015982553362846375
2262	0.018756164237856865
2263	0.017468636855483055
2264	0.017592210322618484
2265	0.017966512590646744
2266	0.020805412903428078
2267	0.019259747117757797
2268	0.0206153467297554
2269	0.025973720476031303
2270	0.022031353786587715
2271	0.017339009791612625
2272	0.01805383525788784
2273	0.013161069713532925
2274	0.017287900671362877
2275	0.015281531028449535
2276	0.014645715244114399
2277	0.013974602334201336
2278	0.017847219482064247
2279	0.01932533085346222
2280	0.01628919504582882
2281	0.016332311555743217
2282	0.016892651095986366
2283	0.017948953434824944
2284	0.019000329077243805
2285	0.020626652985811234
2286	0.017167789861559868
2287	0.01760144904255867
2288	0.017141418531537056
2289	0.01608581282198429
2290	0.014332505874335766
2291	0.016977347433567047
2292	0.017756856977939606
2293	0.017277980223298073
2294	0.0148715078830719
2295	0.017159918323159218
2296	0.014676771126687527
2297	0.01562481839209795
2298	0.015321274287998676
2299	0.015938853845000267
2300	0.018861141055822372
2301	0.014253555797040462
2302	0.014465604908764362
2303	0.017127569764852524
2304	0.017461532726883888
2305	0.015498779714107513
2306	0.018686870113015175
2307	0.01699349656701088
2308	0.02089310623705387
2309	0.01818438433110714
2310	0.01481753308326006
2311	0.020305482670664787
2312	0.021299032494425774
2313	0.01824110932648182
2314	0.021339301019906998
2315	0.018428731709718704
2316	0.01762274280190468
2317	0.01600857824087143
2318	0.016687115654349327
2319	0.017505010589957237
2320	0.018901793286204338
2321	0.018230414018034935
2322	0.01855555735528469
2323	0.016885502263903618
2324	0.016678711399435997
2325	0.01636596955358982
2326	0.017070112749934196
2327	0.018073514103889465
2328	0.021309660747647285
2329	0.02524161897599697
2330	0.022752467542886734
2331	0.022847160696983337
2332	0.031308989971876144
2333	0.016918225213885307
2334	0.018982136622071266
2335	0.01935667172074318
2336	0.01833820343017578
2337	0.017439328134059906
2338	0.015354469418525696
2339	0.016073575243353844
2340	0.02095351181924343
2341	0.015240902081131935
2342	0.015876302495598793
2343	0.01639883778989315
2344	0.021182795986533165
2345	0.01878996379673481
2346	0.02422541193664074
2347	0.017128314822912216
2348	0.015179882757365704
2349	0.011464301496744156
2350	0.008883376605808735
2351	0.014532766304910183
2352	0.0071412730030715466
2353	0.006706938147544861
2354	0.011722328141331673
2355	0.008677966892719269
2356	0.0148471063002944
2357	0.017419220879673958
2358	0.028504163026809692
2359	0.024449553340673447
2360	0.019054723903536797
2361	0.01787780597805977
2362	0.015031169168651104
2363	0.012024709954857826
2364	0.01306783314794302
2365	0.010186956264078617
2366	0.013744967058300972
2367	0.010628299787640572
2368	0.01348771434277296
2369	0.014990690164268017
2370	0.00861387886106968
2371	0.014874479733407497
2372	0.01095416396856308
2373	0.014866195619106293
2374	0.012252246029675007
2375	0.017144519835710526
2376	0.0047614919021725655
2377	0.007689253427088261
2378	0.010549160651862621
2379	0.016463225707411766
2380	0.010480283759534359
2381	0.008899165317416191
2382	0.017025528475642204
2383	0.018242284655570984
2384	0.02567162550985813
2385	0.017606763169169426
2386	0.015560314059257507
2387	0.01335016917437315
2388	0.009478534571826458
2389	0.010671064257621765
2390	0.013107763603329659
2391	0.010545074008405209
2392	0.007108448538929224
2393	0.006342773325741291
2394	0.0071069709956645966
2395	0.008342604152858257
2396	0.0062922462821006775
2397	0.0055495360866189
2398	0.0060333567671477795
2399	0.004783737938851118
2400	0.0053078713826835155
2401	0.004166541155427694
2402	0.00419271644204855
2403	0.003451330354437232
2404	0.0031365372706204653
2405	0.0038322487380355597
2406	0.003211271483451128
2407	0.0033842313569039106
2408	0.0035355023574084044
2409	0.0032934099435806274
2410	0.003953077830374241
2411	0.004724590573459864
2412	0.004067504312843084
2413	0.003915946930646896
2414	0.0034032438416033983
2415	0.00401626992970705
2416	0.004106657113879919
2417	0.003799875034019351
2418	0.003061323193833232
2419	0.0034650769084692
2420	0.003422320354729891
2421	0.002874813973903656
2422	0.0025669222231954336
2423	0.0038506246637552977
2424	0.00367717701010406
2425	0.004066834691911936
2426	0.004580369684845209
2427	0.0053089456632733345
2428	0.005536576732993126
2429	0.006032654084265232
2430	0.005854845978319645
2431	0.005590677727013826
2432	0.007390857674181461
2433	0.006290928460657597
2434	0.005933601409196854
2435	0.006112275179475546
2436	0.005417793057858944
2437	0.005433776881545782
2438	0.007038542535156012
2439	0.00708905840292573
2440	0.008295213803648949
2441	0.010662101209163666
2442	0.011627386324107647
2443	0.010869953781366348
2444	0.009398977272212505
2445	0.008662402629852295
2446	0.007735078223049641
2447	0.007475075777620077
2448	0.008026047609746456
2449	0.008759680204093456
2450	0.008412136696279049
2451	0.009232405573129654
2452	0.009012219496071339
2453	0.010694150812923908
2454	0.009226466529071331
2455	0.010449421592056751
2456	0.014356926083564758
2457	0.013394961133599281
2458	0.01568170264363289
2459	0.019591858610510826
2460	0.017205860465765
2461	0.0144487414509058
2462	0.013151056133210659
2463	0.016155565157532692
2464	0.01893380843102932
2465	0.01705760322511196
2466	0.015637768432497978
2467	0.013689721003174782
2468	0.010682367719709873
2469	0.013943471014499664
2470	0.013641140423715115
2471	0.013827810063958168
2472	0.014069897122681141
2473	0.014825752936303616
2474	0.015604952350258827
2475	0.012421573512256145
2476	0.015680793672800064
2477	0.01745358482003212
2478	0.014154094271361828
2479	0.013670896179974079
2480	0.013408190570771694
2481	0.010781540535390377
2482	0.015750059857964516
2483	0.014679896645247936
2484	0.012330587022006512
2485	0.010664636269211769
2486	0.014027622528374195
2487	0.011143905110657215
2488	0.011699340306222439
2489	0.011102154850959778
2490	0.011346155777573586
2491	0.011453383602201939
2492	0.013015109114348888
2493	0.014799455180764198
2494	0.013996821828186512
2495	0.013609449379146099
2496	0.01302619744092226
2497	0.013977572321891785
2498	0.014349398203194141
2499	0.013744291849434376
2500	0.012924917042255402
2501	0.016556648537516594
2502	0.012574272230267525
2503	0.011082622222602367
2504	0.017735078930854797
2505	0.4161447584629059
2506	0.566657543182373
2507	0.8195297122001648
2508	0.6590855717658997
2509	0.5920875668525696
2510	0.435452938079834
2511	0.32901668548583984
2512	0.4021129608154297
2513	0.06220410391688347
2514	0.052890826016664505
2515	0.184378981590271
2516	0.10711129009723663
2517	0.02211514674127102
2518	0.010922621004283428
2519	0.06897711008787155
2520	0.23825517296791077
2521	0.638298511505127
2522	0.48134127259254456
2523	0.46109992265701294
2524	0.29583653807640076
2525	0.43468913435935974
2526	0.5131961703300476
2527	0.3855159878730774
2528	0.43437281250953674
2529	0.31292709708213806
2530	0.22009781002998352
2531	0.09485279768705368
2532	0.048016395419836044
2533	0.036742765456438065
2534	0.023820750415325165
2535	0.023478982970118523
2536	0.014793905429542065
2537	0.01537295337766409
2538	0.014075472950935364
2539	0.011346659623086452
2540	0.012630327604711056
2541	0.009906530380249023
2542	0.01400448102504015
2543	0.015918239951133728
2544	0.011237679980695248
2545	0.016541719436645508
2546	0.011119977571070194
2547	0.015297695994377136
2548	0.01358265895396471
2549	0.0145272733643651
2550	0.013162471354007721
2551	0.01717502251267433
2552	0.012748712673783302
2553	0.01704220473766327
2554	0.015194169245660305
2555	0.018687864765524864
2556	0.013352465815842152
2557	0.019488578662276268
2558	0.018220821395516396
2559	0.01753982901573181
2560	0.018295947462320328
2561	0.015120694413781166
2562	0.015293139033019543
2563	0.01437830924987793
2564	0.011824759654700756
2565	0.014928269200026989
2566	0.010769485495984554
2567	0.015245395712554455
2568	0.013080747798085213
2569	0.01118729542940855
2570	0.011924661695957184
2571	0.011813784018158913
2572	0.013976852409541607
2573	0.009530702605843544
2574	0.010123766027390957
2575	0.010087897069752216
2576	0.009960276074707508
2577	0.016311457380652428
2578	0.01005577016621828
2579	0.008813850581645966
2580	0.008487166836857796
2581	0.009169804863631725
2582	0.010054810903966427
2583	0.012143440544605255
2584	0.013027988374233246
2585	0.019617317244410515
2586	0.016747212037444115
2587	0.02123289369046688
2588	0.017604729160666466
2589	0.02564682438969612
2590	0.022390183061361313
2591	0.022110579535365105
2592	0.02409633807837963
2593	0.01900629699230194
2594	0.012072760611772537
2595	0.006488098297268152
2596	0.009280404075980186
2597	0.005460794549435377
2598	0.006250317674130201
2599	0.014896814711391926
2600	0.011495671235024929
2601	0.014541528187692165
2602	0.011347556486725807
2603	0.011047380976378918
2604	0.012166460044682026
2605	0.014214018359780312
2606	0.014989239163696766
2607	0.010985438711941242
2608	0.01313155796378851
2609	0.013632737100124359
2610	0.009674057364463806
2611	0.00917477160692215
2612	0.010757793672382832
2613	0.011615882627665997
2614	0.012214121408760548
2615	0.019376451149582863
2616	0.015570803545415401
2617	0.017826871946454048
2618	0.019430216401815414
2619	0.017549589276313782
2620	0.02066328004002571
2621	0.020951760932803154
2622	0.026583313941955566
2623	0.0285752322524786
2624	0.042148202657699585
2625	0.06868168711662292
2626	0.07711581885814667
2627	0.08487792313098907
2628	0.10540677607059479
2629	0.13639302551746368
2630	0.2049161195755005
2631	0.2652515470981598
2632	0.1511439085006714
2633	0.18240803480148315
2634	0.09417640417814255
2635	0.2753544747829437
2636	0.2648916244506836
2637	0.516455352306366
2638	0.22256112098693848
2639	0.26727986335754395
2640	0.20631738007068634
2641	0.23425956070423126
2642	0.21899762749671936
2643	0.4673495292663574
2644	0.45728763937950134
2645	0.5447595715522766
2646	0.5694403648376465
2647	0.7150697708129883
2648	0.7224976420402527
2649	0.760199248790741
2650	0.6881123185157776
2651	0.6894157528877258
2652	0.583440899848938
2653	0.7553881406784058
2654	0.7548414468765259
2655	0.7751596570014954
2656	0.779080331325531
2657	0.7604591250419617
2658	0.4846617877483368
2659	0.5432964563369751
2660	0.3763996362686157
2661	0.6462351679801941
2662	0.8598461151123047
2663	0.8496829867362976
2664	0.5351292490959167
2665	0.5876877903938293
2666	0.4626850187778473
2667	0.05953957512974739
2668	0.08203959465026855
2669	0.2881368100643158
2670	0.09022622555494308
2671	0.21872468292713165
2672	0.11933685839176178
2673	0.1423349231481552
2674	0.021835606545209885
2675	0.01561720110476017
2676	0.00898075569421053
2677	0.011140801012516022
2678	0.01032357569783926
2679	0.011334150098264217
2680	0.012369475327432156
2681	0.00888865627348423
2682	0.3691243827342987
2683	0.7416455149650574
2684	0.6945453882217407
2685	0.7602912187576294
2686	0.813707172870636
2687	0.8078590631484985
2688	0.5860845446586609
2689	0.31702157855033875
2690	0.11047317087650299
2691	0.3680427074432373
2692	0.332089900970459
2693	0.3719925880432129
2694	0.16491304337978363
2695	0.45669180154800415
2696	0.31850847601890564
2697	0.5826007723808289
2698	0.7473623156547546
2699	0.5998549461364746
2700	0.6543907523155212
2701	0.4461868703365326
2702	0.06791775673627853
2703	0.015366295352578163
2704	0.014001435600221157
2705	0.12382860481739044
2706	0.05904663726687431
2707	0.023491274565458298
2708	0.016939237713813782
2709	0.015887072309851646
2710	0.01227643620222807
2711	0.012866419740021229
2712	0.013377505354583263
2713	0.014508766122162342
2714	0.01306818425655365
2715	0.01276763528585434
2716	0.011709539219737053
2717	0.01600690744817257
2718	0.01396614033728838
2719	0.014681331813335419
2720	0.016496965661644936
2721	0.00861282553523779
2722	0.011100332252681255
2723	0.008271574974060059
2724	0.007857645861804485
2725	0.00698442617431283
2726	0.006490760948508978
2727	0.007110717240720987
2728	0.007384988944977522
2729	0.012325267307460308
2730	0.008455370552837849
2731	0.010501895099878311
2732	0.010483323596417904
2733	0.012518331408500671
2734	0.010371827520430088
2735	0.009103894233703613
2736	0.010740354657173157
2737	0.006071625743061304
2738	0.007124071009457111
2739	0.005129252560436726
2740	0.004939209204167128
2741	0.005279817618429661
2742	0.0065540894865989685
2743	0.006817464716732502
2744	0.006364877801388502
2745	0.008006979711353779
2746	0.006234142929315567
2747	0.006383161526173353
2748	0.006815064232796431
2749	0.006635046098381281
2750	0.008408509194850922
2751	0.007522957865148783
2752	0.00620171008631587
2753	0.007474766578525305
2754	0.008388996124267578
2755	0.007751649711281061
2756	0.007174194790422916
2757	0.010605491697788239
2758	0.010997611097991467
2759	0.012967265211045742
2760	0.009915055707097054
2761	0.013053297065198421
2762	0.013560316525399685
2763	0.018042612820863724
2764	0.005552749149501324
2765	0.007961305789649487
2766	0.008165359497070312
2767	0.008582442998886108
2768	0.006632247474044561
2769	0.008435726165771484
2770	0.007436827756464481
2771	0.008790303952991962
2772	0.005655068904161453
2773	0.006637916900217533
2774	0.005927326623350382
2775	0.005787321832031012
2776	0.005325636360794306
2777	0.005302268546074629
2778	0.0070769875310361385
2779	0.011434930376708508
2780	0.010737255215644836
2781	0.009889855980873108
2782	0.008602725341916084
2783	0.00988443847745657
2784	0.007637168746441603
2785	0.009057474322617054
2786	0.010362527333199978
2787	0.007500433828681707
2788	0.0073133292607963085
2789	0.007544423919171095
2790	0.006341718137264252
2791	0.006720618810504675
2792	0.007965059950947762
2793	0.006601163651794195
2794	0.007861228659749031
2795	0.008762497454881668
2796	0.006399252917617559
2797	0.005471382290124893
2798	0.00670694699510932
2799	0.00680956244468689
2800	0.005415113177150488
2801	0.005730478558689356
2802	0.005216967314481735
2803	0.0046379840932786465
2804	0.0053146774880588055
2805	0.004234869033098221
2806	0.003733636112883687
2807	0.004646074026823044
2808	0.0052920072339475155
2809	0.0066000232473015785
2810	0.005797083023935556
2811	0.005786120891571045
2812	0.005730784963816404
2813	0.003856354160234332
2814	0.003816050011664629
2815	0.004140329547226429
2816	0.004385657608509064
2817	0.005292838905006647
2818	0.006565888412296772
2819	0.006693459581583738
2820	0.006222831550985575
2821	0.005631593521684408
2822	0.007235850673168898
2823	0.006648709531873465
2824	0.0066497111693024635
2825	0.008326509967446327
2826	0.008297325111925602
2827	0.011225122027099133
2828	0.011558455415070057
2829	0.012094265781342983
2830	0.009193656966090202
2831	0.014635642059147358
2832	0.016020094975829124
2833	0.016019752249121666
2834	0.011383204720914364
2835	0.015801532194018364
2836	0.012962544336915016
2837	0.0113495709374547
2838	0.01546382624655962
2839	0.011448374949395657
2840	0.016358694061636925
2841	0.013798204250633717
2842	0.014089465141296387
2843	0.017236052080988884
2844	0.021680286154150963
2845	0.023281050845980644
2846	0.01758548989892006
2847	0.020724287256598473
2848	0.02149336040019989
2849	0.016714289784431458
2850	0.014588979072868824
2851	0.013734403066337109
2852	0.016482055187225342
2853	0.015464884229004383
2854	0.019167760387063026
2855	0.021080970764160156
2856	0.013906317763030529
2857	0.013974434696137905
2858	0.016476452350616455
2859	0.017028676345944405
2860	0.011404859833419323
2861	0.016405319795012474
2862	0.014826600439846516
2863	0.015900883823633194
2864	0.020063437521457672
2865	0.03704902157187462
2866	0.05813511833548546
2867	0.04504735395312309
2868	0.036377087235450745
2869	0.03861583024263382
2870	0.07386064529418945
2871	0.057157643139362335
2872	0.028210986405611038
2873	0.01851997710764408
2874	0.01662832498550415
2875	0.017907118424773216
2876	0.017052486538887024
2877	0.019963381811976433
2878	0.017274804413318634
2879	0.018441949039697647
2880	0.019504865631461143
2881	0.024612708017230034
2882	0.02361053042113781
2883	0.035631801933050156
2884	0.07087960094213486
2885	0.13254044950008392
2886	0.14188186824321747
2887	0.1568344682455063
2888	0.07901542633771896
2889	0.08067264407873154
2890	0.02357311174273491
2891	0.016246100887656212
2892	0.015757501125335693
2893	0.01583484560251236
2894	0.01870322972536087
2895	0.01546933688223362
2896	0.013852283358573914
2897	0.019328907132148743
2898	0.01263670064508915
2899	0.018815038725733757
2900	0.017862802371382713
2901	0.01626983843743801
2902	0.025065094232559204
2903	0.0996994748711586
2904	0.09910411387681961
2905	0.14818058907985687
2906	0.22871676087379456
2907	0.24797236919403076
2908	0.12744779884815216
2909	0.19281749427318573
2910	0.2090965062379837
2911	0.1839161366224289
2912	0.18387091159820557
2913	0.24849359691143036
2914	0.28111016750335693
2915	0.47806516289711
2916	0.30581745505332947
2917	0.16329425573349
2918	0.2718212306499481
2919	0.29409483075141907
2920	0.16525153815746307
2921	0.3144710063934326
2922	0.340214341878891
2923	0.5011860728263855
2924	0.5117102265357971
2925	0.4389040172100067
2926	0.20967192947864532
2927	0.27790799736976624
2928	0.22600214183330536
2929	0.06300770491361618
2930	0.06456238031387329
2931	0.04539787396788597
2932	0.08022715896368027
2933	0.04527920112013817
2934	0.050802189856767654
2935	0.038900282233953476
2936	0.03573182597756386
2937	0.03204549103975296
2938	0.027566784992814064
2939	0.02228800766170025
2940	0.02160879783332348
2941	0.025608403608202934
2942	0.021307988092303276
2943	0.022667977958917618
2944	0.025977129116654396
2945	0.02358858287334442
2946	0.021370017901062965
2947	0.020904136821627617
2948	0.018442366272211075
2949	0.016981378197669983
2950	0.018818188458681107
2951	0.01825079321861267
2952	0.017226163297891617
2953	0.02031412534415722
2954	0.0274994857609272
2955	0.06330713629722595
2956	0.0366516076028347
2957	0.022470874711871147
2958	0.039651114493608475
2959	0.057658493518829346
2960	0.0339796245098114
2961	0.03422597050666809
2962	0.01805478148162365
2963	0.01113176066428423
2964	0.02512527070939541
2965	0.04154229536652565
2966	0.015893911942839622
2967	0.014863771386444569
2968	0.0121160838752985
2969	0.016073843464255333
