frame	prob
0	0.0040298872627317905
1	0.004056350793689489
2	0.005351540166884661
3	0.004265695344656706
4	0.00493955472484231
5	0.005507113877683878
6	0.004819943569600582
7	0.004990171175450087
8	0.0059385416097939014
9	0.006029822863638401
10	0.005240482743829489
11	0.004821285605430603
12	0.004647351801395416
13	0.005662640556693077
14	0.006599169224500656
15	0.006687286775559187
16	0.007062979973852634
17	0.006297641899436712
18	0.007464573718607426
19	0.00555553799495101
20	0.005547770764678717
21	0.0057838428765535355
22	0.005284513812512159
23	0.00636392692103982
24	0.00593502027913928
25	0.008762170560657978
26	0.010205697268247604
27	0.007547511253505945
28	0.007976420223712921
29	0.007626950740814209
30	0.007517197635024786
31	0.008060223422944546
32	0.007546847220510244
33	0.008482358418405056
34	0.007031798362731934
35	0.00916281994432211
36	0.008319194428622723
37	0.013124181888997555
38	0.01755010150372982
39	0.015431738458573818
40	0.018237216398119926
41	0.030972827225923538
42	0.02888292632997036
43	0.04338559880852699
44	0.05020299181342125
45	0.042852193117141724
46	0.04434584453701973
47	0.09476345777511597
48	0.08308351039886475
49	0.056485842913389206
50	0.11035044491291046
51	0.06391388177871704
52	0.2093791961669922
53	0.1581106334924698
54	0.22356180846691132
55	0.18965701758861542
56	0.2227529138326645
57	0.21001417934894562
58	0.33540526032447815
59	0.45517387986183167
60	0.4574127197265625
61	0.455520361661911
62	0.36027011275291443
63	0.49199819564819336
64	0.5038728713989258
65	0.5342472791671753
66	0.5982896685600281
67	0.6318310499191284
68	0.48132333159446716
69	0.5649837255477905
70	0.4235904812812805
71	0.6553813219070435
72	0.7813370823860168
73	0.8561965227127075
74	0.9183414578437805
75	0.8711660504341125
76	0.8515257239341736
77	0.7963925004005432
78	0.8367176055908203
79	0.8470695614814758
80	0.928870677947998
81	0.8792377710342407
82	0.8342525362968445
83	0.6755780577659607
84	0.6783552765846252
85	0.7351613640785217
86	0.6441504955291748
87	0.7244495749473572
88	0.7758488059043884
89	0.8680965304374695
90	0.9196065068244934
91	0.9466372728347778
92	0.9294789433479309
93	0.9057093858718872
94	0.8955159187316895
95	0.9532859921455383
96	0.8506292700767517
97	0.8759979605674744
98	0.7528461217880249
99	0.7086279392242432
100	0.49789318442344666
101	0.7412528395652771
102	0.8057292103767395
103	0.8740242123603821
104	0.8480932116508484
105	0.8696545958518982
106	0.9197834134101868
107	0.888098418712616
108	0.8394423723220825
109	0.8762800097465515
110	0.8450661897659302
111	0.843879222869873
112	0.6516664624214172
113	0.8205685019493103
114	0.8018191456794739
115	0.8646780848503113
116	0.6864154934883118
117	0.5033432841300964
118	0.2934393584728241
119	0.7454769015312195
120	0.50966477394104
121	0.73472660779953
122	0.5655677914619446
123	0.7249428629875183
124	0.6523337364196777
125	0.7098986506462097
126	0.6984386444091797
127	0.6654096245765686
128	0.7135629057884216
129	0.7512273788452148
130	0.5363073348999023
131	0.8145594596862793
132	0.7069994211196899
133	0.7559811472892761
134	0.6543273329734802
135	0.5269677042961121
136	0.2651683986186981
137	0.3426820933818817
138	0.5832266211509705
139	0.6799375414848328
140	0.5425633788108826
141	0.6757904291152954
142	0.677858293056488
143	0.6677860617637634
144	0.5778414607048035
145	0.7662497162818909
146	0.6258065104484558
147	0.6248013377189636
148	0.3143458962440491
149	0.5115246176719666
150	0.8391019701957703
151	0.7424060702323914
152	0.7633517384529114
153	0.8404739499092102
154	0.6135340929031372
155	0.6878251433372498
156	0.5340986251831055
157	0.6302987933158875
158	0.5967738032341003
159	0.6797249913215637
160	0.4210939109325409
161	0.7844001650810242
162	0.5896661281585693
163	0.7713683247566223
164	0.5213062167167664
165	0.8721593022346497
166	0.7132537961006165
167	0.7984631657600403
168	0.5882142782211304
169	0.4637179970741272
170	0.3629979193210602
171	0.4008947014808655
172	0.15971289575099945
173	0.037203043699264526
174	0.01206124760210514
175	0.014740451239049435
176	0.011821604333817959
177	0.010594530962407589
178	0.01125654112547636
179	0.012150367721915245
180	0.010974778793752193
181	0.009785790927708149
182	0.011961346492171288
183	0.013644996099174023
184	0.01215637382119894
185	0.011127696372568607
186	0.011511138640344143
187	0.011440478265285492
188	0.012601303867995739
189	0.015982015058398247
190	0.012555192224681377
191	0.015654804185032845
192	0.013659722171723843
193	0.008905574679374695
194	0.012018241919577122
195	0.010604842565953732
196	0.009549896232783794
197	0.014174863696098328
198	0.01590101793408394
199	0.014352944679558277
200	0.020812461152672768
201	0.011008179746568203
202	0.010521440766751766
203	0.012238184921443462
204	0.007568073458969593
205	0.00993432942777872
206	0.019513681530952454
207	0.015968944877386093
208	0.01004860270768404
209	0.008574136532843113
210	0.010020974092185497
211	0.008028160780668259
212	0.006378366146236658
213	0.008913739584386349
214	0.007375778164714575
215	0.006885189097374678
216	0.005877447780221701
217	0.007608161307871342
218	0.007044685073196888
219	0.006722119636833668
220	0.00668960390612483
221	0.005593250039964914
222	0.006528541445732117
223	0.007749924901872873
224	0.0076600611209869385
225	0.0066854506731033325
226	0.007172056939452887
227	0.008626339957118034
228	0.006489896681159735
229	0.007670810911804438
230	0.0059089260175824165
231	0.008077654056251049
232	0.0065626115538179874
233	0.005659289192408323
234	0.005595627706497908
235	0.005779228638857603
236	0.006296828389167786
237	0.006574221886694431
238	0.007395579945296049
239	0.005728718359023333
240	0.005788472946733236
241	0.006047175265848637
242	0.005362614057958126
243	0.007704607676714659
244	0.007507372181862593
245	0.009930233471095562
246	0.008446498773992062
247	0.00909364502876997
248	0.008709782734513283
249	0.01065363921225071
250	0.010576642118394375
251	0.014032954350113869
252	0.012241239659488201
253	0.012317273765802383
254	0.019557680934667587
255	0.015816520899534225
256	0.017852013930678368
257	0.029351407662034035
258	0.0415964312851429
259	0.03175496682524681
260	0.04599339887499809
261	0.04096241667866707
262	0.016808098182082176
263	0.01570091024041176
264	0.01823079027235508
265	0.024862540885806084
266	0.02391965687274933
267	0.02945876494050026
268	0.022781196981668472
269	0.062010157853364944
270	0.03544802591204643
271	0.05354464799165726
272	0.05054774507880211
273	0.05398508533835411
274	0.05376638099551201
275	0.2931012809276581
276	0.32813912630081177
277	0.6201180815696716
278	0.3364790081977844
279	0.5714033246040344
280	0.47592267394065857
281	0.5656449198722839
282	0.32815098762512207
283	0.1588706523180008
284	0.038701917976140976
285	0.03450631722807884
286	0.06041673943400383
287	0.03238309174776077
288	0.033190853893756866
289	0.017374178394675255
290	0.01485596876591444
291	0.017669914290308952
292	0.027422381564974785
293	0.028118282556533813
294	0.08030524104833603
295	0.21154098212718964
296	0.28762486577033997
297	0.157258540391922
298	0.28450092673301697
299	0.5564551949501038
300	0.24839210510253906
301	0.25114813446998596
302	0.34142667055130005
303	0.5121214389801025
304	0.40878984332084656
305	0.5084988474845886
306	0.7343686819076538
307	0.701147735118866
308	0.4889736771583557
309	0.5118730664253235
310	0.2871495187282562
311	0.2938497066497803
312	0.2633586823940277
313	0.4063800871372223
314	0.4293363690376282
315	0.5965085029602051
316	0.8021686673164368
317	0.7835608124732971
318	0.6789373159408569
319	0.7212982177734375
320	0.36768531799316406
321	0.5136609077453613
322	0.42948204278945923
323	0.5087500810623169
324	0.4221743047237396
325	0.3645395338535309
326	0.22600796818733215
327	0.18405012786388397
328	0.13645458221435547
329	0.11296582221984863
330	0.15724878013134003
331	0.14299611747264862
332	0.0698401927947998
333	0.2785134017467499
334	0.4359137713909149
335	0.6031457781791687
336	0.4263129234313965
337	0.3248860538005829
338	0.4782540798187256
339	0.38297390937805176
340	0.39242804050445557
341	0.4410845935344696
342	0.31162723898887634
343	0.5294839143753052
344	0.47174978256225586
345	0.5876350998878479
346	0.5834863781929016
347	0.7689754366874695
348	0.7532283663749695
349	0.8881441354751587
350	0.9161435961723328
351	0.9654202461242676
352	0.8985580801963806
353	0.5527603030204773
354	0.6086902022361755
355	0.581583559513092
356	0.7379449009895325
357	0.47434958815574646
358	0.3016786277294159
359	0.19366900622844696
360	0.4147528111934662
361	0.36812588572502136
362	0.6556774973869324
363	0.6445903778076172
364	0.7474276423454285
365	0.874382495880127
366	0.8063189387321472
367	0.8959288001060486
368	0.9229772686958313
369	0.8767642974853516
370	0.9438209533691406
371	0.9086033701896667
372	0.9108003973960876
373	0.7751069068908691
374	0.8698517084121704
375	0.8108294606208801
376	0.8326089978218079
377	0.911709725856781
378	0.9226792454719543
379	0.9053117632865906
380	0.9145950675010681
381	0.8420484662055969
382	0.89031583070755
383	0.9562732577323914
384	0.9617972373962402
385	0.9484060406684875
386	0.9641076922416687
387	0.9741271138191223
388	0.9454419016838074
389	0.9630729556083679
390	0.9479030966758728
391	0.9369817972183228
392	0.8311895728111267
393	0.8959816098213196
394	0.8034613728523254
395	0.8538042902946472
396	0.8417831659317017
397	0.8888266682624817
398	0.925374448299408
399	0.9193630218505859
400	0.921825110912323
401	0.9056853652000427
402	0.9251610636711121
403	0.9003903269767761
404	0.9163578152656555
405	0.9351717233657837
406	0.7967067956924438
407	0.8341876268386841
408	0.8951436877250671
409	0.9677526354789734
410	0.9766892790794373
411	0.9581518173217773
412	0.9432056546211243
413	0.9177829623222351
414	0.8852978944778442
415	0.9736458659172058
416	0.9646076560020447
417	0.9749824404716492
418	0.8878392577171326
419	0.9520401954650879
420	0.9198277592658997
421	0.9068527221679688
422	0.8859926462173462
423	0.8485924005508423
424	0.5917041897773743
425	0.07731099426746368
426	0.027393311262130737
427	0.19203026592731476
428	0.9048686027526855
429	0.916020393371582
430	0.9790051579475403
431	0.9779384732246399
432	0.9897388815879822
433	0.97051602602005
434	0.9881270527839661
435	0.9717178344726562
436	0.956748902797699
437	0.9244718551635742
438	0.9178398251533508
439	0.9375767111778259
440	0.8862743377685547
441	0.9574163556098938
442	0.981839656829834
443	0.9184476137161255
444	0.9169122576713562
445	0.9705061316490173
446	0.9645490050315857
447	0.9266133308410645
448	0.921222984790802
449	0.8954883813858032
450	0.9422602653503418
451	0.936842143535614
452	0.8381797671318054
453	0.9534643292427063
454	0.9253705143928528
455	0.8682191967964172
456	0.8689514398574829
457	0.9649763107299805
458	0.8866953253746033
459	0.972676694393158
460	0.8968765139579773
461	0.942068874835968
462	0.9504761099815369
463	0.9361678957939148
464	0.9270523190498352
465	0.9140041470527649
466	0.9287282228469849
467	0.7874917387962341
468	0.7763956189155579
469	0.8946208953857422
470	0.9476267099380493
471	0.9417948126792908
472	0.8639613389968872
473	0.9543445706367493
474	0.9173523783683777
475	0.9043659567832947
476	0.9147969484329224
477	0.9055215120315552
478	0.8578720092773438
479	0.9239126443862915
480	0.897901713848114
481	0.8760710954666138
482	0.8841988444328308
483	0.8429906964302063
484	0.8177308440208435
485	0.8838135004043579
486	0.8901735544204712
487	0.9168079495429993
488	0.9115130305290222
489	0.9373614192008972
490	0.9557781219482422
491	0.9647641181945801
492	0.94349205493927
493	0.9550626873970032
494	0.924916684627533
495	0.8984825015068054
496	0.8649173974990845
497	0.9254269003868103
498	0.8035383224487305
499	0.9221658706665039
500	0.8489456176757812
501	0.7630792856216431
502	0.7354407906532288
503	0.7986070513725281
504	0.8194241523742676
505	0.8501318097114563
506	0.8962435722351074
507	0.9379553198814392
508	0.8834882974624634
509	0.8719282150268555
510	0.9408597946166992
511	0.9689775705337524
512	0.9392000436782837
513	0.9492481350898743
514	0.9525175094604492
515	0.9287716150283813
516	0.8614007830619812
517	0.9202914237976074
518	0.8958315849304199
519	0.9471597075462341
520	0.7882888913154602
521	0.9043857455253601
522	0.8812273144721985
523	0.8897557258605957
524	0.9120673537254333
525	0.9224156737327576
526	0.814153790473938
527	0.8798460960388184
528	0.8107447028160095
529	0.8496451377868652
530	0.9081935882568359
531	0.9042779207229614
532	0.7086725234985352
533	0.7417648434638977
534	0.9228507876396179
535	0.9308778047561646
536	0.837110698223114
537	0.8262900710105896
538	0.5852512121200562
539	0.6220704913139343
540	0.57982337474823
541	0.8826799392700195
542	0.861278235912323
543	0.8546965718269348
544	0.9135282635688782
545	0.8710419535636902
546	0.8475534319877625
547	0.8911299109458923
548	0.8415412902832031
549	0.0076558589935302734
550	0.010747692547738552
551	0.00826269295066595
552	0.009117095731198788
553	0.00871554296463728
554	0.010509918443858624
555	0.013645983301103115
556	0.013065415434539318
557	0.014836235903203487
558	0.012617177329957485
559	0.015207347460091114
560	0.010505728423595428
561	0.013112353160977364
562	0.013937431387603283
563	0.016646377742290497
564	0.01268321555107832
565	0.013403035700321198
566	0.0150960898026824
567	0.012671642005443573
568	0.01579822599887848
569	0.012903752736747265
570	0.013995826244354248
571	0.01679457165300846
572	0.019013406708836555
573	0.016018006950616837
574	0.01694238930940628
575	0.014639449305832386
576	0.02388933300971985
577	0.02735883928835392
578	0.02068195305764675
579	0.01416867971420288
580	0.014789322391152382
581	0.022916464135050774
582	0.05708065256476402
583	0.02683478593826294
584	0.047015417367219925
585	0.019850116223096848
586	0.017312075942754745
587	0.03458843752741814
588	0.03782261535525322
589	0.02213163673877716
590	0.028113940730690956
591	0.017548052594065666
592	0.012178214266896248
593	0.011331306770443916
594	0.011305867694318295
595	0.011584268882870674
596	0.008695113472640514
597	0.006327297538518906
598	0.0070087662898004055
599	0.010924959555268288
600	0.010761871933937073
601	0.008936340920627117
602	0.00809505395591259
603	0.006760094314813614
604	0.012877486646175385
605	0.013635033741593361
606	0.007886003702878952
607	0.01008770801126957
608	0.010328265838325024
609	0.008140725083649158
610	0.006711254362016916
611	0.007314731366932392
612	0.00531500531360507
613	0.005233961623162031
614	0.003910427447408438
615	0.0041884505189955235
616	0.004391289781779051
617	0.0062314714305102825
618	0.006208701990544796
619	0.005584597587585449
620	0.007572108414024115
621	0.011151313781738281
622	0.007183980196714401
623	0.0067590028047561646
624	0.007573782000690699
625	0.010661526583135128
626	0.013762158341705799
627	0.0173934455960989
628	0.011780607514083385
629	0.011992854997515678
630	0.009368227794766426
631	0.012890092097222805
632	0.009996679611504078
633	0.011204387061297894
634	0.03897793963551521
635	0.04436900094151497
636	0.047821760177612305
637	0.1348017305135727
638	0.06653426587581635
639	0.018851205706596375
640	0.016428491100668907
641	0.011116111651062965
642	0.010339177213609219
643	0.010919960215687752
644	0.012619412504136562
645	0.008335116319358349
646	0.007361953146755695
647	0.009727404452860355
648	0.007741600275039673
649	0.01396653987467289
650	0.011124459095299244
651	0.00930166244506836
652	0.006858173292130232
653	0.00797299388796091
654	0.010702869854867458
655	0.008425290696322918
656	0.009106291458010674
657	0.011069473810493946
658	0.011319095268845558
659	0.008746244944632053
660	0.008792052045464516
661	0.007869811728596687
662	0.008654220961034298
663	0.009561610408127308
664	0.00974808819591999
665	0.013156743720173836
666	0.013536217622458935
667	0.011826733127236366
668	0.009625685401260853
669	0.008844598196446896
670	0.0079558240249753
671	0.006227325182408094
672	0.006424427032470703
673	0.00580389192327857
674	0.0062755378894507885
675	0.00673476979136467
676	0.006549719255417585
677	0.011355682276189327
678	0.0067620486952364445
679	0.007810823153704405
680	0.006993930786848068
681	0.006319273263216019
682	0.006703182589262724
683	0.007711936719715595
684	0.009324329905211926
685	0.007667364086955786
686	0.007005154620856047
687	0.008688672445714474
688	0.0063189975917339325
689	0.007321520242840052
690	0.006548562552779913
691	0.007345657795667648
692	0.00669728172942996
693	0.007816550321877003
694	0.00823818426579237
695	0.007156066596508026
696	0.009469685144722462
697	0.007751994766294956
698	0.007075226400047541
699	0.00837062206119299
700	0.0055652945302426815
701	0.004740006756037474
702	0.007816520519554615
703	0.009476527571678162
704	0.007562169339507818
705	0.007440077606588602
706	0.005825607571750879
707	0.007170607335865498
708	0.006204080767929554
709	0.007054205518215895
710	0.007260860409587622
711	0.006407095585018396
712	0.007189424242824316
713	0.007808156311511993
714	0.007415771018713713
715	0.005263466387987137
716	0.005693707149475813
717	0.007522077765315771
718	0.006164909340441227
719	0.00703749293461442
720	0.005282197147607803
721	0.006450145971029997
722	0.006778237409889698
723	0.008136512711644173
724	0.006324992515146732
725	0.006595686078071594
726	0.006440076977014542
727	0.006590758450329304
728	0.006079158745706081
729	0.005370048340409994
730	0.0052718124352395535
731	0.005412748083472252
732	0.005527309607714415
733	0.0058411187492311
734	0.005893893074244261
735	0.005350573919713497
736	0.005325984209775925
737	0.004494575317949057
738	0.0066736615262925625
739	0.006073998752981424
740	0.006739407777786255
741	0.005529634188860655
742	0.0061845020391047
743	0.006221508141607046
744	0.005645443219691515
745	0.005992484278976917
746	0.00596632668748498
747	0.006116372998803854
748	0.005876037757843733
749	0.0054869200102984905
750	0.007194277830421925
751	0.008899430744349957
752	0.007956481538712978
753	0.0067075276747345924
754	0.007961548864841461
755	0.008268575184047222
756	0.008547318167984486
757	0.00809489469975233
758	0.007898530922830105
759	0.007522617466747761
760	0.008089100010693073
761	0.009701080620288849
762	0.008123699575662613
763	0.00908663123846054
764	0.008390991948544979
765	0.010481336154043674
766	0.008424125611782074
767	0.011763575486838818
768	0.014534490182995796
769	0.04663017392158508
770	0.030114829540252686
771	0.024690929800271988
772	0.021283958107233047
773	0.20205643773078918
774	0.6281529664993286
775	0.6885432004928589
776	0.7049095034599304
777	0.6022328734397888
778	0.6756567358970642
779	0.716443657875061
780	0.6685124635696411
781	0.7271841764450073
782	0.7995777726173401
783	0.6811489462852478
784	0.7122761607170105
785	0.7820082902908325
786	0.7392411828041077
787	0.7824267745018005
788	0.7121343016624451
789	0.7999342083930969
790	0.823797881603241
791	0.8864344954490662
792	0.9129795432090759
793	0.8784776926040649
794	0.878422200679779
795	0.856637179851532
796	0.8616636395454407
797	0.8838041424751282
798	0.8964220285415649
799	0.9056057333946228
800	0.8946865200996399
801	0.9411110281944275
802	0.9440178275108337
803	0.9334006309509277
804	0.8465205430984497
805	0.8106880187988281
806	0.9017430543899536
807	0.8650199770927429
808	0.8449664115905762
809	0.8822240233421326
810	0.8177443742752075
811	0.8262242674827576
812	0.7614559531211853
813	0.9009262919425964
814	0.9044737219810486
815	0.8838282823562622
816	0.9621315002441406
817	0.9228143692016602
818	0.9137296676635742
819	0.9548768997192383
820	0.9677515029907227
821	0.8622210621833801
822	0.7986942529678345
823	0.6267351508140564
824	0.6844475865364075
825	0.07091989368200302
826	0.12999598681926727
827	0.04811123013496399
828	0.028752261772751808
829	0.2800901532173157
830	0.6457182168960571
831	0.8010425567626953
832	0.6735928058624268
833	0.8002614974975586
834	0.9690065383911133
835	0.9499165415763855
836	0.9570909738540649
837	0.9811782836914062
838	0.9698883891105652
839	0.9829955101013184
840	0.9668859839439392
841	0.9806127548217773
842	0.9763246774673462
843	0.9834015965461731
844	0.982686460018158
845	0.9623684287071228
846	0.9729557037353516
847	0.9484931826591492
848	0.8768421411514282
849	0.8712865710258484
850	0.8922224044799805
851	0.9636354446411133
852	0.9412801861763
853	0.9536759257316589
854	0.9558629393577576
855	0.9347577095031738
856	0.9489968419075012
857	0.9168300628662109
858	0.792566180229187
859	0.9336904883384705
860	0.8703444600105286
861	0.8980447053909302
862	0.8684646487236023
863	0.9217873811721802
864	0.7589136362075806
865	0.7233834862709045
866	0.6194397807121277
867	0.8185998797416687
868	0.9394984245300293
869	0.8924713134765625
870	0.8174228668212891
871	0.924662709236145
872	0.7864125370979309
873	0.899257481098175
874	0.9335179328918457
875	0.9244125485420227
876	0.8965733647346497
877	0.922107994556427
878	0.8655498623847961
879	0.8643024563789368
880	0.8485979437828064
881	0.9443648457527161
882	0.846592366695404
883	0.7737917304039001
884	0.7523902058601379
885	0.8468349575996399
886	0.9145922660827637
887	0.9633819460868835
888	0.8710806965827942
889	0.9365849494934082
890	0.9230020642280579
891	0.9604728817939758
892	0.8962902426719666
893	0.9501535296440125
894	0.9213162660598755
895	0.9173069000244141
896	0.9345888495445251
897	0.9104090929031372
898	0.8947727084159851
899	0.955513596534729
900	0.9373186230659485
901	0.9591093063354492
902	0.9604172110557556
903	0.9584380984306335
904	0.9287260174751282
905	0.9435979723930359
906	0.8964395523071289
907	0.9449917078018188
908	0.9614750146865845
909	0.9797273874282837
910	0.9739642143249512
911	0.9676014184951782
912	0.9677009582519531
913	0.9686921238899231
914	0.8458823561668396
915	0.8171159625053406
916	0.5666227340698242
917	0.43742990493774414
918	0.09094981849193573
919	0.2887849509716034
920	0.8675128817558289
921	0.9784401059150696
922	0.9724109768867493
923	0.9801713228225708
924	0.9362161755561829
925	0.9531431198120117
926	0.8421875238418579
927	0.7470269203186035
928	0.7122799754142761
929	0.7270788550376892
930	0.6464486718177795
931	0.7054386138916016
932	0.4570220112800598
933	0.7235702872276306
934	0.5671876072883606
935	0.36303192377090454
936	0.0917179062962532
937	0.013686860911548138
938	0.0096878157928586
939	0.013964639976620674
940	0.008742738515138626
941	0.01002444326877594
942	0.00740045914426446
943	0.006124797742813826
944	0.005731668788939714
945	0.00704880291596055
946	0.005798955913633108
947	0.005978666245937347
948	0.005841568112373352
949	0.007129260804504156
950	0.005341535434126854
951	0.004525613039731979
952	0.005562805570662022
953	0.00463683670386672
954	0.0053620124235749245
955	0.004432300571352243
956	0.005682961083948612
957	0.0046259635128080845
958	0.004586649127304554
959	0.004444768186658621
960	0.004338988568633795
961	0.004191843327134848
962	0.0046933419071137905
963	0.005158871412277222
964	0.005120181478559971
965	0.005383762065321207
966	0.005485398229211569
967	0.007992436178028584
968	0.006410731468349695
969	0.00877584982663393
970	0.006836749147623777
971	0.00733858672901988
972	0.006946458015590906
973	0.005601036828011274
974	0.003774716053158045
975	0.004705201368778944
976	0.004464428871870041
977	0.004149770829826593
978	0.003716917708516121
979	0.0032319107558578253
980	0.0035848848056048155
981	0.005340299103409052
982	0.004564349539577961
983	0.00549433333799243
984	0.0031699014361947775
985	0.0046527571976184845
986	0.0032459364738315344
987	0.00280780834145844
988	0.0039026476442813873
989	0.003860430559143424
990	0.004250308498740196
991	0.004439457319676876
992	0.0033253298606723547
993	0.003966806922107935
994	0.004465438425540924
995	0.004958030302077532
996	0.005626826547086239
997	0.006845567375421524
998	0.007479484658688307
999	0.006456837058067322
1000	0.006260879337787628
1001	0.006102920509874821
1002	0.005730798933655024
1003	0.005385636352002621
1004	0.00885650422424078
1005	0.007373811211436987
1006	0.007975324988365173
1007	0.00860975868999958
1008	0.007279765792191029
1009	0.007021079305559397
1010	0.009066829457879066
1011	0.008865323849022388
1012	0.00821376871317625
1013	0.008095323108136654
1014	0.007566997315734625
1015	0.006152765359729528
1016	0.007847385480999947
1017	0.006535962224006653
1018	0.007321074604988098
1019	0.0057897320948541164
1020	0.005246011074632406
1021	0.0057290345430374146
1022	0.00614849803969264
1023	0.005727831274271011
1024	0.00529872952029109
1025	0.004315712954849005
1026	0.004574918188154697
1027	0.004550544079393148
1028	0.004644192289561033
1029	0.00453838100656867
1030	0.006498171482235193
1031	0.005991649813950062
1032	0.00533386180177331
1033	0.005710394587367773
1034	0.006567257922142744
1035	0.005208468064665794
1036	0.004755489062517881
1037	0.005598764400929213
1038	0.006158656906336546
1039	0.0054964045993983746
1040	0.005563967861235142
1041	0.006293395068496466
1042	0.006826305296272039
1043	0.00723519641906023
1044	0.0056708878837525845
1045	0.0072236876003444195
1046	0.007252504117786884
1047	0.008697944693267345
1048	0.009106779471039772
1049	0.0074602956883609295
1050	0.005751484539359808
1051	0.006071841344237328
1052	0.007086821831762791
1053	0.006619553547352552
1054	0.005951229482889175
1055	0.005669808946549892
1056	0.0056773885153234005
1057	0.006976000964641571
1058	0.006649872753769159
1059	0.006921805441379547
1060	0.0059318579733371735
1061	0.005044720601290464
1062	0.0065937223844230175
1063	0.008253904990851879
1064	0.008200438693165779
1065	0.008574423380196095
1066	0.009951944462954998
1067	0.007600851356983185
1068	0.009492413140833378
1069	0.009798960760235786
1070	0.01059715449810028
1071	0.010937724262475967
1072	0.008467216975986958
1073	0.008338144980370998
1074	0.00936767365783453
1075	0.008727483451366425
1076	0.007746068295091391
1077	0.007609501481056213
1078	0.007049628999084234
1079	0.0063489447347819805
1080	0.008301984518766403
1081	0.008623206987977028
1082	0.007682194001972675
1083	0.006801380310207605
1084	0.00585276959463954
1085	0.008122055791318417
1086	0.00685776025056839
1087	0.00604718504473567
1088	0.006960633676499128
1089	0.006994603667408228
1090	0.007889606058597565
1091	0.009387234225869179
1092	0.00785527192056179
1093	0.011310434900224209
1094	0.010391641408205032
1095	0.009783129207789898
1096	0.00816146656870842
1097	0.008180133067071438
1098	0.009220766834914684
1099	0.012130296789109707
1100	0.011589745990931988
1101	0.01150674931704998
1102	0.012705591507256031
1103	0.012134524062275887
1104	0.015377881936728954
1105	0.01974845491349697
1106	0.01972455158829689
1107	0.013367854058742523
1108	0.020155398175120354
1109	0.04727531224489212
1110	0.023657051846385002
1111	0.02184697426855564
1112	0.018951112404465675
1113	0.020002251490950584
1114	0.03797442093491554
1115	0.039673782885074615
1116	0.11613296717405319
1117	0.22725670039653778
1118	0.34828585386276245
1119	0.4117963910102844
1120	0.35612109303474426
1121	0.4028051495552063
1122	0.6314204931259155
1123	0.5845886468887329
1124	0.8019117712974548
1125	0.9231571555137634
1126	0.9673345685005188
1127	0.9776667952537537
1128	0.9839279055595398
1129	0.992612361907959
1130	0.9911558032035828
1131	0.9875888228416443
1132	0.9892423748970032
1133	0.9897891283035278
1134	0.9878911972045898
1135	0.988256573677063
1136	0.7752327919006348
1137	0.856447696685791
1138	0.9464802145957947
1139	0.9851428866386414
1140	0.9424051642417908
1141	0.9812431335449219
1142	0.9823698401451111
1143	0.928078293800354
1144	0.9613730311393738
1145	0.9615997672080994
1146	0.9223358035087585
1147	0.8355097770690918
1148	0.8934923410415649
1149	0.41987910866737366
1150	0.7363893389701843
1151	0.6486777663230896
1152	0.7399840950965881
1153	0.8435642123222351
1154	0.8281546831130981
1155	0.7639836072921753
1156	0.25989073514938354
1157	0.0810246467590332
1158	0.023929482325911522
1159	0.278854101896286
1160	0.551872730255127
1161	0.610186755657196
1162	0.7078100442886353
1163	0.7801679372787476
1164	0.9107597470283508
1165	0.8324858546257019
1166	0.9457249641418457
1167	0.9506402015686035
1168	0.883405864238739
1169	0.6743921041488647
1170	0.59159916639328
1171	0.8054479956626892
1172	0.9603935480117798
1173	0.9720322489738464
1174	0.7407479286193848
1175	0.7667322158813477
1176	0.9742162823677063
1177	0.9930923581123352
1178	0.9848015904426575
1179	0.9943931698799133
1180	0.9942529797554016
1181	0.9957224726676941
1182	0.984978199005127
1183	0.9829554557800293
1184	0.9713342785835266
1185	0.9661327600479126
1186	0.9567675590515137
1187	0.9367372393608093
1188	0.9819491505622864
1189	0.9852020144462585
1190	0.9754368662834167
1191	0.9784674644470215
1192	0.9191054701805115
1193	0.9547200202941895
1194	0.7095038294792175
1195	0.8816742897033691
1196	0.9487358927726746
1197	0.9007933735847473
1198	0.8735979199409485
1199	0.9482585191726685
1200	0.9118656516075134
1201	0.8752709627151489
1202	0.9328827261924744
1203	0.9637247323989868
1204	0.9407975077629089
1205	0.9661637544631958
1206	0.8949940800666809
1207	0.9735455513000488
1208	0.900837242603302
1209	0.9808475375175476
1210	0.9560600519180298
1211	0.9578760266304016
1212	0.9084112048149109
1213	0.8993352055549622
1214	0.9200369119644165
1215	0.9329647421836853
1216	0.9718399047851562
1217	0.8962937593460083
1218	0.9068019986152649
1219	0.9502260088920593
1220	0.8586140871047974
1221	0.9077137112617493
1222	0.8025824427604675
1223	0.9288700222969055
1224	0.8698439002037048
1225	0.9050312042236328
1226	0.9597048759460449
1227	0.9398738145828247
1228	0.9485916495323181
1229	0.7384077906608582
1230	0.9118518233299255
1231	0.9186439514160156
1232	0.8774648904800415
1233	0.9735660552978516
1234	0.9671850204467773
1235	0.9535931944847107
1236	0.9371721148490906
1237	0.9062488675117493
1238	0.8132079243659973
1239	0.5681160092353821
1240	0.3553943336009979
1241	0.36980947852134705
1242	0.46716704964637756
1243	0.48608389496803284
1244	0.6955294013023376
1245	0.6235523223876953
1246	0.8988547325134277
1247	0.9655666351318359
1248	0.976723849773407
1249	0.9226059317588806
1250	0.9061275720596313
1251	0.9250985980033875
1252	0.8369534611701965
1253	0.7154287099838257
1254	0.7159373164176941
1255	0.8373083472251892
1256	0.9569307565689087
1257	0.9555047154426575
1258	0.976514458656311
1259	0.9835962653160095
1260	0.9800710678100586
1261	0.9848268628120422
1262	0.9608530402183533
1263	0.9458698630332947
1264	0.8713482022285461
1265	0.25965777039527893
1266	0.010948620736598969
1267	0.010942665860056877
1268	0.032441094517707825
1269	0.48940545320510864
1270	0.929385781288147
1271	0.9216731190681458
1272	0.7890467643737793
1273	0.7921159267425537
1274	0.7893518209457397
1275	0.3474157452583313
1276	0.03400615602731705
1277	0.018614528700709343
1278	0.016800101846456528
1279	0.015430918894708157
1280	0.016553698107600212
1281	0.015378913842141628
1282	0.011264159344136715
1283	0.012039742432534695
1284	0.012101522646844387
1285	0.010231174528598785
1286	0.979910671710968
1287	0.952261745929718
1288	0.5375521183013916
1289	0.007285449653863907
1290	0.008279784582555294
1291	0.007596828043460846
1292	0.007979768328368664
1293	0.0036873624194413424
1294	0.00897514633834362
1295	0.007518913131207228
1296	0.008851065300405025
1297	0.009558236226439476
1298	0.014316762797534466
1299	0.01634673774242401
1300	0.009864295832812786
1301	0.017455052584409714
1302	0.015464591793715954
1303	0.010141251608729362
1304	0.010612159967422485
1305	0.009142080321907997
1306	0.01363412756472826
1307	0.014646301977336407
1308	0.017371056601405144
1309	0.02021082118153572
1310	0.01451025903224945
1311	0.017322009429335594
1312	0.014845103025436401
1313	0.014908668585121632
1314	0.015903102234005928
1315	0.012185334227979183
1316	0.01566288433969021
1317	0.011091555468738079
1318	0.011382569558918476
1319	0.012234526686370373
1320	0.007727423217147589
1321	0.005161870736628771
1322	0.008166910149157047
1323	0.011237177066504955
1324	0.011060255579650402
1325	0.015431493520736694
1326	0.013404481112957
1327	0.017703471705317497
1328	0.02283363603055477
1329	0.015974638983607292
1330	0.017367467284202576
1331	0.011850870214402676
1332	0.0184923205524683
1333	0.01798585243523121
1334	0.01677686907351017
1335	0.016934184357523918
1336	0.017087692394852638
1337	0.013555875979363918
1338	0.01789773255586624
1339	0.012270336039364338
1340	0.020266467705368996
1341	0.021026846021413803
1342	0.022968074306845665
1343	0.019008761271834373
1344	0.019959473982453346
1345	0.012230521067976952
1346	0.015255013480782509
1347	0.016267061233520508
1348	0.015829233452677727
1349	0.019430728629231453
1350	0.016881851479411125
1351	0.02191479504108429
1352	0.01820335164666176
1353	0.015108679421246052
1354	0.009286781772971153
1355	0.016549546271562576
1356	0.012893644161522388
1357	0.00895293802022934
1358	0.007555027492344379
1359	0.008657573722302914
1360	0.00978739745914936
1361	0.015879986807703972
1362	0.012386372312903404
1363	0.019184261560440063
1364	0.012941679917275906
1365	0.014637849293649197
1366	0.014592433348298073
1367	0.016146419569849968
1368	0.01471651066094637
1369	0.012983701191842556
1370	0.010213464498519897
1371	0.008614587597548962
1372	0.00934892613440752
1373	0.011118026450276375
1374	0.010763058438897133
1375	0.010523251257836819
1376	0.013725447468459606
1377	0.012091626413166523
1378	0.012604625895619392
1379	0.018220556899905205
1380	0.012489664368331432
1381	0.013096864335238934
1382	0.013666014187037945
1383	0.013111603446304798
1384	0.016828149557113647
1385	0.012453876435756683
1386	0.014893323183059692
1387	0.011910944245755672
1388	0.014487231150269508
1389	0.016851328313350677
1390	0.011152456514537334
1391	0.01488778181374073
1392	0.019326427951455116
1393	0.01651711016893387
1394	0.02428361214697361
1395	0.01821320690214634
1396	0.013835604302585125
1397	0.019286492839455605
1398	0.021689653396606445
1399	0.02165427803993225
1400	0.015051029622554779
1401	0.0195600762963295
1402	0.016026943922042847
1403	0.01488554198294878
1404	0.014359608292579651
1405	0.016525251790881157
1406	0.021449632942676544
1407	0.015240564942359924
1408	0.011731057427823544
1409	0.01918681524693966
1410	0.019855353981256485
1411	0.019138386473059654
1412	0.019713357090950012
1413	0.017170488834381104
1414	0.017246779054403305
1415	0.0192409660667181
1416	0.023724151775240898
1417	0.015190511010587215
1418	0.02147744409739971
1419	0.016754675656557083
1420	0.012787850573658943
1421	0.01826389506459236
1422	0.024868173524737358
1423	0.019747048616409302
1424	0.014865516684949398
1425	0.0213825311511755
1426	0.016894299536943436
1427	0.019110841676592827
1428	0.010906445793807507
1429	0.012505847029387951
1430	0.010399707593023777
1431	0.010012267157435417
1432	0.010477026924490929
1433	0.014227762818336487
1434	0.010512563399970531
1435	0.013374656438827515
1436	0.009608572348952293
1437	0.009019384160637856
1438	0.00774820102378726
1439	0.008767208084464073
1440	0.011763282120227814
1441	0.012830904684960842
1442	0.012957739643752575
1443	0.012872102670371532
1444	0.009952554479241371
1445	0.013053304515779018
1446	0.009382221847772598
1447	0.009515511803328991
1448	0.00913472380489111
1449	0.0076442137360572815
1450	0.008412581868469715
1451	0.008427520282566547
1452	0.0071227881126105785
1453	0.006533849518746138
1454	0.008275272324681282
1455	0.007071852684020996
1456	0.008950619958341122
1457	0.007557879667729139
1458	0.0064819748513400555
1459	0.0057648890651762486
1460	0.006155246403068304
1461	0.005002202466130257
1462	0.005177670158445835
1463	0.005302208010107279
1464	0.008536303415894508
1465	0.007940503768622875
1466	0.008317975327372551
1467	0.01108331698924303
1468	0.009474894031882286
1469	0.01279918011277914
1470	0.009308827109634876
1471	0.009899839758872986
1472	0.009313475340604782
1473	0.009921597316861153
1474	0.009865335188806057
1475	0.011253522709012032
1476	0.009380385279655457
1477	0.010132800787687302
1478	0.010985174216330051
1479	0.010812612250447273
1480	0.008475166745483875
1481	0.011767803691327572
1482	0.011858859099447727
1483	0.010507147759199142
1484	0.015071170404553413
1485	0.011972454376518726
1486	0.011658399365842342
1487	0.012821340933442116
1488	0.011295709758996964
1489	0.009768852964043617
1490	0.010543760843575
1491	0.01018762867897749
1492	0.009646214544773102
1493	0.01208444032818079
1494	0.01374319102615118
1495	0.010637784376740456
1496	0.014228969812393188
1497	0.014592505060136318
1498	0.012983597815036774
1499	0.010150924324989319
1500	0.009794247336685658
1501	0.00905703380703926
1502	0.008712654933333397
1503	0.007544004358351231
1504	0.008352922275662422
1505	0.009522088803350925
1506	0.00788045022636652
1507	0.011149989441037178
1508	0.008058793842792511
1509	0.009643536992371082
1510	0.010672373697161674
1511	0.01034366525709629
1512	0.0074150278232991695
1513	0.008417307399213314
1514	0.007810443639755249
1515	0.008160877041518688
1516	0.007397410459816456
1517	0.007055182941257954
1518	0.005630833096802235
1519	0.0064856200478971004
1520	0.0072587886825203896
1521	0.008911374025046825
1522	0.009420354850590229
1523	0.007990555837750435
1524	0.005992052610963583
1525	0.009137384593486786
1526	0.008144408464431763
1527	0.008255529217422009
1528	0.007854930125176907
1529	0.007716578431427479
1530	0.007193824741989374
1531	0.00970927532762289
1532	0.013929408974945545
1533	0.011928106658160686
1534	0.009134301915764809
1535	0.00872909277677536
1536	0.009553560987114906
1537	0.010595741681754589
1538	0.011031595058739185
1539	0.008848607540130615
1540	0.007525664754211903
1541	0.01249025296419859
1542	0.009555100463330746
1543	0.012411491945385933
1544	0.015431324951350689
1545	0.01600695587694645
1546	0.018931705504655838
1547	0.016745099797844887
1548	0.017069010064005852
1549	0.012998451478779316
1550	0.011274385266005993
1551	0.015188038349151611
1552	0.011973305605351925
1553	0.01395783107727766
1554	0.012932735495269299
1555	0.011012117378413677
1556	0.010572423227131367
1557	0.01127005647867918
1558	0.011294524185359478
1559	0.012663639150559902
1560	0.009544129483401775
1561	0.010306856594979763
1562	0.009142694063484669
1563	0.008338822983205318
1564	0.005994039122015238
1565	0.007764055859297514
1566	0.005760024301707745
1567	0.00544372946023941
1568	0.005963479168713093
1569	0.007264219224452972
1570	0.008797824382781982
1571	0.0062616318464279175
1572	0.006040255073457956
1573	0.007017774041742086
1574	0.008425022475421429
1575	0.007783215492963791
1576	0.00928630493581295
1577	0.00738545274361968
1578	0.009289977140724659
1579	0.006824840791523457
1580	0.0061907838098704815
1581	0.008115003816783428
1582	0.007002131547778845
1583	0.0074886963702738285
1584	0.0052300929091870785
1585	0.006667044945061207
1586	0.005782054737210274
1587	0.007258663419634104
1588	0.0067186118103563786
1589	0.007349339313805103
1590	0.007489983923733234
1591	0.007329182233661413
1592	0.007184289395809174
1593	0.008206716738641262
1594	0.006659686099737883
1595	0.008978255093097687
1596	0.007443477865308523
1597	0.00951612088829279
1598	0.007895401678979397
1599	0.00669751176610589
1600	0.006140887271612883
1601	0.006997003685683012
1602	0.0063219228759408
1603	0.00781283713877201
1604	0.006502121686935425
1605	0.00753811514005065
1606	0.008188925683498383
1607	0.00832055602222681
1608	0.007891001179814339
1609	0.007732653524726629
1610	0.005932836793363094
1611	0.005752533208578825
1612	0.006272157188504934
1613	0.007898293435573578
1614	0.0085041094571352
1615	0.00810211431235075
1616	0.008597741834819317
1617	0.007038850337266922
1618	0.007430184166878462
1619	0.008610595017671585
1620	0.007108073215931654
1621	0.0071235536597669125
1622	0.008294157683849335
1623	0.009358770214021206
1624	0.009768967516720295
1625	0.009267746470868587
1626	0.008082486689090729
1627	0.00775084039196372
1628	0.007066959049552679
1629	0.007396277971565723
1630	0.007888260297477245
1631	0.009395311586558819
1632	0.009614035487174988
1633	0.012521909549832344
1634	0.012509539723396301
1635	0.01741900108754635
1636	0.016499361023306847
1637	0.024337122216820717
1638	0.021428529173135757
1639	0.021707633510231972
1640	0.017626408487558365
1641	0.026017535477876663
1642	0.02779710292816162
1643	0.019399920478463173
1644	0.01744910143315792
1645	0.01997249759733677
1646	0.019426843151450157
1647	0.014668310061097145
1648	0.01977200247347355
1649	0.02447528764605522
1650	0.0178842656314373
1651	0.019084734842181206
1652	0.016409292817115784
1653	0.01943580061197281
1654	0.02483907900750637
1655	0.01657666638493538
1656	0.021088313311338425
1657	0.020841261371970177
1658	0.018683193251490593
1659	0.018147196620702744
1660	0.01687018945813179
1661	0.01899973303079605
1662	0.02105923369526863
1663	0.020376695320010185
1664	0.019891411066055298
1665	0.018929187208414078
1666	0.02114885114133358
1667	0.021128393709659576
1668	0.0216937568038702
1669	0.020339105278253555
1670	0.022420473396778107
1671	0.01929611712694168
1672	0.02431914210319519
1673	0.025024959817528725
1674	0.02158103697001934
1675	0.02410683035850525
1676	0.018001819029450417
1677	0.019776416942477226
1678	0.02155199646949768
1679	0.024082807824015617
1680	0.021472318097949028
1681	0.023073479533195496
1682	0.02291230857372284
1683	0.019810114055871964
1684	0.01974889449775219
1685	0.022463779896497726
1686	0.021005570888519287
1687	0.020492149516940117
1688	0.01882309466600418
1689	0.021592512726783752
1690	0.015154728665947914
1691	0.01629072241485119
1692	0.02086341194808483
1693	0.016139959916472435
1694	0.0167153961956501
1695	0.02338031306862831
1696	0.028639037162065506
1697	0.019917037338018417
1698	0.019079608842730522
1699	0.015000591054558754
1700	0.013665422797203064
1701	0.016721760854125023
1702	0.021593406796455383
1703	0.020525529980659485
1704	0.02167375013232231
1705	0.01972777210175991
1706	0.019822999835014343
1707	0.02304171398282051
1708	0.021905411034822464
1709	0.020734084770083427
1710	0.017806334421038628
1711	0.022225456312298775
1712	0.033507876098155975
1713	0.02774292603135109
1714	0.019101180136203766
1715	0.018100878223776817
1716	0.016580192372202873
1717	0.017957327887415886
1718	0.016825919970870018
1719	0.015376651659607887
1720	0.015005387365818024
1721	0.017349645495414734
1722	0.019500432536005974
1723	0.030630528926849365
1724	0.05915653705596924
1725	0.07257585972547531
1726	0.08055173605680466
1727	0.06845749914646149
1728	0.027496401220560074
1729	0.01849881000816822
1730	0.014568934217095375
1731	0.013546997681260109
1732	0.015063154511153698
1733	0.018799707293510437
1734	0.01929064840078354
1735	0.03470420092344284
1736	0.030313123017549515
1737	0.02828148566186428
1738	0.026656771078705788
1739	0.021736761555075645
1740	0.030919764190912247
1741	0.06630045175552368
1742	0.043883923441171646
1743	0.04614356905221939
1744	0.01683131232857704
1745	0.015139268711209297
1746	0.018253162503242493
1747	0.018988410010933876
1748	0.017540816217660904
1749	0.013354785740375519
1750	0.028823167085647583
1751	0.19119799137115479
1752	0.022707510739564896
1753	0.01630399189889431
1754	0.01880088448524475
1755	0.018227793276309967
1756	0.014760664664208889
1757	0.020931173115968704
1758	0.01834450103342533
1759	0.017488641664385796
1760	0.017967266961932182
1761	0.015201388858258724
1762	0.01387729961425066
1763	0.0218092892318964
1764	0.019175926223397255
1765	0.02560790441930294
1766	0.024565592408180237
1767	0.01968105509877205
1768	0.01358045358210802
1769	0.0110242934897542
1770	0.013712124899029732
1771	0.014622566290199757
1772	0.01472223550081253
1773	0.014565843157470226
1774	0.015005873516201973
1775	0.014681808650493622
1776	0.011617508716881275
1777	0.01467597484588623
1778	0.014294539578258991
1779	0.013671457767486572
1780	0.016085565090179443
1781	0.015796581283211708
1782	0.011186379939317703
1783	0.017277603968977928
1784	0.014872866682708263
1785	0.014852160587906837
1786	0.01570008508861065
1787	0.015910571441054344
1788	0.01479038130491972
1789	0.015148336067795753
1790	0.016347000375390053
1791	0.018771231174468994
1792	0.016811108216643333
1793	0.020161962136626244
1794	0.016528969630599022
1795	0.02283184602856636
1796	0.015401995740830898
1797	0.01219052355736494
1798	0.013976432383060455
1799	0.01561764907091856
1800	0.015340425074100494
1801	0.01743130572140217
1802	0.018490314483642578
1803	0.01680407114326954
1804	0.01786118559539318
1805	0.017901970073580742
1806	0.02067883312702179
1807	0.01887691766023636
1808	0.022045517340302467
1809	0.023664742708206177
1810	0.024599498137831688
1811	0.019693810492753983
1812	0.015667667612433434
1813	0.031845446676015854
1814	0.01920052245259285
1815	0.027938634157180786
1816	0.024520670995116234
1817	0.0302706491202116
1818	0.03232944756746292
1819	0.03573324903845787
1820	0.031852420419454575
1821	0.033157940953969955
1822	0.02441367506980896
1823	0.020582735538482666
1824	0.029188333079218864
1825	0.01918621174991131
1826	0.018527014181017876
1827	0.020667478442192078
1828	0.02042144536972046
1829	0.025944897904992104
1830	0.026590336114168167
1831	0.01866893284022808
1832	0.017528580501675606
1833	0.02110719308257103
1834	0.01885598711669445
1835	0.019478192552924156
1836	0.025182291865348816
1837	0.02100575715303421
1838	0.02329324744641781
1839	0.021710962057113647
1840	0.029653161764144897
1841	0.027270330116152763
1842	0.024953588843345642
1843	0.0245528444647789
1844	0.020921487361192703
1845	0.01864643767476082
1846	0.020760400220751762
1847	0.018777428194880486
1848	0.024992389604449272
1849	0.026247549802064896
1850	0.016836760565638542
1851	0.017530007287859917
1852	0.017255675047636032
1853	0.01988815702497959
1854	0.01816762052476406
1855	0.022261958569288254
1856	0.029862528666853905
1857	0.016744306311011314
1858	0.04137581214308739
1859	0.05196455121040344
1860	0.0443548820912838
1861	0.07157232612371445
1862	0.08369762450456619
1863	0.09429555386304855
1864	0.16466155648231506
1865	0.09586867690086365
1866	0.11288189142942429
1867	0.08893080055713654
1868	0.21375489234924316
1869	0.37394770979881287
1870	0.2776458263397217
1871	0.47959795594215393
1872	0.30768895149230957
1873	0.5700883865356445
1874	0.45343565940856934
1875	0.3081888258457184
1876	0.086489237844944
1877	0.1179908737540245
1878	0.2534075379371643
1879	0.16989164054393768
1880	0.13033610582351685
1881	0.3403433859348297
1882	0.4409092962741852
1883	0.3779469430446625
1884	0.6439626812934875
1885	0.6418977379798889
1886	0.654522716999054
1887	0.6501947641372681
1888	0.6014666557312012
1889	0.6562840938568115
1890	0.5200053453445435
1891	0.7537903785705566
1892	0.5814396739006042
1893	0.5431311726570129
1894	0.4272514283657074
1895	0.050842542201280594
1896	0.03005041554570198
1897	0.096376433968544
1898	0.09248249977827072
1899	0.0806141272187233
1900	0.12610028684139252
1901	0.053333181887865067
1902	0.01144652720540762
1903	0.01043548621237278
1904	0.043119166046381
1905	0.5737919807434082
1906	0.3809603452682495
1907	0.877454400062561
1908	0.6702003479003906
1909	0.8537349700927734
1910	0.8404001593589783
1911	0.8452310562133789
1912	0.6750470995903015
1913	0.7537407279014587
1914	0.6196268796920776
1915	0.5147653818130493
1916	0.5116241574287415
1917	0.5748621821403503
1918	0.5546998381614685
1919	0.7109354734420776
1920	0.6224580407142639
1921	0.6301138997077942
1922	0.5840190649032593
1923	0.533227801322937
1924	0.5615953803062439
1925	0.6278759837150574
1926	0.6999057531356812
1927	0.6754714846611023
1928	0.6726741194725037
1929	0.5766558051109314
1930	0.6801276206970215
1931	0.7512242794036865
1932	0.5838258862495422
1933	0.7823200225830078
1934	0.6052351593971252
1935	0.7139439582824707
1936	0.6710010170936584
1937	0.6560172438621521
1938	0.7098496556282043
1939	0.35220471024513245
1940	0.5972453951835632
1941	0.5604717135429382
1942	0.6536137461662292
1943	0.6975771188735962
1944	0.7083800435066223
1945	0.512803852558136
1946	0.26779842376708984
1947	0.3347528278827667
1948	0.46507158875465393
1949	0.23018935322761536
1950	0.2384183406829834
1951	0.2543182969093323
1952	0.5205326080322266
1953	0.8354644775390625
1954	0.6633438467979431
1955	0.8070223927497864
1956	0.5179721117019653
1957	0.3017740249633789
1958	0.028277872130274773
1959	0.012771292589604855
1960	0.009917324408888817
1961	0.007746750023216009
1962	0.012481801211833954
1963	0.005037970840930939
1964	0.0077175176702439785
1965	0.012227405793964863
1966	0.008720514364540577
1967	0.011520162224769592
1968	0.00840905960649252
1969	0.008541679941117764
1970	0.009231023490428925
1971	0.005798771977424622
1972	0.005528263747692108
1973	0.009055430069565773
1974	0.007392370607703924
1975	0.00750475749373436
1976	0.006891913712024689
1977	0.007681949529796839
1978	0.007333881687372923
1979	0.009969308041036129
1980	0.010382690466940403
1981	0.010608566924929619
1982	0.010944705456495285
1983	0.009335795417428017
1984	0.008248422294855118
1985	0.007984464056789875
1986	0.0070947036147117615
1987	0.007101801689714193
1988	0.006499584298580885
1989	0.007230340037494898
1990	0.006505453493446112
1991	0.008221444673836231
1992	0.009172831661999226
1993	0.00786647666245699
1994	0.007928924635052681
1995	0.008329933509230614
1996	0.007414895575493574
1997	0.008791339583694935
1998	0.009029424749314785
1999	0.00947331078350544
2000	0.009335844777524471
2001	0.008054325357079506
2002	0.005857793148607016
2003	0.008149971254169941
2004	0.005184575449675322
2005	0.004878088366240263
2006	0.004694175906479359
2007	0.005229591857641935
2008	0.004971036221832037
2009	0.005638481583446264
2010	0.0051521556451916695
2011	0.006065016146749258
2012	0.006723714526742697
2013	0.006152157671749592
2014	0.006949678063392639
2015	0.00682556489482522
2016	0.006438404321670532
2017	0.006225239019840956
2018	0.00823677983134985
2019	0.007816939614713192
2020	0.00768226757645607
2021	0.010922135785222054
2022	0.008496254682540894
2023	0.011975427158176899
2024	0.009094173088669777
2025	0.0069302706979215145
2026	0.007501721382141113
2027	0.00862662773579359
2028	0.008161318488419056
2029	0.008784446865320206
2030	0.0096195163205266
2031	0.007512009236961603
2032	0.006771349813789129
2033	0.009783950634300709
2034	0.009796335361897945
2035	0.007430326193571091
2036	0.011035864241421223
2037	0.010123832151293755
2038	0.010172818787395954
2039	0.008975692093372345
2040	0.010636511258780956
2041	0.007474615704268217
2042	0.007293158210813999
2043	0.007141418755054474
2044	0.0077046602964401245
2045	0.007940222509205341
2046	0.008356088772416115
2047	0.008838980458676815
2048	0.010569199919700623
2049	0.010756312869489193
2050	0.009347952902317047
2051	0.007870017550885677
2052	0.01215718500316143
2053	0.011247409507632256
2054	0.00970673281699419
2055	0.009543265216052532
2056	0.007553843315690756
2057	0.009187455289065838
2058	0.008889718912541866
2059	0.00999620370566845
2060	0.008902582339942455
2061	0.010635550133883953
2062	0.00961112417280674
2063	0.01138076838105917
2064	0.00865994207561016
2065	0.007337694521993399
2066	0.011355658061802387
2067	0.009416462853550911
2068	0.010737495496869087
2069	0.00900756474584341
2070	0.011365055106580257
2071	0.016705956310033798
2072	0.013457235880196095
2073	0.020902708172798157
2074	0.0211628470569849
2075	0.01863856613636017
2076	0.017627393826842308
2077	0.014388558454811573
2078	0.01624731533229351
2079	0.021836385130882263
2080	0.025730786845088005
2081	0.0195354875177145
2082	0.0169259961694479
2083	0.014606780372560024
2084	0.01986357383430004
2085	0.01725933328270912
2086	0.022786468267440796
2087	0.02022535353899002
2088	0.01743357814848423
2089	0.022413469851017
2090	0.02460319921374321
2091	0.023120254278182983
2092	0.020237168297171593
2093	0.022263232618570328
2094	0.021085673943161964
2095	0.019692612811923027
2096	0.018565529957413673
2097	0.02025502920150757
2098	0.022760335355997086
2099	0.023874271661043167
2100	0.018820535391569138
2101	0.016600564122200012
2102	0.022354809567332268
2103	0.020355815067887306
2104	0.018448784947395325
2105	0.0171828456223011
2106	0.01874612085521221
2107	0.02074766904115677
2108	0.021290931850671768
2109	0.0193746667355299
2110	0.016194351017475128
2111	0.01976858451962471
2112	0.021495675668120384
2113	0.017328087240457535
2114	0.01890832558274269
2115	0.01554891187697649
2116	0.016311166808009148
2117	0.01750059798359871
2118	0.018945463001728058
2119	0.01655549742281437
2120	0.015525919385254383
2121	0.015000752173364162
2122	0.01699845865368843
2123	0.015199342742562294
2124	0.01413318794220686
2125	0.015782875940203667
2126	0.010649099946022034
2127	0.014522815123200417
2128	0.016452690586447716
2129	0.016024811193346977
2130	0.012989366427063942
2131	0.01538940705358982
2132	0.01695198193192482
2133	0.016317030414938927
2134	0.015862975269556046
2135	0.013544055633246899
2136	0.01240629144012928
2137	0.01716776378452778
2138	0.017452098429203033
2139	0.014170474372804165
2140	0.012877252884209156
2141	0.01435991283506155
2142	0.012807967141270638
2143	0.018304679542779922
2144	0.020782995969057083
2145	0.02062317542731762
2146	0.02842077612876892
2147	0.02569950558245182
2148	0.023118162527680397
2149	0.023334423080086708
2150	0.026961326599121094
2151	0.019233031198382378
2152	0.020175814628601074
2153	0.01699373684823513
2154	0.019387194886803627
2155	0.021832799538969994
2156	0.015282201580703259
2157	0.018383536487817764
2158	0.016103049740195274
2159	0.017791707068681717
2160	0.018572693690657616
2161	0.022520780563354492
2162	0.018732089549303055
2163	0.01626165397465229
2164	0.03599397838115692
2165	0.05308016762137413
2166	0.020417137071490288
2167	0.03643408790230751
2168	0.052720289677381516
2169	0.016747206449508667
2170	0.02005777135491371
2171	0.016539284959435463
2172	0.014346678741276264
2173	0.013706810772418976
2174	0.01639876700937748
2175	0.015048098750412464
2176	0.01782114803791046
2177	0.012500882148742676
2178	0.0159131046384573
2179	0.013751638121902943
2180	0.015403387136757374
2181	0.016008466482162476
2182	0.025253189727663994
2183	0.03417911380529404
2184	0.024375328794121742
2185	0.05514396354556084
2186	0.025818077847361565
2187	0.023676253855228424
2188	0.018004493787884712
2189	0.052751172333955765
2190	0.026003122329711914
2191	0.03858257457613945
2192	0.03188329190015793
2193	0.02033577486872673
2194	0.01688719168305397
2195	0.01828857697546482
2196	0.017819926142692566
2197	0.016299499198794365
2198	0.012456877157092094
2199	0.015715718269348145
2200	0.017109492793679237
2201	0.006430828478187323
2202	0.0058683110401034355
2203	0.008066079579293728
2204	0.012375295162200928
2205	0.01238325983285904
2206	0.008620768785476685
2207	0.010095037519931793
2208	0.010508720763027668
2209	0.013793843798339367
2210	0.007226868066936731
2211	0.007341213524341583
2212	0.005570517387241125
2213	0.013594689778983593
2214	0.014096788130700588
2215	0.016250288113951683
2216	0.011548712849617004
2217	0.012246067635715008
2218	0.012213476933538914
2219	0.01136010978370905
2220	0.010055851191282272
2221	0.00905716884881258
2222	0.008806337602436543
2223	0.008712396025657654
2224	0.0088507616892457
2225	0.011437149718403816
2226	0.009379937313497066
2227	0.010645798407495022
2228	0.009727847762405872
2229	0.009993028827011585
2230	0.010208181105554104
2231	0.006192950066179037
2232	0.00515050208196044
2233	0.0053821769542992115
2234	0.006324768997728825
2235	0.005891780834645033
2236	0.0067715272307395935
2237	0.004988283850252628
2238	0.005508970003575087
2239	0.006550364196300507
2240	0.008471163921058178
2241	0.011425651609897614
2242	0.012607318349182606
2243	0.008600356988608837
2244	0.011171236634254456
2245	0.007358139846473932
2246	0.00833213608711958
2247	0.007001120131462812
2248	0.00683285016566515
2249	0.005529882851988077
2250	0.004928737413138151
2251	0.0068501317873597145
2252	0.006257597357034683
2253	0.006197452545166016
2254	0.005655658431351185
2255	0.007562132086604834
2256	0.007898678071796894
2257	0.007383383344858885
2258	0.00921553373336792
2259	0.007024284452199936
2260	0.0058111147955060005
2261	0.007129015866667032
2262	0.006900009699165821
2263	0.007747888099402189
2264	0.006874011363834143
2265	0.007733491249382496
2266	0.008403022773563862
2267	0.008298181928694248
2268	0.006505109369754791
2269	0.006699391640722752
2270	0.006121949292719364
2271	0.006512853782624006
2272	0.008777533657848835
2273	0.007033312227576971
2274	0.007431514095515013
2275	0.007771435659378767
2276	0.006045329850167036
2277	0.005775087513029575
2278	0.007289885077625513
2279	0.007743617985397577
2280	0.006750177126377821
2281	0.008019301109015942
2282	0.007652194704860449
2283	0.009752164594829082
2284	0.010098342783749104
2285	0.011366588994860649
2286	0.010972481220960617
2287	0.00892155896872282
2288	0.00999495666474104
2289	0.01245158165693283
2290	0.0106196952983737
2291	0.012558010406792164
2292	0.013856634497642517
2293	0.013197585009038448
2294	0.01679857447743416
2295	0.02101915143430233
2296	0.019738007336854935
2297	0.029273247346282005
2298	0.024665115401148796
2299	0.02639063633978367
2300	0.02178690955042839
2301	0.026310546323657036
2302	0.020296147093176842
2303	0.026042524725198746
2304	0.023050736635923386
2305	0.017450405284762383
2306	0.021189594641327858
2307	0.022995054721832275
2308	0.016288762912154198
2309	0.019095687195658684
2310	0.021871816366910934
2311	0.021602943539619446
2312	0.018682483583688736
2313	0.01900423876941204
2314	0.019060121849179268
2315	0.016716215759515762
2316	0.017489617690443993
2317	0.02255418337881565
2318	0.02040398120880127
2319	0.016877273097634315
2320	0.01775425486266613
2321	0.021659011021256447
2322	0.019905835390090942
2323	0.022533468902111053
2324	0.013415813446044922
2325	0.015580864623188972
2326	0.009879342280328274
2327	0.010601319372653961
2328	0.00924758892506361
2329	0.008649309165775776
2330	0.007012843620032072
2331	0.008851933293044567
2332	0.008091139607131481
2333	0.008393554948270321
2334	0.014170817099511623
2335	0.009468354284763336
2336	0.008015344850718975
2337	0.007767203729599714
2338	0.013502242974936962
2339	0.008620773442089558
2340	0.009479567408561707
2341	0.007502351887524128
2342	0.007464713882654905
2343	0.008299174718558788
2344	0.00994405522942543
2345	0.0070265294052660465
2346	0.0055598109029233456
2347	0.005189885385334492
2348	0.004965708591043949
2349	0.004443506244570017
2350	0.006214264314621687
2351	0.0063912454061210155
2352	0.007128015160560608
2353	0.008073359727859497
2354	0.007857379503548145
2355	0.009130530059337616
2356	0.008430331945419312
2357	0.008535205386579037
2358	0.008777350187301636
2359	0.009572033770382404
2360	0.008802784606814384
2361	0.006641417741775513
2362	0.0073601785115897655
2363	0.008445381186902523
2364	0.008484643884003162
2365	0.007344594690948725
2366	0.005422526504844427
2367	0.006910617928951979
2368	0.0067054093815386295
2369	0.006675459444522858
2370	0.007058733142912388
2371	0.006065658293664455
2372	0.00555053586140275
2373	0.00537491450086236
2374	0.005024183541536331
2375	0.006913799326866865
2376	0.004475459456443787
2377	0.0061289528384804726
2378	0.005243790801614523
2379	0.0050098104402422905
2380	0.006622068118304014
2381	0.007060841657221317
2382	0.009044674225151539
2383	0.007287615444511175
2384	0.007369196508079767
2385	0.008721606805920601
2386	0.00630067428573966
2387	0.006469221320003271
2388	0.006181749980896711
2389	0.007208885159343481
2390	0.0069953384809195995
2391	0.006332721095532179
2392	0.005642659496515989
2393	0.006565216928720474
2394	0.005015215836465359
2395	0.0051488932222127914
2396	0.0053106206469237804
2397	0.007238633465021849
2398	0.009070639498531818
2399	0.008705402724444866
2400	0.007102219853550196
2401	0.006572299636900425
2402	0.005727356765419245
2403	0.006438033189624548
2404	0.006276730448007584
2405	0.007597138173878193
2406	0.005930996499955654
2407	0.008723224513232708
2408	0.0069061084650456905
2409	0.008359241299331188
2410	0.008004081435501575
2411	0.007789654191583395
2412	0.006197524257004261
2413	0.00778696546331048
2414	0.006713883485645056
2415	0.007045261096209288
2416	0.00663905730471015
2417	0.006169044878333807
2418	0.006620814558118582
2419	0.0063562230207026005
2420	0.005803497042506933
2421	0.005333615932613611
2422	0.006965994834899902
2423	0.007998826913535595
2424	0.0064844549633562565
2425	0.007866446860134602
2426	0.009332842193543911
2427	0.007079815957695246
2428	0.006984596140682697
2429	0.0078062997199594975
2430	0.008217701688408852
2431	0.006071627605706453
2432	0.0038830935955047607
2433	0.006192708853632212
2434	0.005934123881161213
2435	0.005848470609635115
2436	0.006184306927025318
2437	0.004315273370593786
2438	0.004865352995693684
2439	0.004935892298817635
2440	0.0044951713643968105
2441	0.004991892259567976
2442	0.00472884438931942
2443	0.004598547704517841
2444	0.004749338608235121
2445	0.004182114731520414
2446	0.0049916962161660194
2447	0.005827086511999369
2448	0.005581032484769821
2449	0.004848375450819731
2450	0.004343116655945778
2451	0.005597343202680349
2452	0.005247468128800392
2453	0.006292997393757105
2454	0.005850627552717924
2455	0.006946218200027943
2456	0.008611194789409637
2457	0.008973630145192146
2458	0.008463576436042786
2459	0.0069535463117063046
2460	0.008498083800077438
2461	0.007889089174568653
2462	0.011013807728886604
2463	0.008996165357530117
2464	0.007441672962158918
2465	0.009365074336528778
2466	0.008458428084850311
2467	0.007821406237781048
2468	0.008992696180939674
2469	0.00948652345687151
2470	0.007221260108053684
2471	0.007784632500261068
2472	0.009341238997876644
2473	0.008319324813783169
2474	0.0071178521029651165
2475	0.007187265902757645
2476	0.0069680893793702126
2477	0.007116603199392557
2478	0.005437029059976339
2479	0.007045113947242498
2480	0.006827530451118946
2481	0.0069701275788247585
2482	0.008747845888137817
2483	0.008603415451943874
2484	0.008239575661718845
2485	0.0073134214617311954
2486	0.007961586117744446
2487	0.010209858417510986
2488	0.010557574220001698
2489	0.009135332889854908
2490	0.010785803198814392
2491	0.0152974221855402
2492	0.012308867648243904
2493	0.013362988829612732
2494	0.015770239755511284
2495	0.017045143991708755
2496	0.014086809940636158
2497	0.014724517241120338
2498	0.01363902073353529
2499	0.016410795971751213
2500	0.013247447088360786
2501	0.01686730794608593
2502	0.022032838314771652
2503	0.026979757472872734
2504	0.02348959445953369
2505	0.01688210666179657
2506	0.02062339335680008
2507	0.028601018711924553
2508	0.027901941910386086
2509	0.02841525711119175
2510	0.027674704790115356
2511	0.028601422905921936
2512	0.022077593952417374
2513	0.02667301893234253
2514	0.029498428106307983
2515	0.028787216171622276
2516	0.026443058624863625
2517	0.0486125685274601
2518	0.03174508735537529
2519	0.027192512527108192
2520	0.020251667127013206
2521	0.02257860079407692
2522	0.028768768534064293
2523	0.028145378455519676
2524	0.02255125157535076
2525	0.020157968625426292
2526	0.018442830070853233
2527	0.022084413096308708
2528	0.02624136582016945
2529	0.022759711369872093
2530	0.01603177934885025
2531	0.018581628799438477
2532	0.014371752738952637
2533	0.01997787319123745
2534	0.02124113403260708
2535	0.021303074434399605
2536	0.019774461165070534
2537	0.020799538120627403
2538	0.018112657591700554
2539	0.02486700564622879
2540	0.020684881135821342
2541	0.01596582867205143
2542	0.009271711111068726
2543	0.009510536678135395
2544	0.008568721823394299
2545	0.0078034657053649426
2546	0.008334042504429817
2547	0.008613409474492073
2548	0.010114587843418121
2549	0.013334994204342365
2550	0.01066018920391798
2551	0.012379749678075314
2552	0.00979298260062933
2553	0.008151369169354439
2554	0.010237726382911205
2555	0.011917577125132084
2556	0.010340990498661995
2557	0.013484354130923748
2558	0.013297113589942455
2559	0.011433429084718227
2560	0.010384971275925636
2561	0.008004093542695045
2562	0.010723242536187172
2563	0.011834278702735901
2564	0.009595678187906742
2565	0.008833212777972221
2566	0.007262700702995062
2567	0.0076685696840286255
2568	0.007495682220906019
2569	0.011732261627912521
2570	0.011696341447532177
2571	0.017624974250793457
2572	0.012307901866734028
2573	0.016179827973246574
2574	0.010131610557436943
2575	0.011680287308990955
2576	0.007736197207123041
2577	0.012824895791709423
2578	0.01870364509522915
2579	0.02227669022977352
2580	0.01634286716580391
2581	0.023658087477087975
2582	0.030084235593676567
2583	0.027811845764517784
2584	0.017915545031428337
2585	0.01782042346894741
2586	0.01762211136519909
2587	0.015371578745543957
2588	0.01029724720865488
2589	0.009147370234131813
2590	0.011689781211316586
2591	0.02757296897470951
2592	0.019891949370503426
2593	0.03150361776351929
2594	0.01230691559612751
2595	0.010030086152255535
2596	0.0108034061267972
2597	0.012817646376788616
2598	0.012445919215679169
2599	0.017634745687246323
2600	0.019838126376271248
2601	0.02779669128358364
2602	0.016585972160100937
2603	0.015651768073439598
2604	0.013946195133030415
2605	0.012561045587062836
2606	0.01603342592716217
2607	0.011699864640831947
2608	0.008920112624764442
2609	0.009970235638320446
2610	0.00957248080521822
2611	0.012014314532279968
2612	0.009399283677339554
2613	0.007150580175220966
2614	0.00744122639298439
2615	0.010365313850343227
2616	0.010656503960490227
2617	0.00906990747898817
2618	0.007611432578414679
2619	0.009271676652133465
2620	0.010918423533439636
2621	0.012172704562544823
2622	0.010905993171036243
2623	0.013355101458728313
2624	0.017048105597496033
2625	0.016296330839395523
2626	0.010979357175529003
2627	0.011696439236402512
2628	0.011982239782810211
2629	0.011644583195447922
2630	0.01008895318955183
2631	0.012077179737389088
2632	0.01316621620208025
2633	0.01356592494994402
2634	0.010305586270987988
2635	0.013082674704492092
2636	0.012972714379429817
2637	0.013484855182468891
2638	0.015206691808998585
2639	0.013503414578735828
2640	0.014486345462501049
2641	0.012619728222489357
2642	0.013012676499783993
2643	0.01107559259980917
2644	0.01169909443706274
2645	0.01196268666535616
2646	0.014737826772034168
2647	0.0120542636141181
2648	0.013293399475514889
2649	0.011866914108395576
2650	0.010511307045817375
2651	0.011039997451007366
2652	0.008981028571724892
2653	0.00929235853254795
2654	0.007099952548742294
2655	0.008625214919447899
2656	0.005065078381448984
2657	0.00882959645241499
2658	0.0078073227778077126
2659	0.008096487261354923
2660	0.007945524528622627
2661	0.005838712211698294
2662	0.005795972887426615
2663	0.009082913398742676
2664	0.006920815911144018
2665	0.006500985473394394
2666	0.010568949393928051
2667	0.012204400263726711
2668	0.0076187304221093655
2669	0.007290549576282501
2670	0.00545383570715785
2671	0.006947406567633152
2672	0.007215483579784632
2673	0.0079522505402565
2674	0.012936360202729702
2675	0.01490543782711029
2676	0.015356207266449928
2677	0.014690473675727844
2678	0.013240018859505653
2679	0.011293935589492321
2680	0.00887842196971178
2681	0.015089442022144794
2682	0.01036833692342043
2683	0.011431082151830196
2684	0.0055575924925506115
2685	0.0066802906803786755
2686	0.007494878955185413
2687	0.007122002076357603
2688	0.00863624271005392
2689	0.010071657598018646
2690	0.009646330960094929
2691	0.0067233010195195675
2692	0.006432758178561926
2693	0.005679312627762556
2694	0.0052324458956718445
2695	0.006785289850085974
2696	0.004003594163805246
2697	0.005229417700320482
2698	0.005165365058928728
2699	0.005356087349355221
2700	0.007010167930275202
2701	0.006504827179014683
2702	0.008390662260353565
2703	0.008316627703607082
2704	0.0076883877627551556
2705	0.005471234675496817
2706	0.006573276128619909
2707	0.009992371313273907
2708	0.006712216883897781
2709	0.008832578547298908
2710	0.005626143887639046
2711	0.004928588401526213
2712	0.004785635508596897
2713	0.004336054902523756
2714	0.004661396145820618
2715	0.0051676868461072445
2716	0.004518214613199234
2717	0.005329072009772062
2718	0.006837043445557356
2719	0.0045344228856265545
2720	0.0054071396589279175
2721	0.006956483703106642
2722	0.007813195697963238
2723	0.010359636507928371
2724	0.009922279044985771
2725	0.006077394355088472
2726	0.007103984709829092
2727	0.0065174400806427
2728	0.004769989755004644
2729	0.007173620164394379
2730	0.006290181074291468
2731	0.007275737356394529
2732	0.006629593204706907
2733	0.006444098893553019
2734	0.004974965937435627
2735	0.007170578930526972
2736	0.006473896559327841
2737	0.00606163963675499
2738	0.005760848987847567
2739	0.004934871569275856
2740	0.004978012293577194
2741	0.005360194947570562
2742	0.00485259061679244
2743	0.005324778612703085
2744	0.006588914897292852
2745	0.005795651581138372
2746	0.006934854667633772
2747	0.006937832571566105
2748	0.006336059421300888
2749	0.0060803876258432865
2750	0.0057648248039186
2751	0.006629937328398228
2752	0.005487015936523676
2753	0.006443487014621496
2754	0.005061508622020483
2755	0.007090359926223755
2756	0.008002283982932568
2757	0.00730796018615365
2758	0.008358725346624851
2759	0.009663674049079418
2760	0.007610809989273548
2761	0.008652536198496819
2762	0.008242767304182053
2763	0.011361493729054928
2764	0.012930911965668201
2765	0.012065394781529903
2766	0.01638737879693508
2767	0.01759191043674946
2768	0.0169273279607296
2769	0.017795661464333534
2770	0.02622280828654766
2771	0.01783176138997078
2772	0.018785035237669945
2773	0.015709741041064262
2774	0.011743302457034588
2775	0.014425600878894329
2776	0.01567973755300045
2777	0.028545891866087914
2778	0.06279349327087402
2779	0.1304844617843628
2780	0.18058285117149353
2781	0.25056639313697815
2782	0.13405703008174896
2783	0.1283923238515854
2784	0.1492571085691452
2785	0.1956147700548172
2786	0.39137598872184753
2787	0.6019583940505981
2788	0.6971561908721924
2789	0.7547385692596436
2790	0.899145245552063
2791	0.9292096495628357
2792	0.9153090715408325
2793	0.9297087788581848
2794	0.9607746005058289
2795	0.9351709485054016
2796	0.8882864117622375
2797	0.9733836054801941
2798	0.9615570306777954
2799	0.967276394367218
2800	0.9185884594917297
2801	0.8720442056655884
2802	0.8047369122505188
2803	0.8571428656578064
2804	0.6538309454917908
2805	0.7140173316001892
2806	0.7323699593544006
2807	0.7129001617431641
2808	0.3184106647968292
2809	0.3922193944454193
2810	0.053700584918260574
2811	0.04722214490175247
2812	0.2335013896226883
2813	0.8816972970962524
2814	0.974163830280304
2815	0.9737319350242615
2816	0.9838438034057617
2817	0.9817315936088562
2818	0.9379671216011047
2819	0.9519538879394531
2820	0.8941669464111328
2821	0.9088056683540344
2822	0.9224319458007812
2823	0.9801668524742126
2824	0.9794629216194153
2825	0.9790566563606262
2826	0.9340714812278748
2827	0.9065077900886536
2828	0.7124857306480408
2829	0.041961606591939926
2830	0.0137944296002388
2831	0.08495353907346725
2832	0.6259787082672119
2833	0.8468012809753418
2834	0.7311121821403503
2835	0.46094369888305664
2836	0.3670142590999603
2837	0.8641600608825684
2838	0.9282278418540955
2839	0.9445837140083313
2840	0.9382187128067017
2841	0.8835857510566711
2842	0.931779682636261
2843	0.9404237866401672
2844	0.8765479922294617
2845	0.9214935302734375
2846	0.824004590511322
2847	0.7835775017738342
2848	0.6409884095191956
2849	0.4352571666240692
2850	0.8909315466880798
2851	0.8819540143013
2852	0.8910805583000183
2853	0.9567663073539734
2854	0.9428475499153137
2855	0.9374687075614929
2856	0.9340993165969849
2857	0.9363095164299011
2858	0.8911269307136536
2859	0.8872985243797302
2860	0.8262344598770142
2861	0.9451565146446228
2862	0.9232126474380493
2863	0.10917472839355469
2864	0.04568745568394661
2865	0.015521484427154064
2866	0.008593390695750713
2867	0.012254905886948109
2868	0.012380975298583508
2869	0.014222721569240093
2870	0.016712235286831856
2871	0.017168845981359482
2872	0.01893245242536068
2873	0.02291252091526985
2874	0.023567719385027885
2875	0.020718732848763466
2876	0.020706994459033012
2877	0.020705897361040115
2878	0.019090183079242706
2879	0.016172638162970543
2880	0.015542778186500072
2881	0.014054602943360806
2882	0.0163615420460701
2883	0.01741172932088375
2884	0.016462666913866997
2885	0.011408502236008644
2886	0.01128582563251257
2887	0.010825663805007935
2888	0.007943603210151196
2889	0.011600499041378498
2890	0.009518535807728767
2891	0.014631688594818115
2892	0.011781307868659496
2893	0.015133625827729702
2894	0.017087353393435478
2895	0.01884600520133972
2896	0.01800498180091381
2897	0.02352159284055233
2898	0.015943460166454315
2899	0.025721697136759758
2900	0.019782332703471184
2901	0.01612056791782379
2902	0.021314075216650963
2903	0.02235342003405094
2904	0.02437416836619377
2905	0.032392192631959915
2906	0.02489468827843666
2907	0.027283985167741776
2908	0.021713633090257645
2909	0.04451398178935051
2910	0.030360836535692215
2911	0.03367085009813309
2912	0.034740474075078964
2913	0.032402154058218
2914	0.027279892936348915
2915	0.023808201774954796
2916	0.020987430587410927
2917	0.019876617938280106
2918	0.01928715407848358
2919	0.016700860112905502
2920	0.02387841045856476
2921	0.017447564750909805
2922	0.017635025084018707
2923	0.028953080996870995
2924	0.02412433736026287
2925	0.033261775970458984
2926	0.021027708426117897
2927	0.03232044726610184
2928	0.08431794494390488
2929	0.12262053787708282
2930	0.2986311614513397
2931	0.5132129788398743
2932	0.21584759652614594
2933	0.0919383093714714
2934	0.08318942040205002
2935	0.11347005516290665
2936	0.08556212484836578
2937	0.1956876963376999
2938	0.4723000228404999
2939	0.7413036227226257
2940	0.863345742225647
2941	0.8537359237670898
2942	0.9573442339897156
2943	0.9792417883872986
2944	0.9802942276000977
2945	0.9348907470703125
2946	0.9359964728355408
2947	0.9372506141662598
2948	0.958230197429657
2949	0.9497947692871094
2950	0.982356071472168
2951	0.9766230583190918
2952	0.9349521994590759
2953	0.9455167055130005
2954	0.92047119140625
2955	0.9778091311454773
2956	0.8877178430557251
2957	0.9517754912376404
2958	0.9171228408813477
2959	0.8504827618598938
2960	0.9280433654785156
2961	0.9542512893676758
2962	0.9230265021324158
2963	0.949741780757904
2964	0.9193553328514099
2965	0.8978990912437439
2966	0.9638742804527283
2967	0.9074454307556152
2968	0.8948014378547668
2969	0.9162178039550781
2970	0.9167276620864868
2971	0.9560741782188416
2972	0.9600786566734314
2973	0.9661170244216919
2974	0.9557499289512634
2975	0.9767845273017883
2976	0.9046560525894165
2977	0.8669266700744629
2978	0.8757755160331726
2979	0.904588520526886
2980	0.8858146071434021
2981	0.8140606880187988
2982	0.8945660591125488
2983	0.9106559753417969
2984	0.5828922390937805
2985	0.5123723149299622
2986	0.15123014152050018
2987	0.473440557718277
2988	0.9212560057640076
2989	0.9089950919151306
2990	0.8347112536430359
2991	0.8048469424247742
2992	0.28325533866882324
2993	0.009656563401222229
2994	0.00903611071407795
2995	0.010807879269123077
2996	0.010310507379472256
2997	0.007561551872640848
2998	0.008368568494915962
2999	0.01011164765805006
3000	0.011738150380551815
3001	0.014305411837995052
3002	0.03224422410130501
3003	0.06624145060777664
3004	0.01546380203217268
3005	0.014306592755019665
3006	0.013707590289413929
3007	0.014500505290925503
3008	0.015516280196607113
3009	0.012782271020114422
3010	0.012840545736253262
3011	0.020319659262895584
3012	0.02043331228196621
3013	0.019177159294486046
3014	0.02258373238146305
3015	0.015495562925934792
3016	0.025656266137957573
3017	0.03800257295370102
3018	0.04517153650522232
3019	0.15407076478004456
3020	0.36412110924720764
3021	0.4455347955226898
3022	0.36657270789146423
3023	0.5121254324913025
3024	0.39171287417411804
3025	0.5635320544242859
3026	0.5758752226829529
3027	0.65528404712677
3028	0.47652560472488403
3029	0.4728129804134369
3030	0.79669588804245
3031	0.753006637096405
3032	0.6998617649078369
3033	0.7655114531517029
3034	0.5479697585105896
3035	0.5450887084007263
3036	0.3229057490825653
3037	0.16617479920387268
3038	0.07142648845911026
3039	0.06989941000938416
3040	0.0572875514626503
3041	0.17620830237865448
3042	0.3000192940235138
3043	0.651748538017273
3044	0.669714093208313
3045	0.7080556154251099
3046	0.7469245195388794
3047	0.7723969221115112
3048	0.7482118010520935
3049	0.7049586176872253
3050	0.7083011865615845
3051	0.6906373500823975
3052	0.8060397505760193
3053	0.9163843393325806
3054	0.9196425676345825
3055	0.9523307681083679
3056	0.9319373369216919
3057	0.8768782615661621
3058	0.773647129535675
3059	0.9771184325218201
3060	0.8555636405944824
3061	0.97036212682724
3062	0.9641329050064087
3063	0.9258527755737305
3064	0.3326093256473541
3065	0.9409295916557312
3066	0.7694389224052429
3067	0.7428429126739502
3068	0.7808777689933777
3069	0.8132600784301758
3070	0.8860465884208679
3071	0.9116975665092468
3072	0.9373087286949158
3073	0.923597514629364
3074	0.9673264622688293
3075	0.7986685633659363
3076	0.7499135732650757
3077	0.8146910071372986
3078	0.9139311909675598
3079	0.9178639650344849
3080	0.9026159644126892
3081	0.9431782960891724
3082	0.9406728744506836
3083	0.10941753536462784
3084	0.009322685189545155
3085	0.01090569980442524
3086	0.010708077810704708
3087	0.009656015783548355
3088	0.010063210502266884
3089	0.009992247447371483
3090	0.009591057896614075
3091	0.013986596837639809
3092	0.010158980265259743
3093	0.012109517119824886
3094	0.011393001303076744
3095	0.013547769747674465
3096	0.012041950598359108
3097	0.011552472598850727
3098	0.014658582396805286
3099	0.013641098514199257
3100	0.011872470378875732
3101	0.013660154305398464
3102	0.016641130670905113
3103	0.014209659770131111
3104	0.017690641805529594
3105	0.015285568311810493
3106	0.01552476454526186
3107	0.014869135804474354
3108	0.013955943286418915
3109	0.00903080590069294
3110	0.013028773479163647
3111	0.010629922151565552
3112	0.012490695342421532
3113	0.015505817718803883
3114	0.01239438634365797
3115	0.011963558383286
3116	0.010913793928921223
3117	0.011916673742234707
3118	0.013599774800240993
