frame	prob
0	0.004848349839448929
1	0.004506811499595642
2	0.0056590065360069275
3	0.004238169174641371
4	0.004033306147903204
5	0.004316133912652731
6	0.004321121610701084
7	0.004450705833733082
8	0.005146884359419346
9	0.004544389899820089
10	0.0044838129542768
11	0.0046951668336987495
12	0.005737317260354757
13	0.00550393620505929
14	0.004658939782530069
15	0.006572887301445007
16	0.006782256066799164
17	0.005350218154489994
18	0.005158573854714632
19	0.0073898062109947205
20	0.004627627786248922
21	0.005114168860018253
22	0.018855884671211243
23	0.007825394161045551
24	0.009059763513505459
25	0.010982053354382515
26	0.01078688632696867
27	0.011647328734397888
28	0.014227734878659248
29	0.022298648953437805
30	0.014864710159599781
31	0.01823076419532299
32	0.04958994314074516
33	0.01834305189549923
34	0.02377573400735855
35	0.02723872661590576
36	0.03869142010807991
37	0.04865482077002525
38	0.08247490972280502
39	0.10282182693481445
40	0.15199868381023407
41	0.23761151731014252
42	0.06324639171361923
43	0.10101397335529327
44	0.23965846002101898
45	0.11295407265424728
46	0.15969491004943848
47	0.14810073375701904
48	0.33857035636901855
49	0.12699651718139648
50	0.16447103023529053
51	0.2365797758102417
52	0.10165003687143326
53	0.13342627882957458
54	0.2358630746603012
55	0.35568419098854065
56	0.24949431419372559
57	0.5069570541381836
58	0.390901654958725
59	0.11480531841516495
60	0.3019661605358124
61	0.4519440233707428
62	0.08386987447738647
63	0.23129932582378387
64	0.11449911445379257
65	0.4350753724575043
66	0.20597361028194427
67	0.3084253966808319
68	0.25869759917259216
69	0.27202916145324707
70	0.6577827334403992
71	0.4315407872200012
72	0.5361517071723938
73	0.43817195296287537
74	0.7108614444732666
75	0.24781516194343567
76	0.2971974313259125
77	0.29035526514053345
78	0.15670053660869598
79	0.30411145091056824
80	0.6873632073402405
81	0.6552060842514038
82	0.48059341311454773
83	0.45038294792175293
84	0.5578166246414185
85	0.5016978979110718
86	0.7023240923881531
87	0.6812406778335571
88	0.6328235864639282
89	0.6482101678848267
90	0.7120192050933838
91	0.6463755965232849
92	0.38897815346717834
93	0.45950594544410706
94	0.13476546108722687
95	0.22260557115077972
96	0.26448488235473633
97	0.2130923718214035
98	0.2676113247871399
99	0.3996749818325043
100	0.5248226523399353
101	0.27974650263786316
102	0.18456193804740906
103	0.25481367111206055
104	0.14780621230602264
105	0.3497046232223511
106	0.27447566390037537
107	0.3896143436431885
108	0.2476627379655838
109	0.31769582629203796
110	0.23305921256542206
111	0.4554344713687897
112	0.16305406391620636
113	0.20630598068237305
114	0.09545589983463287
115	0.1759175807237625
116	0.13934959471225739
117	0.20343933999538422
118	0.10982918739318848
119	0.042231034487485886
120	0.015778860077261925
121	0.044451985508203506
122	0.05508805066347122
123	0.024081479758024216
124	0.13488605618476868
125	0.02862534485757351
126	0.014460548758506775
127	0.04452918469905853
128	0.08176400512456894
129	0.16710630059242249
130	0.14029386639595032
131	0.33069735765457153
132	0.3393987715244293
133	0.6030680537223816
134	0.8028978705406189
135	0.6679357886314392
136	0.8793903589248657
137	0.8069104552268982
138	0.9301071166992188
139	0.9510653614997864
140	0.9080629348754883
141	0.8524174094200134
142	0.9755768775939941
143	0.9082149863243103
144	0.8855167627334595
145	0.886448860168457
146	0.897633969783783
147	0.9473703503608704
148	0.9390472769737244
149	0.9341278076171875
150	0.9308058619499207
151	0.9152904748916626
152	0.9449548721313477
153	0.9500161409378052
154	0.9167706370353699
155	0.8535566329956055
156	0.8982947468757629
157	0.7818276882171631
158	0.8069972991943359
159	0.9035871624946594
160	0.943230152130127
161	0.868867039680481
162	0.8296219110488892
163	0.5556684136390686
164	0.7394596934318542
165	0.4328957498073578
166	0.3494367003440857
167	0.6030228734016418
168	0.3403395712375641
169	0.17532803118228912
170	0.7468243837356567
171	0.9106106162071228
172	0.8890461921691895
173	0.9153730273246765
174	0.8000553250312805
175	0.8505247235298157
176	0.8291881680488586
177	0.8060025572776794
178	0.26216694712638855
179	0.010877728462219238
180	0.0071848491206765175
181	0.00963663961738348
182	0.0057150498032569885
183	0.013135567307472229
184	0.011228643357753754
185	0.009892452508211136
186	0.014440161176025867
187	0.012934756465256214
188	0.016078755259513855
189	0.012191449292004108
190	0.009149338118731976
191	0.013841829262673855
192	0.008921751752495766
193	0.010320375673472881
194	0.006775884423404932
195	0.008110183291137218
196	0.009153683669865131
197	0.0132250702008605
198	0.010739028453826904
199	0.013266371563076973
200	0.012678049504756927
201	0.01496688462793827
202	0.01050291396677494
203	0.017765088006854057
204	0.020130498334765434
205	0.014574358239769936
206	0.01585814543068409
207	0.024519741535186768
208	0.015280462801456451
209	0.019088182598352432
210	0.02192012406885624
211	0.023273292928934097
212	0.01607898809015751
213	0.014521302655339241
214	0.014676186256110668
215	0.015753574669361115
216	0.008236127905547619
217	0.012235709466040134
218	0.008415323682129383
219	0.008408973924815655
220	0.010422910563647747
221	0.014723233878612518
222	0.010207637213170528
223	0.011637749150395393
224	0.011249268427491188
225	0.009125626645982265
226	0.008978219702839851
227	0.012101043947041035
228	0.009114325046539307
229	0.010792977176606655
230	0.010680238716304302
231	0.008908882737159729
232	0.008778713643550873
233	0.014824177138507366
234	0.010964632965624332
235	0.012349392287433147
236	0.007073796819895506
237	0.011151536367833614
238	0.012443323619663715
239	0.013309239409863949
240	0.011872345581650734
241	0.011462499387562275
242	0.008885499089956284
243	0.008802046068012714
244	0.008375045843422413
245	0.008210076950490475
246	0.006448693573474884
247	0.0077689946629107
248	0.006976831238716841
249	0.008736733347177505
250	0.008710125461220741
251	0.010827342979609966
252	0.0096186064183712
253	0.010184414684772491
254	0.01269353087991476
255	0.015332899056375027
256	0.01285803597420454
257	0.013408729806542397
258	0.01098379772156477
259	0.011203146539628506
260	0.014331832528114319
261	0.01443891879171133
262	0.020078478381037712
263	0.02331678383052349
264	0.012815278954803944
265	0.02041231095790863
266	0.01698761060833931
267	0.02604273334145546
268	0.03986327722668648
269	0.06201636791229248
270	0.04457651451230049
271	0.06591716408729553
272	0.016329292207956314
273	0.016917092725634575
274	0.022959573194384575
275	0.03580104187130928
276	0.02222394198179245
277	0.01942049339413643
278	0.027259916067123413
279	0.03302789479494095
280	0.03188486397266388
281	0.03568439558148384
282	0.03143499419093132
283	0.029952971264719963
284	0.019250888377428055
285	0.03418755158782005
286	0.037530362606048584
287	0.04110950976610184
288	0.01881067268550396
289	0.05505186319351196
290	0.04308320954442024
291	0.03208394721150398
292	0.036136236041784286
293	0.03684600815176964
294	0.019853806123137474
295	0.02357110194861889
296	0.024303831160068512
297	0.042766060680150986
298	0.021802915260195732
299	0.017903422936797142
300	0.011447842232882977
301	0.016892898827791214
302	0.0151688726618886
303	0.014945742674171925
304	0.020304981619119644
305	0.02025274559855461
306	0.019630884751677513
307	0.014656031504273415
308	0.017162660136818886
309	0.025981051847338676
310	0.03680635243654251
311	0.030030999332666397
312	0.0380251482129097
313	0.03746037557721138
314	0.01814393699169159
315	0.024704407900571823
316	0.025179315358400345
317	0.037507522851228714
318	0.032473839819431305
319	0.03193661570549011
320	0.029839253053069115
321	0.02070261910557747
322	0.012927064672112465
323	0.018896300345659256
324	0.007997043430805206
325	0.011525134555995464
326	0.011127161793410778
327	0.011227182112634182
328	0.007078669965267181
329	0.007359078619629145
330	0.007223249413073063
331	0.010135523043572903
332	0.010178050957620144
333	0.011378849856555462
334	0.010004594922065735
335	0.010049757547676563
336	0.009064169600605965
337	0.006217611022293568
338	0.008181964047253132
339	0.007837285287678242
340	0.007750410120934248
341	0.0071088881231844425
342	0.007738694082945585
343	0.004756430629640818
344	0.006200855132192373
345	0.00498677883297205
346	0.004630902782082558
347	0.005083457101136446
348	0.006499911192804575
349	0.01126848440617323
350	0.009899531491100788
351	0.01264240499585867
352	0.01137610524892807
353	0.009563321247696877
354	0.00829447340220213
355	0.009915192611515522
356	0.008453776128590107
357	0.007538009434938431
358	0.007218033075332642
359	0.007992093451321125
360	0.007294780109077692
361	0.006773410830646753
362	0.006635122001171112
363	0.007624264806509018
364	0.007785197347402573
365	0.007225999142974615
366	0.007218179292976856
367	0.007196663413196802
368	0.00684173172339797
369	0.006739600095897913
370	0.00722334673628211
371	0.007923704572021961
372	0.008515714667737484
373	0.010268052108585835
374	0.011681260541081429
375	0.010944413021206856
376	0.006963407155126333
377	0.008198343217372894
378	0.006434878800064325
379	0.005626681260764599
380	0.0059086293913424015
381	0.005865036975592375
382	0.00487881526350975
383	0.005151134449988604
384	0.005568723659962416
385	0.0054754759185016155
386	0.00577299389988184
387	0.004573592450469732
388	0.00452731316909194
389	0.004920740611851215
390	0.004578322172164917
391	0.0039018585812300444
392	0.003727852599695325
393	0.004395057912915945
394	0.003835175884887576
395	0.00423940597102046
396	0.004112107213586569
397	0.0035258883144706488
398	0.004426568280905485
399	0.004114249255508184
400	0.004307150840759277
401	0.003886627033352852
402	0.004718524869531393
403	0.004052286501973867
404	0.003928542137145996
405	0.004245323594659567
406	0.003997362218797207
407	0.004026304930448532
408	0.004196664784103632
409	0.00537621695548296
410	0.006112390663474798
411	0.00519214104861021
412	0.005716477986425161
413	0.005278111435472965
414	0.005022394936531782
415	0.005648932885378599
416	0.006950785405933857
417	0.00679050525650382
418	0.007327738683670759
419	0.008873785845935345
420	0.007260544691234827
421	0.019451400265097618
422	0.01284544076770544
423	0.00840410590171814
424	0.011068684048950672
425	0.013309493660926819
426	0.026351094245910645
427	0.12661154568195343
428	0.12235736846923828
429	0.14798124134540558
430	0.42346903681755066
431	0.34248650074005127
432	0.580169141292572
433	0.677933394908905
434	0.7022122740745544
435	0.6950197219848633
436	0.731461763381958
437	0.7793866991996765
438	0.7183826565742493
439	0.8700729608535767
440	0.8063173294067383
441	0.8329924941062927
442	0.7864525318145752
443	0.820054829120636
444	0.4818386137485504
445	0.5828415751457214
446	0.6095312237739563
447	0.823620617389679
448	0.6886469721794128
449	0.7092579007148743
450	0.8471125960350037
451	0.7512046694755554
452	0.6722003817558289
453	0.7570099830627441
454	0.6176918148994446
455	0.6180242896080017
456	0.5861449241638184
457	0.5095127820968628
458	0.7888504266738892
459	0.8770559430122375
460	0.6957495808601379
461	0.778003990650177
462	0.7086353898048401
463	0.7033853530883789
464	0.6053144335746765
465	0.6071084141731262
466	0.6955835819244385
467	0.7774941921234131
468	0.5892235040664673
469	0.7300924062728882
470	0.6894981265068054
471	0.8474568724632263
472	0.5992246866226196
473	0.713462769985199
474	0.5158814191818237
475	0.5504575967788696
476	0.662267804145813
477	0.7160170674324036
478	0.8121604919433594
479	0.6929885745048523
480	0.7937559485435486
481	0.6790938377380371
482	0.7343915104866028
483	0.5844933390617371
484	0.7134188413619995
485	0.7804054617881775
486	0.6715922355651855
487	0.7093672752380371
488	0.5856555700302124
489	0.8050063252449036
490	0.7650288939476013
491	0.7741542458534241
492	0.6394423842430115
493	0.699429452419281
494	0.5943495631217957
495	0.007919899187982082
496	0.006845482625067234
497	0.004843334201723337
498	0.006352927070111036
499	0.008406434208154678
500	0.0075939917005598545
501	0.009547230787575245
502	0.010833513922989368
503	0.007841275073587894
504	0.007119039539247751
505	0.007047932129353285
506	0.007790518458932638
507	0.006107766181230545
508	0.008350275456905365
509	0.006660874467343092
510	0.007146913092583418
511	0.005498461425304413
512	0.006539273541420698
513	0.007099617272615433
514	0.005608886014670134
515	0.004865969065576792
516	0.005045573692768812
517	0.005000953562557697
518	0.005283617880195379
519	0.00799739919602871
520	0.004832231439650059
521	0.005641705822199583
522	0.007353618275374174
523	0.0068672881461679935
524	0.007242053281515837
525	0.007209382951259613
526	0.007111402694135904
527	0.008540904149413109
528	0.006922696717083454
529	0.006781222764402628
530	0.006178459618240595
531	0.004887698218226433
532	0.005986016243696213
533	0.006214160472154617
534	0.0044839209876954556
535	0.005690342281013727
536	0.005001516547054052
537	0.005318749230355024
538	0.005892478860914707
539	0.004649907350540161
540	0.0052314638160169125
541	0.005693376064300537
542	0.005677412264049053
543	0.005888155195862055
544	0.006093520205467939
545	0.006763003766536713
546	0.005303357727825642
547	0.0047711096704006195
548	0.0033604286145418882
549	0.006192930042743683
550	0.00634322315454483
551	0.0049081044271588326
552	0.003758322447538376
553	0.0037094547878950834
554	0.003972429316490889
555	0.0048606740310788155
556	0.004532411228865385
557	0.00516448775306344
558	0.0051569449715316296
559	0.004584376700222492
560	0.004613400436937809
561	0.004405643325299025
562	0.00408394867554307
563	0.004212814848870039
564	0.004546561278402805
565	0.005189679097384214
566	0.005105053074657917
567	0.006599321495741606
568	0.006385511253029108
569	0.007490962743759155
570	0.007351903710514307
571	0.006488134153187275
572	0.008709440939128399
573	0.006076300982385874
574	0.006405864842236042
575	0.007598956115543842
576	0.009912345558404922
577	0.012651934288442135
578	0.018900413066148758
579	0.023718589916825294
580	0.041814111173152924
581	0.07825305312871933
582	0.231183722615242
583	0.2115764617919922
584	0.0828053280711174
585	0.14272741973400116
586	0.09203143417835236
587	0.15217719972133636
588	0.135198712348938
589	0.40274736285209656
590	0.18133044242858887
591	0.3850843608379364
592	0.46404144167900085
593	0.5554239749908447
594	0.6034224033355713
595	0.5460410118103027
596	0.5106346011161804
597	0.6552032828330994
598	0.5707074999809265
599	0.5958063006401062
600	0.40324869751930237
601	0.6151771545410156
602	0.42273807525634766
603	0.5607053637504578
604	0.6030062437057495
605	0.8453968167304993
606	0.7145435214042664
607	0.6699623465538025
608	0.6880726218223572
609	0.7938259243965149
610	0.6116489171981812
611	0.8155664801597595
612	0.7623002529144287
613	0.8160206079483032
614	0.5125530362129211
615	0.591322124004364
616	0.6711260080337524
617	0.7508922815322876
618	0.7619583010673523
619	0.8471447825431824
620	0.7808136343955994
621	0.8014882206916809
622	0.3502330780029297
623	0.6706836223602295
624	0.44748497009277344
625	0.6363206505775452
626	0.4721066951751709
627	0.8017429709434509
628	0.7559548020362854
629	0.7542992830276489
630	0.5080549716949463
631	0.6531062126159668
632	0.7951366901397705
633	0.8267608880996704
634	0.7322568893432617
635	0.6925569176673889
636	0.7437946200370789
637	0.7316291928291321
638	0.7886562347412109
639	0.8862367868423462
640	0.9085113406181335
641	0.898139476776123
642	0.7174457907676697
643	0.9275137782096863
644	0.8831461071968079
645	0.8092970848083496
646	0.6181367039680481
647	0.8233780860900879
648	0.33008450269699097
649	0.031071513891220093
650	0.009246363304555416
651	0.007558383047580719
652	0.0056724222376942635
653	0.007762834429740906
654	0.006093113217502832
655	0.014957035891711712
656	0.01543301623314619
657	0.01538820005953312
658	0.014024448581039906
659	0.007643597666174173
660	0.004399322904646397
661	0.009976032190024853
662	0.011274064891040325
663	0.007809903472661972
664	0.009604834020137787
665	0.01585010066628456
666	0.011920039542019367
667	0.011843656189739704
668	0.009482341818511486
669	0.012234673835337162
670	0.009753516875207424
671	0.014822888188064098
672	0.016987308859825134
673	0.013388616032898426
674	0.013312029652297497
675	0.015868738293647766
676	0.016335999593138695
677	0.01952534168958664
678	0.014689663425087929
679	0.021279172971844673
680	0.016446223482489586
681	0.03645886108279228
682	0.022214967757463455
683	0.024429185315966606
684	0.017771610990166664
685	0.02584925666451454
686	0.01167419832199812
687	0.022966166958212852
688	0.018122166395187378
689	0.014351901598274708
690	0.007827258668839931
691	0.010263502597808838
692	0.010567361488938332
693	0.012535810470581055
694	0.012052790261805058
695	0.006715431809425354
696	0.009279467165470123
697	0.012885990552604198
698	0.011500577442348003
699	0.011009996756911278
700	0.007667561061680317
701	0.006653205491602421
702	0.007325449492782354
703	0.006088739726692438
704	0.0063822390511631966
705	0.0072428262792527676
706	0.006587642710655928
707	0.006469246931374073
708	0.0054228343069553375
709	0.007814843207597733
710	0.006703383754938841
711	0.006339784245938063
712	0.004275351297110319
713	0.005558145232498646
714	0.005043042823672295
715	0.005560022778809071
716	0.004162405151873827
717	0.00593942403793335
718	0.005108787212520838
719	0.006437043193727732
720	0.004963196814060211
721	0.004219241440296173
722	0.0052576507441699505
723	0.004289727192372084
724	0.004656422883272171
725	0.003853690577670932
726	0.003677545115351677
727	0.0037028533406555653
728	0.00392817473039031
729	0.003604393219575286
730	0.0035680518485605717
731	0.004120147321373224
732	0.003793090581893921
733	0.002711596665903926
734	0.0025127350818365812
735	0.0021062945015728474
736	0.00196368177421391
737	0.0032883845269680023
738	0.004179994575679302
739	0.0034565438982099295
740	0.0031704071443527937
741	0.005892443936318159
742	0.005254857242107391
743	0.005294672679156065
744	0.006152414251118898
745	0.007445260416716337
746	0.007356951478868723
747	0.005822114646434784
748	0.007051354739814997
749	0.007145395968109369
750	0.0074281031265854836
751	0.008026577532291412
752	0.007735111750662327
753	0.007433120161294937
754	0.006835948210209608
755	0.00878404825925827
756	0.013112482614815235
757	0.015986694023013115
758	0.015265963040292263
759	0.009642213582992554
760	0.014475827105343342
761	0.08722803741693497
762	0.06702536344528198
763	0.1634877771139145
764	0.11677700281143188
765	0.07593061774969101
766	0.08024777472019196
767	0.10658728331327438
768	0.04773679003119469
769	0.10764564573764801
770	0.2075854390859604
771	0.15686629712581635
772	0.19390617311000824
773	0.3503309190273285
774	0.2051563709974289
775	0.5119749903678894
776	0.507559597492218
777	0.17370398342609406
778	0.7284314632415771
779	0.7940698266029358
780	0.8331203460693359
781	0.8640804290771484
782	0.8970274925231934
783	0.8925922513008118
784	0.7871502637863159
785	0.7136704325675964
786	0.6832656264305115
787	0.8554041981697083
788	0.767608106136322
789	0.5678268671035767
790	0.7797858119010925
791	0.46028199791908264
792	0.6136788725852966
793	0.6618772149085999
794	0.615608274936676
795	0.6222100853919983
796	0.7673109173774719
797	0.7982646226882935
798	0.7197953462600708
799	0.6922613382339478
800	0.7814415097236633
801	0.6547223925590515
802	0.8787735104560852
803	0.8291191458702087
804	0.6899634003639221
805	0.8871105313301086
806	0.7991648316383362
807	0.8553934097290039
808	0.840794026851654
809	0.8222764134407043
810	0.8485597968101501
811	0.8015810251235962
812	0.7641035914421082
813	0.8039554953575134
814	0.9493408203125
815	0.9559412002563477
816	0.9480178952217102
817	0.9504196047782898
818	0.96281498670578
819	0.8833860754966736
820	0.8551141619682312
821	0.9693285226821899
822	0.9153019189834595
823	0.9327792525291443
824	0.891396164894104
825	0.9338800311088562
826	0.8638837933540344
827	0.838390052318573
828	0.9457418322563171
829	0.9463207125663757
830	0.8876170516014099
831	0.9079381227493286
832	0.8719735145568848
833	0.7644506692886353
834	0.874506950378418
835	0.952658474445343
836	0.91774982213974
837	0.9149358868598938
838	0.961094319820404
839	0.9590309262275696
840	0.8293735384941101
841	0.95296710729599
842	0.9420488476753235
843	0.9688999056816101
844	0.9462448358535767
845	0.9752370119094849
846	0.9523183703422546
847	0.9600014090538025
848	0.951448917388916
849	0.9741617441177368
850	0.9844188690185547
851	0.9693143963813782
852	0.9724445343017578
853	0.9734495282173157
854	0.9686341285705566
855	0.9832529425621033
856	0.974835991859436
857	0.9696510434150696
858	0.9172922372817993
859	0.9678863883018494
860	0.9484539031982422
861	0.9640475511550903
862	0.8980156779289246
863	0.8317319750785828
864	0.772627592086792
865	0.2060740441083908
866	0.021434208378195763
867	0.009728865697979927
868	0.005226240959018469
869	0.011177913285791874
870	0.022249270230531693
871	0.033074237406253815
872	0.049355316907167435
873	0.020063305273652077
874	0.017816759645938873
875	0.013650218024849892
876	0.009653301909565926
877	0.006641154643148184
878	0.005683951545506716
879	0.00563883176073432
880	0.006322900298982859
881	0.004269149154424667
882	0.005544645246118307
883	0.00647493451833725
884	0.0076725780963897705
885	0.006337581668049097
886	0.005073742941021919
887	0.005336732603609562
888	0.006047589238733053
889	0.005639188922941685
890	0.00724017946049571
891	0.007595788687467575
892	0.006891835015267134
893	0.007864504121243954
894	0.00858988892287016
895	0.007813403382897377
896	0.0060576181858778
897	0.009935780428349972
898	0.010056603699922562
899	0.009589499793946743
900	0.007798913866281509
901	0.010136667639017105
902	0.009471166878938675
903	0.007642603013664484
904	0.006475278176367283
905	0.01046592928469181
906	0.007065392564982176
907	0.010725862346589565
908	0.007256272714585066
909	0.010453899390995502
910	0.00938859861344099
911	0.009984857402741909
912	0.00890437513589859
913	0.009812705218791962
914	0.009591246955096722
915	0.007609763648360968
916	0.005775276571512222
917	0.007839858531951904
918	0.00624220073223114
919	0.0059188902378082275
920	0.0063196406699717045
921	0.009067406877875328
922	0.010836909525096416
923	0.010889683850109577
924	0.006211040075868368
925	0.007724583148956299
926	0.0057639773003757
927	0.005630990490317345
928	0.009336267597973347
929	0.005922481883317232
930	0.006303519010543823
931	0.009067103266716003
932	0.00785724725574255
933	0.0098292650654912
934	0.009054034017026424
935	0.007660658564418554
936	0.009611458517611027
937	0.009510675445199013
938	0.007094021420925856
939	0.0076898373663425446
940	0.005001984070986509
941	0.006766374688595533
942	0.006082425359636545
943	0.00952041707932949
944	0.007842976599931717
945	0.005904208868741989
946	0.007461028639227152
947	0.009914889000356197
948	0.010963215492665768
949	0.02000795304775238
950	0.030992228537797928
951	0.06191258504986763
952	0.027303794398903847
953	0.06390821188688278
954	0.09488915652036667
955	0.08445709943771362
956	0.03648633509874344
957	0.04111916571855545
958	0.02806524746119976
959	0.04712362214922905
960	0.022172028198838234
961	0.04281870275735855
962	0.024501098319888115
963	0.045428019016981125
964	0.04893681779503822
965	0.056825485080480576
966	0.06100885942578316
967	0.07268060743808746
968	0.05285250023007393
969	0.10692162811756134
970	0.04940411075949669
971	0.27439790964126587
972	0.11453492939472198
973	0.42537832260131836
974	0.13662122189998627
975	0.3610956072807312
976	0.2544253468513489
977	0.6432192325592041
978	0.558680534362793
979	0.6171900629997253
980	0.6671225428581238
981	0.649548351764679
982	0.8594719767570496
983	0.8367061614990234
984	0.6917309165000916
985	0.8508656620979309
986	0.6900897026062012
987	0.706871509552002
988	0.7026113271713257
989	0.7308695912361145
990	0.8407449722290039
991	0.8802011609077454
992	0.9123038649559021
993	0.8679826855659485
994	0.7739772796630859
995	0.6917839050292969
996	0.8660071492195129
997	0.7257965803146362
998	0.6741251349449158
999	0.8084322214126587
1000	0.7377246022224426
1001	0.8762224316596985
1002	0.8337766528129578
1003	0.8227421045303345
1004	0.72609943151474
1005	0.7702999711036682
1006	0.8098228573799133
1007	0.8081490397453308
1008	0.7398408651351929
1009	0.8106144070625305
1010	0.606735110282898
1011	0.5477027893066406
1012	0.44706282019615173
1013	0.6486509442329407
1014	0.4072284698486328
1015	0.5769259333610535
1016	0.4288032650947571
1017	0.5548144578933716
1018	0.7092736959457397
1019	0.6941675543785095
1020	0.6330996751785278
1021	0.6367281079292297
1022	0.7738535404205322
1023	0.8254889845848083
1024	0.8004419207572937
1025	0.5110535025596619
1026	0.7678050994873047
1027	0.599310040473938
1028	0.6533716320991516
1029	0.5374302268028259
1030	0.48384809494018555
1031	0.5982891917228699
1032	0.529751718044281
1033	0.608351469039917
1034	0.7389184236526489
1035	0.6653263568878174
1036	0.5325042605400085
1037	0.7553021907806396
1038	0.27966490387916565
1039	0.7232224345207214
1040	0.6133868098258972
1041	0.6088448166847229
1042	0.19182999432086945
1043	0.7320942282676697
1044	0.7004269957542419
1045	0.8809590339660645
1046	0.4641110897064209
1047	0.8167646527290344
1048	0.7817301154136658
1049	0.7418397068977356
1050	0.6417576670646667
1051	0.7863781452178955
1052	0.7067148685455322
1053	0.9226387143135071
1054	0.7032647728919983
1055	0.47363948822021484
1056	0.6269958019256592
1057	0.6102379560470581
1058	0.5280573964118958
1059	0.6468046307563782
1060	0.4662039279937744
1061	0.7130416035652161
1062	0.702161431312561
1063	0.08601117134094238
1064	0.011476980522274971
1065	0.0072191315703094006
1066	0.004373610019683838
1067	0.008295958861708641
1068	0.006860172841697931
1069	0.0056252009235322475
1070	0.0058775050565600395
1071	0.007586964871734381
1072	0.008459030650556087
1073	0.007215612567961216
1074	0.0070037939585745335
1075	0.009064768441021442
1076	0.007336650043725967
1077	0.0057653868570923805
1078	0.004557076375931501
1079	0.006580732762813568
1080	0.00645540002733469
1081	0.006260193884372711
1082	0.005194812547415495
1083	0.004465720150619745
1084	0.005132703110575676
1085	0.006183359771966934
1086	0.00670219911262393
1087	0.0034773871302604675
1088	0.007689190097153187
1089	0.010167445056140423
1090	0.012194149196147919
1091	0.010456370189785957
1092	0.010132662951946259
1093	0.013064399361610413
1094	0.008706659078598022
1095	0.007392032537609339
1096	0.008100628852844238
1097	0.010965731926262379
1098	0.011210902594029903
1099	0.015069997869431973
1100	0.01696564070880413
1101	0.010601780377328396
1102	0.012260518968105316
1103	0.01712329499423504
1104	0.012033450417220592
1105	0.019097138196229935
1106	0.01675190031528473
1107	0.019918980076909065
1108	0.015088318847119808
1109	0.019503707066178322
1110	0.016358088701963425
1111	0.01648855395615101
1112	0.02185378596186638
1113	0.021003982052206993
1114	0.015194344334304333
1115	0.01658017747104168
1116	0.012206215411424637
1117	0.015589174814522266
1118	0.014205601997673512
1119	0.013972504995763302
1120	0.013448173180222511
1121	0.010206738486886024
1122	0.008774870075285435
1123	0.011497708037495613
1124	0.005905408412218094
1125	0.005760985892266035
1126	0.005921774078160524
1127	0.005281850695610046
1128	0.005556393414735794
1129	0.004797198344022036
1130	0.004389698151499033
1131	0.004369636531919241
1132	0.005032125394791365
1133	0.004552628844976425
1134	0.004160899668931961
1135	0.003965761512517929
1136	0.004112598020583391
1137	0.004374656360596418
1138	0.0041501945815980434
1139	0.004009166266769171
1140	0.004072151612490416
1141	0.005187594797462225
1142	0.004116793628782034
1143	0.005272647365927696
1144	0.006144487764686346
1145	0.006970047950744629
1146	0.014786839485168457
1147	0.009578057564795017
1148	0.02228543721139431
1149	0.012276165187358856
1150	0.014627451077103615
1151	0.019876012578606606
1152	0.04455012083053589
1153	0.09340884536504745
1154	0.06883329153060913
1155	0.02645137719810009
1156	0.04540996253490448
1157	0.041678767651319504
1158	0.03194895014166832
1159	0.008982108905911446
1160	0.008653941564261913
1161	0.008020572364330292
1162	0.00741210812702775
1163	0.010539703071117401
1164	0.009358040988445282
1165	0.009644212201237679
1166	0.010700443759560585
1167	0.018348466604948044
1168	0.021487057209014893
1169	0.04355037212371826
1170	0.020535293966531754
1171	0.025270551443099976
1172	0.023647895082831383
1173	0.03220001980662346
1174	0.0284303966909647
1175	0.02656622789800167
1176	0.07299815863370895
1177	0.24126756191253662
1178	0.3614303171634674
1179	0.42165324091911316
1180	0.25220000743865967
1181	0.3918001651763916
1182	0.2315075844526291
1183	0.2570444941520691
1184	0.3504849076271057
1185	0.1413147896528244
1186	0.122022345662117
1187	0.13464359939098358
1188	0.13447313010692596
1189	0.17653480172157288
1190	0.27700096368789673
1191	0.23439355194568634
1192	0.2993745803833008
1193	0.39112719893455505
1194	0.25415048003196716
1195	0.46298933029174805
1196	0.5709437727928162
1197	0.3383496403694153
1198	0.2214127779006958
1199	0.24119150638580322
1200	0.17744724452495575
1201	0.07035862654447556
1202	0.10790878534317017
1203	0.3689180612564087
1204	0.3891626000404358
1205	0.3325429856777191
1206	0.42903614044189453
1207	0.474816232919693
1208	0.448993980884552
1209	0.5398607850074768
1210	0.2771870195865631
1211	0.499356746673584
1212	0.46754828095436096
1213	0.5235781669616699
1214	0.5750654339790344
1215	0.675491452217102
1216	0.5858750343322754
1217	0.526913583278656
1218	0.4261171519756317
1219	0.5955337285995483
1220	0.6414424180984497
1221	0.5526596903800964
1222	0.6722816824913025
1223	0.7989341616630554
1224	0.7121004462242126
1225	0.6842201948165894
1226	0.6035899519920349
1227	0.6505686640739441
1228	0.5090436935424805
1229	0.3701725900173187
1230	0.3931216597557068
1231	0.4693462550640106
1232	0.6509270071983337
1233	0.269681841135025
1234	0.4384402334690094
1235	0.3099268972873688
1236	0.2592118978500366
1237	0.5013274550437927
1238	0.44962435960769653
1239	0.3738856017589569
1240	0.6741639971733093
1241	0.6307509541511536
1242	0.591854453086853
1243	0.6742321848869324
1244	0.6662359237670898
1245	0.45759692788124084
1246	0.26988717913627625
1247	0.6893317103385925
1248	0.8690908551216125
1249	0.7915038466453552
1250	0.7058608531951904
1251	0.4026261270046234
1252	0.667411744594574
1253	0.27092957496643066
1254	0.10491865873336792
1255	0.28783515095710754
1256	0.26684099435806274
1257	0.47254306077957153
1258	0.4265460669994354
1259	0.5367010235786438
1260	0.3839302062988281
1261	0.4345770478248596
1262	0.6850332021713257
1263	0.6276909708976746
1264	0.7917250394821167
1265	0.8404554724693298
1266	0.9372760653495789
1267	0.9137008786201477
1268	0.8506489992141724
1269	0.4237273335456848
1270	0.4306550920009613
1271	0.32515862584114075
1272	0.012014145962893963
1273	0.008643065579235554
1274	0.008885088376700878
1275	0.009164896793663502
1276	0.008616399019956589
1277	0.008591747842729092
1278	0.01353034283965826
1279	0.010651598684489727
1280	0.01740359142422676
1281	0.016955619677901268
1282	0.014255225658416748
1283	0.01731898821890354
1284	0.013213914819061756
1285	0.010793834924697876
1286	0.011107612401247025
1287	0.010597877204418182
1288	0.012494584545493126
1289	0.010294049046933651
1290	0.016940517351031303
1291	0.01871168240904808
1292	0.026983359828591347
1293	0.017826927825808525
1294	0.03294921666383743
1295	0.02250630594789982
1296	0.01564144529402256
1297	0.016406649723649025
1298	0.012377427890896797
1299	0.005272489972412586
1300	0.0059654018841683865
1301	0.009801863692700863
1302	0.008893797174096107
1303	0.009761898778378963
1304	0.009192480705678463
1305	0.008255708031356335
1306	0.01214063074439764
1307	0.016812993213534355
1308	0.00945416372269392
1309	0.011875812895596027
1310	0.011972479522228241
1311	0.00824765581637621
1312	0.008897087536752224
1313	0.013179575093090534
1314	0.011682148091495037
1315	0.012280399911105633
1316	0.00954870879650116
1317	0.012016898952424526
1318	0.015796644613146782
1319	0.011417913250625134
1320	0.01035280805081129
1321	0.010496904142200947
1322	0.010972554795444012
1323	0.011653470806777477
1324	0.01118994876742363
1325	0.012680676765739918
1326	0.011191471479833126
1327	0.011797419749200344
1328	0.00876997783780098
1329	0.012357795611023903
1330	0.012019063346087933
1331	0.01296410895884037
1332	0.014896419830620289
1333	0.013406057842075825
1334	0.012618211098015308
1335	0.01127284299582243
1336	0.008865678682923317
1337	0.009143118746578693
1338	0.012518237344920635
1339	0.013365526683628559
1340	0.01152669358998537
1341	0.012092274613678455
1342	0.010775445029139519
1343	0.010659858584403992
1344	0.010789662599563599
1345	0.006566880736500025
1346	0.008752143941819668
1347	0.009700032882392406
1348	0.007446120958775282
1349	0.011184114031493664
1350	0.007479076739400625
1351	0.009874305687844753
1352	0.009799833409488201
1353	0.010809289291501045
1354	0.007990962825715542
1355	0.007252189796417952
1356	0.008429968729615211
1357	0.00771993538364768
1358	0.007305261678993702
1359	0.00757230818271637
1360	0.01044156588613987
1361	0.011525148525834084
1362	0.010308106429874897
1363	0.013664213009178638
1364	0.018866360187530518
1365	0.018691157922148705
1366	0.023485329002141953
1367	0.014484775252640247
1368	0.017222855240106583
1369	0.03459584712982178
1370	0.027251457795500755
1371	0.03845591843128204
1372	0.024454059079289436
1373	0.022438321262598038
1374	0.0231678057461977
1375	0.037910785526037216
1376	0.015497410669922829
1377	0.022627390921115875
1378	0.016163572669029236
1379	0.0344390869140625
1380	0.03106190823018551
1381	0.025066008791327477
1382	0.018765190616250038
1383	0.013744893483817577
1384	0.011374523863196373
1385	0.01348187681287527
1386	0.011003821156919003
1387	0.012136821635067463
1388	0.00859557930380106
1389	0.012083708308637142
1390	0.00787890050560236
1391	0.008334879763424397
1392	0.0061640553176403046
1393	0.006742242258042097
1394	0.0059799253940582275
1395	0.004612018819898367
1396	0.005888232495635748
1397	0.005262759979814291
1398	0.006305386312305927
1399	0.00728350505232811
1400	0.006722748279571533
1401	0.005662892013788223
1402	0.0063661010935902596
1403	0.005616405978798866
1404	0.00689340103417635
1405	0.0056417412124574184
1406	0.005628369282931089
1407	0.0044766697101294994
1408	0.006109085399657488
1409	0.005741822067648172
1410	0.004565969109535217
1411	0.00795858632773161
1412	0.006120504345744848
1413	0.0047227623872458935
1414	0.0050296904519200325
1415	0.0058186971582472324
1416	0.006407130043953657
1417	0.007157313171774149
1418	0.006977963726967573
1419	0.005652862600982189
1420	0.005335231777280569
1421	0.006022732704877853
1422	0.0073268115520477295
1423	0.006617577280849218
1424	0.0056853885762393475
1425	0.005548611283302307
1426	0.006671164184808731
1427	0.006737300660461187
1428	0.006594514939934015
1429	0.0075903660617768764
1430	0.004641672596335411
1431	0.006186609156429768
1432	0.0054129199124872684
1433	0.007129446603357792
1434	0.008755895309150219
1435	0.0065336450934410095
1436	0.006934904959052801
1437	0.006479361560195684
1438	0.006333148572593927
1439	0.008184458129107952
1440	0.005670222453773022
1441	0.0057854014448821545
1442	0.007887504063546658
1443	0.009493189863860607
1444	0.009313028305768967
1445	0.010933192446827888
1446	0.012686674483120441
1447	0.018336916342377663
1448	0.011070775799453259
1449	0.009261108003556728
1450	0.012950113974511623
1451	0.014891186729073524
1452	0.017434868961572647
1453	0.009820599108934402
1454	0.054855115711688995
1455	0.043358538299798965
1456	0.038188815116882324
1457	0.11389070749282837
1458	0.1526157706975937
1459	0.2713669240474701
1460	0.14246273040771484
1461	0.30215829610824585
1462	0.4598855972290039
1463	0.36959221959114075
1464	0.27849841117858887
1465	0.5923865437507629
1466	0.5954147577285767
1467	0.7635273933410645
1468	0.5514843463897705
1469	0.5493982434272766
1470	0.8027469515800476
1471	0.6653007864952087
1472	0.7167696952819824
1473	0.8282729983329773
1474	0.7497519850730896
1475	0.7749781012535095
1476	0.7982493042945862
1477	0.7007085084915161
1478	0.7790336012840271
1479	0.6738988161087036
1480	0.687717080116272
1481	0.7377699017524719
1482	0.6560675501823425
1483	0.6521700024604797
1484	0.5598037838935852
1485	0.44914475083351135
1486	0.48516377806663513
1487	0.5955948829650879
1488	0.5810866951942444
1489	0.748534619808197
1490	0.7554870843887329
1491	0.40407904982566833
1492	0.6073803305625916
1493	0.6150308847427368
1494	0.576815128326416
1495	0.587939441204071
1496	0.6212860345840454
1497	0.49003681540489197
1498	0.5226499438285828
1499	0.5920419692993164
1500	0.5693677067756653
1501	0.6440977454185486
1502	0.6767426133155823
1503	0.6238717436790466
1504	0.6313554048538208
1505	0.6601071357727051
1506	0.7134267091751099
1507	0.5400262475013733
1508	0.7414923906326294
1509	0.721196174621582
1510	0.6621180176734924
1511	0.5656507611274719
1512	0.6964806318283081
1513	0.8040340542793274
1514	0.7699181437492371
1515	0.6786404848098755
1516	0.6750479340553284
1517	0.6961663365364075
1518	0.7467557191848755
1519	0.7560455799102783
1520	0.654895007610321
1521	0.6527599692344666
1522	0.45792722702026367
1523	0.6352748274803162
1524	0.5950207710266113
1525	0.507398247718811
1526	0.3591897189617157
1527	0.7161853909492493
1528	0.3969372808933258
1529	0.7378208041191101
1530	0.7401187419891357
1531	0.5138781666755676
1532	0.30672866106033325
1533	0.3852071762084961
1534	0.45100417733192444
1535	0.315348356962204
1536	0.3936949074268341
1537	0.38453441858291626
1538	0.11515801399946213
1539	0.40835267305374146
1540	0.25607988238334656
1541	0.5881698727607727
1542	0.5292651057243347
1543	0.41411811113357544
1544	0.5923634767532349
1545	0.6970692276954651
1546	0.4805527627468109
1547	0.6811403632164001
1548	0.7104915380477905
1549	0.6284309029579163
1550	0.6422318816184998
1551	0.759694516658783
1552	0.6126279234886169
1553	0.5826218128204346
1554	0.5625865459442139
1555	0.639203667640686
1556	0.5202360153198242
1557	0.5866181254386902
1558	0.578151524066925
1559	0.6580665111541748
1560	0.6184741258621216
1561	0.7373085021972656
1562	0.6701543927192688
1563	0.7610039710998535
1564	0.5894120335578918
1565	0.6821877956390381
1566	0.6362212300300598
1567	0.6619537472724915
1568	0.5881126523017883
1569	0.7856025695800781
1570	0.6949053406715393
1571	0.7139082551002502
1572	0.6767856478691101
1573	0.6799136996269226
1574	0.6785943508148193
1575	0.6580225825309753
1576	0.6534340977668762
1577	0.5520539283752441
1578	0.7581283450126648
1579	0.5940982103347778
1580	0.6695913672447205
1581	0.550585150718689
1582	0.7345508933067322
1583	0.7519842386245728
1584	0.26489827036857605
1585	0.06791120022535324
1586	0.715093731880188
1587	0.02519797720015049
1588	0.009142094291746616
1589	0.015316024422645569
1590	0.031009560450911522
1591	0.18808284401893616
1592	0.02498343214392662
1593	0.3184623718261719
1594	0.31290775537490845
1595	0.800786018371582
1596	0.7350210547447205
1597	0.2566220760345459
1598	0.8744449615478516
1599	0.9243749976158142
1600	0.8878841400146484
1601	0.20596300065517426
1602	0.11192788183689117
1603	0.5543467402458191
1604	0.07883325964212418
1605	0.011508929543197155
1606	0.009405114687979221
1607	0.012515351176261902
1608	0.013085595332086086
1609	0.016008300706744194
1610	0.014840039424598217
1611	0.014149263501167297
1612	0.01085748802870512
1613	0.014662692323327065
1614	0.011969386599957943
1615	0.012653946876525879
1616	0.013434618711471558
1617	0.024418307468295097
1618	0.01900685578584671
1619	0.03102104738354683
1620	0.019257843494415283
1621	0.030199801549315453
1622	0.03168546035885811
1623	0.03698470816016197
1624	0.024470830336213112
1625	0.007431988604366779
1626	0.006472924258559942
1627	0.006161486264318228
1628	0.004476435482501984
1629	0.006871320307254791
1630	0.007226438261568546
1631	0.009805934503674507
1632	0.011386601254343987
1633	0.010884654708206654
1634	0.007617257535457611
1635	0.006931094918400049
1636	0.005787929054349661
1637	0.007064094301313162
1638	0.007259361445903778
1639	0.006360511761158705
1640	0.005481979344040155
1641	0.006941326893866062
1642	0.005309366621077061
1643	0.006233890075236559
1644	0.006659867707639933
1645	0.005544512532651424
1646	0.005323663353919983
1647	0.006072435528039932
1648	0.00498313969001174
1649	0.004574417602270842
1650	0.003804978681728244
1651	0.004188170190900564
1652	0.005117229651659727
1653	0.004689190071076155
1654	0.0038213145453482866
1655	0.0066504827700555325
1656	0.006692687515169382
1657	0.006156820338219404
1658	0.005884835030883551
1659	0.00646972144022584
1660	0.0082131652161479
1661	0.005379525478929281
1662	0.0038070925511419773
1663	0.004851229023188353
1664	0.0044026123359799385
1665	0.00512395054101944
1666	0.0054247635416686535
1667	0.004637444391846657
1668	0.005477288272231817
1669	0.0052675059996545315
1670	0.0060155922546982765
1671	0.005659403279423714
1672	0.004935733042657375
1673	0.006504221353679895
1674	0.006196459289640188
1675	0.007955837063491344
1676	0.015125858597457409
1677	0.014693476259708405
1678	0.03328176215291023
1679	0.09347635507583618
1680	0.1368914097547531
1681	0.0661194771528244
1682	0.12551254034042358
1683	0.31620821356773376
1684	0.5103791356086731
1685	0.7332045435905457
1686	0.6892561316490173
1687	0.8623429536819458
1688	0.9003849029541016
1689	0.944935142993927
1690	0.8965492248535156
1691	0.8601716160774231
1692	0.4189010262489319
1693	0.42794275283813477
1694	0.26969411969184875
1695	0.48417702317237854
1696	0.4000405967235565
1697	0.5437618494033813
1698	0.4972396790981293
1699	0.47146210074424744
1700	0.5430055856704712
1701	0.8494154214859009
1702	0.8563728332519531
1703	0.8865922093391418
1704	0.7888044714927673
1705	0.8187775015830994
1706	0.8363634943962097
1707	0.9158420562744141
1708	0.7028934359550476
1709	0.8427629470825195
1710	0.8534558415412903
1711	0.7908021211624146
1712	0.6550104022026062
1713	0.8007864356040955
1714	0.9161259531974792
1715	0.894888699054718
1716	0.8359805941581726
1717	0.785408616065979
1718	0.7363449335098267
1719	0.9153949618339539
1720	0.8355571627616882
1721	0.8126360177993774
1722	0.8350114822387695
1723	0.869491696357727
1724	0.5351006984710693
1725	0.6295657753944397
1726	0.7809550166130066
1727	0.7900853157043457
1728	0.8531530499458313
1729	0.7128198742866516
1730	0.8153373599052429
1731	0.8173738718032837
1732	0.824165940284729
1733	0.8217434287071228
1734	0.75506991147995
1735	0.8704862594604492
1736	0.7400665283203125
1737	0.7355169653892517
1738	0.9128335118293762
1739	0.7925200462341309
1740	0.7099226117134094
1741	0.8270671963691711
1742	0.8902136087417603
1743	0.8295351266860962
1744	0.40214085578918457
1745	0.48348480463027954
1746	0.38417717814445496
1747	0.6336029171943665
1748	0.9073176383972168
1749	0.11427094787359238
1750	0.01930472068488598
1751	0.0131142633035779
1752	0.018162459135055542
1753	0.015582561492919922
1754	0.01329878717660904
1755	0.012786242179572582
1756	0.009606629610061646
1757	0.009896871633827686
1758	0.01181982085108757
1759	0.01199178397655487
1760	0.013014348223805428
1761	0.006988528650254011
1762	0.009529100731015205
1763	0.00950485747307539
1764	0.007004392798990011
1765	0.005508395377546549
1766	0.005143360700458288
1767	0.005171857308596373
1768	0.004239043686538935
1769	0.005099133122712374
1770	0.004939124919474125
1771	0.0056892805732786655
1772	0.005431873258203268
1773	0.006460485048592091
1774	0.005463510286062956
1775	0.006322468165308237
1776	0.005546662025153637
1777	0.0056226677261292934
1778	0.0055457777343690395
1779	0.005298264790326357
1780	0.005672635044902563
1781	0.005562844220548868
1782	0.005933978594839573
1783	0.0053548202849924564
1784	0.0060074529610574245
1785	0.006466824095696211
1786	0.008238942362368107
1787	0.009219091385602951
1788	0.010394446551799774
1789	0.006874959450215101
1790	0.006960190832614899
1791	0.007713982369750738
1792	0.0046540615148842335
1793	0.0036960148718208075
1794	0.006701936013996601
1795	0.007165129762142897
1796	0.0056872740387916565
1797	0.0062160068191587925
1798	0.005473047029227018
1799	0.005821332335472107
1800	0.006955017801374197
1801	0.0064886631444096565
1802	0.005772178526967764
1803	0.006444786675274372
1804	0.005435527767986059
1805	0.005987527314573526
1806	0.006642553489655256
1807	0.0071864682249724865
1808	0.006165086757391691
1809	0.006028536707162857
1810	0.00494825653731823
1811	0.006000414490699768
1812	0.006307660136371851
1813	0.006593629252165556
1814	0.006130140740424395
1815	0.005443963687866926
1816	0.00615128455683589
1817	0.00761031499132514
1818	0.009510863572359085
1819	0.013759066350758076
1820	0.008112489245831966
1821	0.008549082092940807
1822	0.007019066717475653
1823	0.007855582982301712
1824	0.0067683057859539986
1825	0.006092901807278395
1826	0.006488865707069635
1827	0.008536419831216335
1828	0.006641760468482971
1829	0.007974939420819283
1830	0.009454376995563507
1831	0.01224415935575962
1832	0.013121435418725014
1833	0.01177944429218769
1834	0.01360364444553852
1835	0.02016044221818447
1836	0.0199282206594944
1837	0.019153481349349022
1838	0.019951622933149338
1839	0.05420610308647156
1840	0.6008186340332031
1841	0.839816689491272
1842	0.5415967702865601
1843	0.6980682015419006
1844	0.8008206486701965
1845	0.9084743857383728
1846	0.8534131050109863
1847	0.8532271385192871
1848	0.7616651058197021
1849	0.8125993609428406
1850	0.46598729491233826
1851	0.6446499824523926
1852	0.8426534533500671
1853	0.8084192276000977
1854	0.8157368898391724
1855	0.8099240660667419
1856	0.8539310693740845
1857	0.797886848449707
1858	0.7979788184165955
1859	0.8787906765937805
1860	0.7876772880554199
1861	0.6735105514526367
1862	0.06635478883981705
1863	0.03865455836057663
1864	0.3331194221973419
1865	0.7054502367973328
1866	0.024110782891511917
1867	0.008881449699401855
1868	0.009591459296643734
1869	0.009644671343266964
1870	0.008998515084385872
1871	0.017213856801390648
1872	0.3755892217159271
1873	0.5172168016433716
1874	0.049208588898181915
1875	0.12636558711528778
1876	0.03838510438799858
1877	0.009225673042237759
1878	0.006344345398247242
1879	0.007516315672546625
1880	0.01351956743746996
1881	0.014088967815041542
1882	0.01165816467255354
1883	0.010343327187001705
1884	0.008134637027978897
1885	0.010221128351986408
1886	0.013330367393791676
1887	0.014790481887757778
1888	0.012254488654434681
1889	0.012898462824523449
1890	0.010888990946114063
1891	0.01174807921051979
1892	0.012563228607177734
1893	0.01793486811220646
1894	0.01949450932443142
1895	0.014619345776736736
1896	0.015702268108725548
1897	0.02062147855758667
1898	0.01280879694968462
1899	0.015581122599542141
1900	0.012743078172206879
1901	0.013263995759189129
1902	0.01590488664805889
1903	0.015736479312181473
1904	0.013377794995903969
1905	0.017239848151803017
1906	0.01668204925954342
1907	0.01806187443435192
1908	0.016109732910990715
1909	0.020283713936805725
1910	0.013419183902442455
1911	0.01162137370556593
1912	0.017115293070673943
1913	0.015643764287233353
1914	0.012894551269710064
1915	0.014006972312927246
1916	0.011851725168526173
1917	0.014237108640372753
1918	0.01633392833173275
1919	0.015965735539793968
1920	0.01686709374189377
1921	0.02195839397609234
1922	0.016792474314570427
1923	0.01874055340886116
1924	0.017116082832217216
1925	0.02104109339416027
1926	0.017718205228447914
1927	0.010318084619939327
1928	0.014102312736213207
1929	0.010507870465517044
1930	0.010316594503819942
1931	0.010359990410506725
1932	0.012298469431698322
1933	0.00968154426664114
1934	0.00786382146179676
1935	0.006153295282274485
1936	0.005951196886599064
1937	0.007879701443016529
1938	0.00509154936298728
1939	0.004973127972334623
1940	0.005889814347028732
1941	0.00789929460734129
1942	0.006632225122302771
1943	0.005315920803695917
1944	0.005410430487245321
1945	0.004838732536882162
1946	0.005131002515554428
1947	0.00412833271548152
1948	0.006820409093052149
1949	0.00641261413693428
1950	0.004577565472573042
1951	0.006657813675701618
1952	0.0060686226934194565
1953	0.005975633393973112
1954	0.008179218508303165
1955	0.008080165833234787
1956	0.0075867995619773865
1957	0.014077751897275448
1958	0.014614659361541271
1959	0.015353798866271973
1960	0.010113319382071495
1961	0.009516733698546886
1962	0.005836830008774996
1963	0.005483271088451147
1964	0.007152514066547155
1965	0.0064992220140993595
1966	0.007029810454696417
1967	0.007721714209765196
1968	0.008137580938637257
1969	0.014176386408507824
1970	0.010719705373048782
1971	0.015463813208043575
1972	0.014668983407318592
1973	0.012109123170375824
1974	0.019128665328025818
1975	0.029610736295580864
1976	0.03206755965948105
1977	0.0588177926838398
1978	0.09264940023422241
1979	0.369378000497818
1980	0.2434026300907135
1981	0.30089470744132996
1982	0.19149959087371826
1983	0.28253623843193054
1984	0.14769518375396729
1985	0.5150728225708008
1986	0.08080168813467026
1987	0.18396134674549103
1988	0.45590940117836
1989	0.7736401557922363
1990	0.8627995848655701
1991	0.785698413848877
1992	0.8998609781265259
1993	0.9121379852294922
1994	0.8307415246963501
1995	0.8441295623779297
1996	0.8559946417808533
1997	0.8522878885269165
1998	0.778605580329895
1999	0.4871555268764496
2000	0.7021363377571106
2001	0.8703590631484985
2002	0.8720462918281555
2003	0.7773134112358093
2004	0.634819746017456
2005	0.8417927026748657
2006	0.8497969508171082
2007	0.9178860783576965
2008	0.7696754336357117
2009	0.9513296484947205
2010	0.9075343012809753
2011	0.9390172362327576
2012	0.9155279994010925
2013	0.9382319450378418
2014	0.8558826446533203
2015	0.9130037426948547
2016	0.8365638852119446
2017	0.8903883099555969
2018	0.9244244694709778
2019	0.937565803527832
2020	0.7796324491500854
2021	0.9856560826301575
2022	0.9563961029052734
2023	0.9205756187438965
2024	0.971762478351593
2025	0.981105625629425
2026	0.9760481119155884
2027	0.9681062698364258
2028	0.8092174530029297
2029	0.9518885612487793
2030	0.9527491927146912
2031	0.8718002438545227
2032	0.8248230218887329
2033	0.884677529335022
2034	0.9393104910850525
2035	0.9330965280532837
2036	0.8801990747451782
2037	0.9255216717720032
2038	0.8857592940330505
2039	0.5640849471092224
2040	0.7995490431785583
2041	0.8246021270751953
2042	0.6179599165916443
2043	0.864666759967804
2044	0.9070003628730774
2045	0.9255194067955017
2046	0.7184840440750122
2047	0.3690734803676605
2048	0.27150800824165344
2049	0.11515352874994278
2050	0.029212599620223045
2051	0.03697648271918297
2052	0.042823102325201035
2053	0.024025991559028625
2054	0.019704416394233704
2055	0.015424489974975586
2056	0.017088228836655617
2057	0.0176073107868433
2058	0.017252003774046898
2059	0.020631439983844757
2060	0.01816183142364025
2061	0.02493458241224289
2062	0.026390815153717995
2063	0.027196038514375687
2064	0.02276315540075302
2065	0.013527273200452328
2066	0.008961024694144726
2067	0.010753666050732136
2068	0.00774406036362052
2069	0.005544633604586124
2070	0.005556924268603325
2071	0.0035181560087949038
2072	0.005898654460906982
2073	0.007662070449441671
2074	0.006457813084125519
2075	0.00781430397182703
2076	0.009074901230633259
2077	0.009377610869705677
2078	0.008821609430015087
2079	0.022933078929781914
2080	0.015205626375973225
2081	0.010616901330649853
2082	0.007045970764011145
2083	0.011727839708328247
2084	0.007426038384437561
2085	0.005907810293138027
2086	0.0071336389519274235
2087	0.010326128453016281
2088	0.007054128684103489
2089	0.008764642290771008
2090	0.005472749471664429
2091	0.004801969975233078
2092	0.003710076678544283
2093	0.004665065556764603
2094	0.005589121021330357
2095	0.006854003760963678
2096	0.006346374750137329
2097	0.008459584787487984
2098	0.008560949005186558
2099	0.006447759922593832
2100	0.006424841936677694
2101	0.007203690707683563
2102	0.00708173681050539
2103	0.007744006812572479
2104	0.0054960534907877445
2105	0.00618151668459177
2106	0.005339145194739103
2107	0.007545666303485632
2108	0.006721519865095615
2109	0.005693190731108189
2110	0.005763102322816849
2111	0.005180464591830969
2112	0.003718229476362467
2113	0.006480972748249769
2114	0.00494276313111186
2115	0.006704965140670538
2116	0.005070764571428299
2117	0.0072379084303975105
2118	0.006058868020772934
2119	0.005616222508251667
2120	0.00543610006570816
2121	0.006396979093551636
2122	0.006197905633598566
2123	0.005777071695774794
2124	0.005304750986397266
2125	0.0050641982816159725
2126	0.004574938677251339
2127	0.004641386214643717
2128	0.006506422068923712
2129	0.005629822611808777
2130	0.00901789404451847
2131	0.011116019450128078
2132	0.030617406591773033
2133	0.0112861767411232
2134	0.009651247411966324
2135	0.007111358921974897
2136	0.01224480289965868
2137	0.013517259620130062
2138	0.04880301654338837
2139	0.04282112419605255
2140	0.01696271076798439
2141	0.01174089778214693
2142	0.029220113530755043
2143	0.029956264421343803
2144	0.020233942195773125
2145	0.028014028444886208
2146	0.029627317562699318
2147	0.03437436372041702
2148	0.024702003225684166
2149	0.008531341329216957
2150	0.015237300656735897
2151	0.017814546823501587
2152	0.015662390738725662
2153	0.015037585981190205
2154	0.009691540151834488
2155	0.009623916819691658
2156	0.00917711853981018
2157	0.009395715780556202
2158	0.008619572035968304
2159	0.00919237919151783
2160	0.01380882877856493
2161	0.03821605071425438
2162	0.018263209611177444
2163	0.10035502910614014
2164	0.037156615406274796
2165	0.3980098068714142
2166	0.8471795916557312
2167	0.9322317242622375
2168	0.7451799511909485
2169	0.9254002571105957
2170	0.7930992841720581
2171	0.8437849283218384
2172	0.8268193602561951
2173	0.74619060754776
2174	0.6213507056236267
2175	0.7054295539855957
2176	0.2571779191493988
2177	0.6509658694267273
2178	0.511851966381073
2179	0.4715922474861145
2180	0.49353256821632385
2181	0.7344483733177185
2182	0.6445941925048828
2183	0.8275579810142517
2184	0.6991386413574219
2185	0.7284359335899353
2186	0.6432151198387146
2187	0.8458650708198547
2188	0.5392894744873047
2189	0.8608071208000183
2190	0.7087281346321106
2191	0.7440033555030823
2192	0.7720564603805542
2193	0.782747209072113
2194	0.6774004697799683
2195	0.48955509066581726
2196	0.6457919478416443
2197	0.6572221517562866
2198	0.7418102622032166
2199	0.10908637195825577
2200	0.02851334773004055
2201	0.010019674897193909
2202	0.007946296595036983
2203	0.008366179652512074
2204	0.008521347306668758
2205	0.006978902965784073
2206	0.007552978582680225
2207	0.007200782652944326
2208	0.008518210612237453
2209	0.007142417132854462
2210	0.007945450022816658
2211	0.00839012861251831
2212	0.0112368268892169
2213	0.008201025426387787
2214	0.011415175162255764
2215	0.03516204282641411
2216	0.36185795068740845
2217	0.2521860599517822
2218	0.11080408096313477
2219	0.11658761650323868
2220	0.11545359343290329
2221	0.05440107733011246
2222	0.008764413185417652
2223	0.005723726470023394
2224	0.005860734265297651
2225	0.00816384982317686
2226	0.007274489384144545
2227	0.006816748064011335
2228	0.0067850276827812195
2229	0.006359451916068792
2230	0.004639012273401022
2231	0.0047582099214196205
2232	0.005299507174640894
2233	0.005671404767781496
2234	0.005245951469987631
2235	0.005201106425374746
2236	0.005587087012827396
2237	0.006092163268476725
2238	0.007565052714198828
2239	0.005278656724840403
2240	0.006278971675783396
2241	0.006283759605139494
2242	0.007294720504432917
2243	0.005689159035682678
2244	0.005625010002404451
2245	0.007021008525043726
2246	0.00584561238065362
2247	0.005302168428897858
2248	0.004358319099992514
2249	0.00503266928717494
2250	0.004603923764079809
2251	0.0063763209618628025
2252	0.005919118877500296
2253	0.006871738936752081
2254	0.008002213202416897
2255	0.006489799823611975
2256	0.005410294514149427
2257	0.006707413587719202
2258	0.005860500503331423
2259	0.009534324519336224
2260	0.0070942663587629795
2261	0.007528429385274649
2262	0.00930169690400362
2263	0.006640264298766851
2264	0.005391262471675873
2265	0.008294649422168732
2266	0.0063722762279212475
2267	0.007510743569582701
2268	0.006026408169418573
2269	0.006638975348323584
2270	0.004558651242405176
2271	0.005509361159056425
2272	0.0048661972396075726
2273	0.007510320749133825
2274	0.008623799309134483
2275	0.014455622993409634
2276	0.019517695531249046
2277	0.009690026752650738
2278	0.015143448486924171
2279	0.020115926861763
2280	0.01708359643816948
2281	0.02253459207713604
2282	0.04887862876057625
2283	0.12734219431877136
2284	0.19556337594985962
2285	0.24888744950294495
2286	0.3941423296928406
2287	0.5423057079315186
2288	0.6132330298423767
2289	0.5431192517280579
2290	0.7721369862556458
2291	0.8734706044197083
2292	0.6045770049095154
2293	0.8314563632011414
2294	0.8559215664863586
2295	0.8994104266166687
2296	0.9316345453262329
2297	0.8962581753730774
2298	0.8830209970474243
2299	0.652163565158844
2300	0.7052054405212402
2301	0.6127392649650574
2302	0.7361353039741516
2303	0.6304022669792175
2304	0.48785969614982605
2305	0.8493523597717285
2306	0.8840848803520203
2307	0.9553893208503723
2308	0.7833402752876282
2309	0.8890504240989685
2310	0.906802773475647
2311	0.9106103777885437
2312	0.8652488589286804
2313	0.9078270196914673
2314	0.8878318667411804
2315	0.8692681193351746
2316	0.7331864237785339
2317	0.8209975361824036
2318	0.7494229674339294
2319	0.7484082579612732
2320	0.7195364236831665
2321	0.5946661233901978
2322	0.3309100568294525
2323	0.7060840129852295
2324	0.6459692716598511
2325	0.2915756404399872
2326	0.7185743451118469
2327	0.8712081909179688
2328	0.3051661252975464
2329	0.05165970325469971
2330	0.015864476561546326
2331	0.7035328149795532
2332	0.6657325625419617
2333	0.8137139678001404
2334	0.6053690314292908
2335	0.7471570372581482
2336	0.8056195378303528
2337	0.7638422846794128
2338	0.7207589149475098
2339	0.6813117265701294
2340	0.5181075930595398
2341	0.5144075751304626
2342	0.0634840875864029
2343	0.038320817053318024
2344	0.009230555966496468
2345	0.007770970463752747
2346	0.008904765360057354
2347	0.008049504831433296
2348	0.00901919323951006
2349	0.008656800724565983
2350	0.009464132599532604
2351	0.011868678033351898
2352	0.010266945697367191
2353	0.018544558435678482
2354	0.01660478487610817
2355	0.021422144025564194
2356	0.02033580280840397
2357	0.020628614351153374
2358	0.01598481647670269
2359	0.015101452358067036
2360	0.015527247451245785
2361	0.015394273214042187
2362	0.018949395045638084
2363	0.0170751940459013
2364	0.017536258324980736
2365	0.015126041136682034
2366	0.01510573085397482
2367	0.01274783629924059
2368	0.023271838203072548
2369	0.011709010228514671
2370	0.008884890004992485
2371	0.006409573834389448
2372	0.004448774736374617
2373	0.014409355819225311
2374	0.013688351027667522
2375	0.020552894100546837
2376	0.021735910326242447
2377	0.016673482954502106
2378	0.017033660784363747
2379	0.014275126159191132
2380	0.011246071197092533
2381	0.012384292669594288
2382	0.012554246000945568
2383	0.006725394632667303
2384	0.007224246859550476
2385	0.006820668466389179
2386	0.006236483808606863
2387	0.005865818355232477
2388	0.007269934751093388
2389	0.007555082440376282
2390	0.011167303659021854
2391	0.010005558840930462
2392	0.006003187503665686
2393	0.005081252194941044
2394	0.005732341669499874
2395	0.005331197287887335
2396	0.008288131095468998
2397	0.005358742084354162
2398	0.008088395930826664
2399	0.007080219220370054
2400	0.005451302509754896
2401	0.008132504299283028
2402	0.008224837481975555
2403	0.008707523345947266
2404	0.01026423554867506
2405	0.013449554331600666
2406	0.012541775591671467
2407	0.008245980367064476
2408	0.005361801013350487
2409	0.005578957032412291
2410	0.005678862798959017
2411	0.008436453528702259
2412	0.00642357999458909
2413	0.0046350411139428616
2414	0.006336951162666082
2415	0.0076650590635836124
2416	0.005846066400408745
2417	0.007799202110618353
2418	0.005855546332895756
2419	0.005418295506387949
2420	0.008605883456766605
2421	0.005781764630228281
2422	0.006128652952611446
2423	0.0061951191164553165
2424	0.0065647633746266365
2425	0.007526279427111149
2426	0.008374924771487713
2427	0.006279751192778349
2428	0.00893403124064207
2429	0.006027864757925272
2430	0.009318082593381405
2431	0.008374914526939392
2432	0.010090615600347519
2433	0.013099707663059235
2434	0.006792809348553419
2435	0.010122675448656082
2436	0.009564355947077274
2437	0.00933558028191328
2438	0.009196596220135689
2439	0.009073196910321712
2440	0.008778230287134647
2441	0.008386403322219849
2442	0.005982573609799147
2443	0.006305546499788761
2444	0.008987026289105415
2445	0.00857295747846365
2446	0.00879717618227005
2447	0.010274934582412243
2448	0.005483551416546106
2449	0.006925690453499556
2450	0.0050931149162352085
2451	0.004631448537111282
2452	0.004769754596054554
2453	0.006608448922634125
2454	0.010693737305700779
2455	0.010418785735964775
2456	0.01031986903399229
2457	0.01032122690230608
2458	0.006206085439771414
2459	0.007265856955200434
2460	0.0072389282286167145
2461	0.010168458335101604
2462	0.010749119333922863
2463	0.008912160061299801
2464	0.006258829962462187
2465	0.006992402020841837
2466	0.006440350320190191
2467	0.008528972044587135
2468	0.007696105632930994
2469	0.007182094734162092
2470	0.0067776404321193695
2471	0.006157495081424713
2472	0.007706358563154936
2473	0.007256812881678343
2474	0.0071259052492678165
2475	0.006778526585549116
2476	0.007125686388462782
2477	0.007372592575848103
2478	0.010450790636241436
2479	0.00915676262229681
2480	0.00837635900825262
2481	0.009115342050790787
2482	0.010519693605601788
2483	0.009241023100912571
2484	0.010110241360962391
2485	0.010294657200574875
2486	0.009623500518500805
2487	0.008478629402816296
2488	0.009440278634428978
2489	0.008507290855050087
2490	0.009265235625207424
2491	0.009898430667817593
2492	0.009507782757282257
2493	0.010523667559027672
2494	0.011427238583564758
2495	0.011784406378865242
2496	0.010770589113235474
2497	0.010857286863029003
2498	0.008850976824760437
2499	0.008836517110466957
2500	0.009797471575438976
2501	0.010183728300035
2502	0.012939891777932644
2503	0.012000291608273983
2504	0.00954981055110693
2505	0.007362923119217157
2506	0.008546747267246246
2507	0.009452564641833305
2508	0.008894055150449276
2509	0.008236842229962349
2510	0.009445101022720337
2511	0.007752434350550175
2512	0.010512781329452991
2513	0.005128057673573494
2514	0.012891042046248913
2515	0.012537251226603985
2516	0.013953390531241894
2517	0.011813229881227016
2518	0.02034979872405529
2519	0.013590722344815731
2520	0.02498590014874935
2521	0.01082341093569994
2522	0.010141096077859402
2523	0.012436366640031338
2524	0.010790909640491009
2525	0.010266082361340523
2526	0.009084902703762054
2527	0.007830390706658363
2528	0.0038896594196558
2529	0.0061185406520962715
2530	0.0050796582363545895
2531	0.006464921869337559
2532	0.007535989861935377
2533	0.005817003548145294
2534	0.007220160216093063
2535	0.0062192766927182674
2536	0.0059103635139763355
2537	0.006961196660995483
2538	0.006092079449445009
2539	0.0052255745977163315
2540	0.005794842261821032
2541	0.004530445672571659
2542	0.005124627146869898
2543	0.008277728222310543
2544	0.0060807340778410435
2545	0.005590667016804218
2546	0.00569954514503479
2547	0.006215588189661503
2548	0.011537658050656319
2549	0.00893392413854599
2550	0.009991620667278767
2551	0.008289271034300327
2552	0.011340627446770668
2553	0.014226006343960762
2554	0.005319467280060053
2555	0.006953808944672346
2556	0.00586991012096405
2557	0.0064034126698970795
2558	0.005139262415468693
2559	0.004152750130742788
2560	0.004566526971757412
2561	0.006300435867160559
2562	0.006395666394382715
2563	0.009013277478516102
2564	0.006332999560981989
2565	0.007089852821081877
2566	0.008279030211269855
2567	0.007738839369267225
2568	0.008236685767769814
2569	0.031962450593709946
2570	0.04355780407786369
2571	0.04133826494216919
2572	0.03577909991145134
2573	0.21068452298641205
2574	0.09329419583082199
2575	0.29318004846572876
2576	0.21384607255458832
2577	0.38769593834877014
2578	0.5061346888542175
2579	0.4748933017253876
2580	0.3830323815345764
2581	0.6641960144042969
2582	0.7226906418800354
2583	0.7856118083000183
2584	0.7244399189949036
2585	0.7811214327812195
2586	0.6167804598808289
2587	0.6261065006256104
2588	0.5391127467155457
2589	0.3726324737071991
2590	0.24802927672863007
2591	0.4870617985725403
2592	0.6157354712486267
2593	0.5139528512954712
2594	0.5730836391448975
2595	0.5042657256126404
2596	0.5312919020652771
2597	0.3528303802013397
2598	0.6431947946548462
2599	0.7014118432998657
2600	0.677245557308197
2601	0.6618608236312866
2602	0.5714121460914612
2603	0.7590281367301941
2604	0.5972957015037537
2605	0.7520914077758789
2606	0.7355735301971436
2607	0.8445219397544861
2608	0.6855794787406921
2609	0.7095189094543457
2610	0.8064165115356445
2611	0.7692074179649353
2612	0.6672598719596863
2613	0.5511961579322815
2614	0.6653050780296326
2615	0.7455364465713501
2616	0.6928873062133789
2617	0.7675759196281433
2618	0.7196229100227356
2619	0.7218538522720337
2620	0.7227190136909485
2621	0.6809948086738586
2622	0.6859602332115173
2623	0.6990074515342712
2624	0.7922790050506592
2625	0.6993736028671265
2626	0.6511523127555847
2627	0.7820092439651489
2628	0.8445025682449341
2629	0.9205825924873352
2630	0.8278255462646484
2631	0.8749042749404907
2632	0.5921804308891296
2633	0.7722415328025818
2634	0.5690283179283142
2635	0.5410950779914856
2636	0.6190242171287537
2637	0.8247724771499634
2638	0.7455804944038391
2639	0.7005552649497986
2640	0.7085438966751099
2641	0.6637977957725525
2642	0.8019507527351379
2643	0.8911240696907043
2644	0.7648500800132751
2645	0.7857017517089844
2646	0.8253132104873657
2647	0.8137292265892029
2648	0.6369842886924744
2649	0.6783618927001953
2650	0.8508667349815369
2651	0.744778573513031
2652	0.7416910529136658
2653	0.7877271771430969
2654	0.7521694898605347
2655	0.7158489227294922
2656	0.7785449624061584
2657	0.699162483215332
2658	0.7044199109077454
2659	0.5566957592964172
2660	0.49742087721824646
2661	0.4453706741333008
2662	0.6697511076927185
2663	0.6093970537185669
2664	0.7338349223136902
2665	0.8152515292167664
2666	0.7957934141159058
2667	0.7957512736320496
2668	0.2708941102027893
2669	0.02688901498913765
2670	0.05230759456753731
2671	0.84661865234375
2672	0.8624154329299927
2673	0.9163545966148376
2674	0.871983528137207
2675	0.9358224272727966
2676	0.8147215843200684
2677	0.7796728014945984
2678	0.8081449866294861
2679	0.875030517578125
2680	0.8495054244995117
2681	0.853693962097168
2682	0.8285579681396484
2683	0.819089412689209
2684	0.6996638178825378
2685	0.5848143696784973
2686	0.6169398427009583
2687	0.554326593875885
2688	0.6052817702293396
2689	0.6522560119628906
2690	0.4830082058906555
2691	0.6015719771385193
2692	0.5181094408035278
2693	0.45410165190696716
2694	0.4109382629394531
2695	0.15639334917068481
2696	0.09992070496082306
2697	0.49853354692459106
2698	0.6636232733726501
2699	0.8815471529960632
2700	0.6261852383613586
2701	0.5683051943778992
2702	0.5337680578231812
2703	0.5992178320884705
2704	0.4715171754360199
2705	0.6301002502441406
2706	0.5887884497642517
2707	0.016492031514644623
2708	0.0075163403525948524
2709	0.10332653671503067
2710	0.14297738671302795
2711	0.23284828662872314
2712	0.22838829457759857
2713	0.27558788657188416
2714	0.21837149560451508
2715	0.5954146385192871
2716	0.6034520268440247
2717	0.6805614233016968
2718	0.5537254214286804
2719	0.5842995047569275
2720	0.5580569505691528
2721	0.2734508216381073
2722	0.278266042470932
2723	0.6399819254875183
2724	0.33846113085746765
