frame	prob
0	0.0033698577899485826
1	0.0034507904201745987
2	0.0034492702689021826
3	0.0043024769984185696
4	0.0041453600861132145
5	0.013488858938217163
6	0.0066835652105510235
7	0.005079676862806082
8	0.010340988636016846
9	0.013104843907058239
10	0.009984967298805714
11	0.005912296008318663
12	0.007119784597307444
13	0.005834762938320637
14	0.007367818150669336
15	0.009492628276348114
16	0.01300723385065794
17	0.013256356120109558
18	0.018483102321624756
19	0.04367564246058464
20	0.021952692419290543
21	0.0716717392206192
22	0.10248207300901413
23	0.25569987297058105
24	0.1839592307806015
25	0.19252435863018036
26	0.31208178400993347
27	0.3196988105773926
28	0.40627938508987427
29	0.44452252984046936
30	0.6295756697654724
31	0.6607691645622253
32	0.7436084151268005
33	0.6114344000816345
34	0.7284455299377441
35	0.7204028367996216
36	0.7431591153144836
37	0.7392680048942566
38	0.8275684714317322
39	0.6665511131286621
40	0.5972365736961365
41	0.801447868347168
42	0.7969968318939209
43	0.7220134735107422
44	0.7697135806083679
45	0.6480662822723389
46	0.6309524774551392
47	0.6538998484611511
48	0.7079587578773499
49	0.8673135042190552
50	0.702899158000946
51	0.5803059935569763
52	0.3836533725261688
53	0.7395094037055969
54	0.8573578000068665
55	0.7445347905158997
56	0.5784124135971069
57	0.7347666025161743
58	0.6401978731155396
59	0.7586029171943665
60	0.4479832649230957
61	0.3669986128807068
62	0.4010402262210846
63	0.4481372833251953
64	0.3008440434932709
65	0.6603323817253113
66	0.699114203453064
67	0.667494535446167
68	0.7142769694328308
69	0.8114046454429626
70	0.6862612962722778
71	0.8134048581123352
72	0.8940173387527466
73	0.9303163886070251
74	0.8302022814750671
75	0.862019956111908
76	0.8042398691177368
77	0.7822214961051941
78	0.8261041641235352
79	0.8241651654243469
80	0.8133098483085632
81	0.8406150937080383
82	0.8380486369132996
83	0.8926100134849548
84	0.6759689450263977
85	0.5804155468940735
86	0.06739749759435654
87	0.013126784935593605
88	0.00859606359153986
89	0.008232087828218937
90	0.011239619925618172
91	0.01059128437191248
92	0.013517404906451702
93	0.01531221717596054
94	0.01781652122735977
95	0.01288482267409563
96	0.011081798933446407
97	0.00733449449762702
98	0.007296278607100248
99	0.012197470292448997
100	0.015467244200408459
101	0.013290831819176674
102	0.011984850279986858
103	0.0114139374345541
104	0.009830234572291374
105	0.009576931595802307
106	0.008742033503949642
107	0.010852652601897717
108	0.008830497041344643
109	0.01243544276803732
110	0.01112403068691492
111	0.010639732703566551
112	0.009196924045681953
113	0.00839777197688818
114	0.012922802940011024
115	0.013308851979672909
116	0.012088380753993988
117	0.013904750347137451
118	0.01333801168948412
119	0.013689403422176838
120	0.008956674486398697
121	0.011519351042807102
122	0.01898132637143135
123	0.013567871414124966
124	0.011074750684201717
125	0.012484440580010414
126	0.0131444176658988
127	0.015184581279754639
128	0.013780263252556324
129	0.017046252265572548
130	0.01367750484496355
131	0.013057425618171692
132	0.013209684751927853
133	0.017390552908182144
134	0.013825962319970131
135	0.021408388391137123
136	0.012618799693882465
137	0.01682477630674839
138	0.015015333890914917
139	0.015036897733807564
140	0.01441233605146408
141	0.011295001953840256
142	0.013452104292809963
143	0.013571021147072315
144	0.009464580565690994
145	0.013121554628014565
146	0.013154466636478901
147	0.012984844855964184
148	0.01487638708204031
149	0.014739960432052612
150	0.01622181572020054
151	0.013030841946601868
152	0.013058480806648731
153	0.011994392611086369
154	0.012490936554968357
155	0.01263477187603712
156	0.013236318714916706
157	0.01337482687085867
158	0.011011372320353985
159	0.013198673725128174
160	0.006752322893589735
161	0.00739225884899497
162	0.0044687180779874325
163	0.007198938634246588
164	0.011480833403766155
165	0.006940103601664305
166	0.011138145811855793
167	0.012236134149134159
168	0.01476628240197897
169	0.009152838960289955
170	0.005668305326253176
171	0.005711738485842943
172	0.004241521004587412
173	0.009501609019935131
174	0.011072301305830479
175	0.01876014843583107
176	0.01088010985404253
177	0.0075042108073830605
178	0.008800000883638859
179	0.01280378457158804
180	0.028582988306879997
181	0.024471761658787727
182	0.028410324826836586
183	0.019508732482790947
184	0.01893584057688713
185	0.024811256676912308
186	0.07387211173772812
187	0.027336925268173218
188	0.039941687136888504
189	0.24213151633739471
190	0.3894460201263428
191	0.8284064531326294
192	0.9220062494277954
193	0.963643491268158
194	0.969605565071106
195	0.9730902910232544
196	0.9802519679069519
197	0.9808122515678406
198	0.9538273811340332
199	0.9717421531677246
200	0.9180994033813477
201	0.8031919598579407
202	0.8313407897949219
203	0.9017583727836609
204	0.8866815567016602
205	0.92039555311203
206	0.9783949255943298
207	0.9457542300224304
208	0.9215627908706665
209	0.8802127838134766
210	0.902692437171936
211	0.9512693285942078
212	0.9014908671379089
213	0.8966398239135742
214	0.923633873462677
215	0.8159565329551697
216	0.8979597091674805
217	0.9123533368110657
218	0.9005458950996399
219	0.8873176574707031
220	0.8931922912597656
221	0.8519080281257629
222	0.7963449358940125
223	0.8064479827880859
224	0.7448434233665466
225	0.6806868314743042
226	0.682862401008606
227	0.7102460265159607
228	0.5579225420951843
229	0.7435933947563171
230	0.6292135119438171
231	0.7070388197898865
232	0.4014165997505188
233	0.5838576555252075
234	0.6220683455467224
235	0.5916288495063782
236	0.3294837474822998
237	0.44454699754714966
238	0.41247421503067017
239	0.4152126908302307
240	0.47503623366355896
241	0.43505772948265076
242	0.37621769309043884
243	0.46701666712760925
244	0.4437843859195709
245	0.41440191864967346
246	0.4636727273464203
247	0.412598192691803
248	0.36979323625564575
249	0.44034624099731445
250	0.2250971794128418
251	0.4126807153224945
252	0.7021946310997009
253	0.5126134753227234
254	0.5412895679473877
255	0.7474262118339539
256	0.6481689810752869
257	0.485685259103775
258	0.454397052526474
259	0.5605396628379822
260	0.5029687881469727
261	0.6982564926147461
262	0.5792010426521301
263	0.6485961079597473
264	0.7729074358940125
265	0.880100429058075
266	0.6736453175544739
267	0.7465571165084839
268	0.7447068095207214
269	0.8981838226318359
270	0.6328856945037842
271	0.05371135473251343
272	0.010608051903545856
273	0.0069852545857429504
274	0.007003874983638525
275	0.0055842953734099865
276	0.00664945412427187
277	0.008201466873288155
278	0.007542760577052832
279	0.007678537163883448
280	0.01008499413728714
281	0.009144214913249016
282	0.007880950346589088
283	0.007992339320480824
284	0.007177037186920643
285	0.012460052035748959
286	0.014117871411144733
287	0.012688040733337402
288	0.009771095588803291
289	0.010286292992532253
290	0.01120420079678297
291	0.012902060523629189
292	0.009132851846516132
293	0.008781363256275654
294	0.010380113497376442
295	0.015292405150830746
296	0.01698176935315132
297	0.011592941358685493
298	0.010848305188119411
299	0.00814749300479889
300	0.007038145791739225
301	0.007038612850010395
302	0.007310670800507069
303	0.006199391093105078
304	0.005854622460901737
305	0.0056900582276284695
306	0.006161337252706289
307	0.007078401744365692
308	0.006298230495303869
309	0.006788694765418768
310	0.0052890777587890625
311	0.007096920162439346
312	0.006628894712775946
313	0.007215491030365229
314	0.006313219666481018
315	0.00552092120051384
316	0.004140407778322697
317	0.004292850382626057
318	0.003904983401298523
319	0.0036879766266793013
320	0.004433639347553253
321	0.0034467868972569704
322	0.0036138661671429873
323	0.005448938347399235
324	0.0037082848139107227
325	0.00442616967484355
326	0.004252469167113304
327	0.0055044665932655334
328	0.004725002683699131
329	0.004333756398409605
330	0.00415943143889308
331	0.004439957905560732
332	0.004529405385255814
333	0.0040779635310173035
334	0.004188641905784607
335	0.004403708968311548
336	0.004794384818524122
337	0.005230221431702375
338	0.006162201054394245
339	0.007717418950051069
340	0.005970395635813475
341	0.009179498068988323
342	0.01969735324382782
343	0.02410777285695076
344	0.038893669843673706
345	0.03373141214251518
346	0.0339144691824913
347	0.07907950133085251
348	0.07365890592336655
349	0.0857582688331604
350	0.05053287371993065
351	0.08238454908132553
352	0.08477596193552017
353	0.1956363171339035
354	0.42188817262649536
355	0.3493900001049042
356	0.3884335458278656
357	0.5618929862976074
358	0.5621077418327332
359	0.7703690528869629
360	0.6298857927322388
361	0.7855748534202576
362	0.7101394534111023
363	0.8072851300239563
364	0.6648060083389282
365	0.6280384063720703
366	0.15280374884605408
367	0.23735280334949493
368	0.789986789226532
369	0.9007188081741333
370	0.8564056754112244
371	0.9549928903579712
372	0.9688331484794617
373	0.9692282676696777
374	0.9764477014541626
375	0.9430961012840271
376	0.8205550312995911
377	0.8486925959587097
378	0.858686625957489
379	0.8355157971382141
380	0.6925234794616699
381	0.8043161630630493
382	0.6884633302688599
383	0.66532301902771
384	0.6202039122581482
385	0.751132607460022
386	0.6519331932067871
387	0.5145495533943176
388	0.7201986908912659
389	0.7536433339118958
390	0.6219602823257446
391	0.7190794944763184
392	0.8371862769126892
393	0.8608341217041016
394	0.8713650107383728
395	0.8903612494468689
396	0.9305261969566345
397	0.955112099647522
398	0.9383673667907715
399	0.937953770160675
400	0.9470453262329102
401	0.9374208450317383
402	0.9393329620361328
403	0.9428415298461914
404	0.9686711430549622
405	0.9348940253257751
406	0.8295461535453796
407	0.9570191502571106
408	0.8958425521850586
409	0.8798362612724304
410	0.915404736995697
411	0.9098359942436218
412	0.7883795499801636
413	0.9310517311096191
414	0.8738023638725281
415	0.933825671672821
416	0.9581789970397949
417	0.9288656115531921
418	0.9145027995109558
419	0.5394381880760193
420	0.15896300971508026
421	0.11810523271560669
422	0.07966592907905579
423	0.01664329133927822
424	0.010112651623785496
425	0.007491661701351404
426	0.010429427027702332
427	0.008979979902505875
428	0.010180152952671051
429	0.010240665636956692
430	0.011196885257959366
431	0.009940319694578648
432	0.008459173142910004
433	0.008932593278586864
434	0.007882761768996716
435	0.0065605416893959045
436	0.01302581001073122
437	0.011111008003354073
438	0.007877123542129993
439	0.014320812188088894
440	0.010745433159172535
441	0.009897441603243351
442	0.00811091810464859
443	0.009422955103218555
444	0.008620152249932289
445	0.013298885896801949
446	0.013940194621682167
447	0.01556102093309164
448	0.01712743565440178
449	0.01693643443286419
450	0.016398003324866295
451	0.011960841715335846
452	0.020193714648485184
453	0.012108569033443928
454	0.013034581206738949
455	0.013169148936867714
456	0.01375782210379839
457	0.014848286285996437
458	0.016414303332567215
459	0.015395513735711575
460	0.013290174305438995
461	0.013604797422885895
462	0.018554246053099632
463	0.019087839871644974
464	0.010730172507464886
465	0.015908634290099144
466	0.016121594235301018
467	0.017625050619244576
468	0.014293274842202663
469	0.019151534885168076
470	0.016831794753670692
471	0.015708690509200096
472	0.013878146186470985
473	0.012340763583779335
474	0.021435705944895744
475	0.010092503391206264
476	0.009436460211873055
477	0.010467015206813812
478	0.01404868345707655
479	0.012633941136300564
480	0.014127276837825775
481	0.012998217716813087
482	0.015843505039811134
483	0.013572252355515957
484	0.01423027366399765
485	0.013092616572976112
486	0.013996458612382412
487	0.015454976819455624
488	0.010093117132782936
489	0.009931354783475399
490	0.016161570325493813
491	0.01750004291534424
492	0.017772886902093887
493	0.014658631756901741
494	0.01428763847798109
495	0.01368058193475008
496	0.010390685871243477
497	0.011641344055533409
498	0.009682725183665752
499	0.008094723336398602
500	0.01233779825270176
501	0.012003536336123943
502	0.011709664948284626
503	0.013119535520672798
504	0.008528451435267925
505	0.009221738204360008
506	0.008571304380893707
507	0.008127180859446526
508	0.0059772576205432415
509	0.007517865393310785
510	0.009666395373642445
511	0.008771302178502083
512	0.008521120063960552
513	0.008653855882585049
514	0.00848251860588789
515	0.008135030046105385
516	0.009366554208099842
517	0.009624268859624863
518	0.008055608719587326
519	0.011261703446507454
520	0.010465945117175579
521	0.011862965300679207
522	0.009216904640197754
523	0.030135823413729668
524	0.014536608941853046
525	0.024958819150924683
526	0.034010082483291626
527	0.10698359459638596
528	0.05619017034769058
529	0.13262681663036346
530	0.3548218011856079
531	0.3212455213069916
532	0.49557915329933167
533	0.23971247673034668
534	0.09309165924787521
535	0.11985307186841965
536	0.20111799240112305
537	0.48305198550224304
538	0.5039231777191162
539	0.42703887820243835
540	0.5789240598678589
541	0.5528502464294434
542	0.7756686806678772
543	0.5612369775772095
544	0.8212329745292664
545	0.7934989929199219
546	0.7650637626647949
547	0.6827282309532166
548	0.880062997341156
549	0.8930996060371399
550	0.8369814157485962
551	0.8729074597358704
552	0.7863978743553162
553	0.7746543288230896
554	0.8374151587486267
555	0.9284822344779968
556	0.8686661124229431
557	0.9033790826797485
558	0.9392523765563965
559	0.8883029818534851
560	0.9383608102798462
561	0.924405038356781
562	0.9275252223014832
563	0.9453014731407166
564	0.9102725386619568
565	0.956342875957489
566	0.9236736297607422
567	0.8903568387031555
568	0.9169419407844543
569	0.9736260771751404
570	0.9841799139976501
571	0.9702748656272888
572	0.9699432253837585
573	0.9682281613349915
574	0.9728113412857056
575	0.9622005820274353
576	0.9537636041641235
577	0.9643673896789551
578	0.9725233912467957
579	0.9357792735099792
580	0.9340891242027283
581	0.8229582905769348
582	0.5240828394889832
583	0.014001719653606415
584	0.014412233605980873
585	0.00988511461764574
586	0.008754239417612553
587	0.007851838134229183
588	0.008708233945071697
589	0.015172471292316914
590	0.010185685940086842
591	0.015454592183232307
592	0.012286251410841942
593	0.010389511473476887
594	0.011916124261915684
595	0.010118350386619568
596	0.011583564803004265
597	0.011370311491191387
598	0.011626633815467358
599	0.012465103529393673
600	0.009548363275825977
601	0.008959592320024967
602	0.00888646300882101
603	0.011564822867512703
604	0.011522850953042507
605	0.012006199918687344
606	0.018571563065052032
607	0.013112303800880909
608	0.01116393506526947
609	0.012664145790040493
610	0.013112346641719341
611	0.009723263792693615
612	0.009572136215865612
613	0.008675409480929375
614	0.013597371056675911
615	0.012036371044814587
616	0.0071424320340156555
617	0.008553238585591316
618	0.013722822070121765
619	0.013164276257157326
620	0.015956658869981766
621	0.012041292153298855
622	0.013622256927192211
623	0.010989183560013771
624	0.00945405662059784
625	0.008498745039105415
626	0.007027691695839167
627	0.007374939974397421
628	0.008492054417729378
629	0.011792060919106007
630	0.009508447721600533
631	0.010226093232631683
632	0.009064781479537487
633	0.014859350398182869
634	0.009474681690335274
635	0.014871060848236084
636	0.01805298961699009
637	0.015515858307480812
638	0.018240084871649742
639	0.02209705114364624
640	0.01887776516377926
641	0.018300438299775124
642	0.018123913556337357
643	0.018149444833397865
644	0.02548440359532833
645	0.018352998420596123
646	0.014053997583687305
647	0.01684918999671936
648	0.01714339852333069
649	0.020507793873548508
650	0.016623059287667274
651	0.034612931311130524
652	0.02990858256816864
653	0.0364912748336792
654	0.03269447013735771
655	0.0308882724493742
656	0.018325550481677055
657	0.0155930295586586
658	0.009959837421774864
659	0.011898002587258816
660	0.007033899426460266
661	0.0077186147682368755
662	0.006453012116253376
663	0.010826061479747295
664	0.009313366375863552
665	0.008996427059173584
666	0.013206848874688148
667	0.014769471250474453
668	0.013711285777390003
669	0.01893918588757515
670	0.0166133102029562
671	0.015104013495147228
672	0.023920921608805656
673	0.02581614814698696
674	0.03337474539875984
675	0.02838391624391079
676	0.0473899319767952
677	0.053031276911497116
678	0.10633351653814316
679	0.07185166329145432
680	0.17368565499782562
681	0.12081487476825714
682	0.18824510276317596
683	0.2675808072090149
684	0.2763683795928955
685	0.4066440761089325
686	0.45969724655151367
687	0.7530359625816345
688	0.6125632524490356
689	0.8198639154434204
690	0.834307849407196
691	0.8540849089622498
692	0.8560900688171387
693	0.8815046548843384
694	0.7501327395439148
695	0.8002252578735352
696	0.7711963653564453
697	0.78730708360672
698	0.7424859404563904
699	0.6440281271934509
700	0.5390583276748657
701	0.3590427339076996
702	0.10334306210279465
703	0.01994905062019825
704	0.018530184403061867
705	0.01179506629705429
706	0.014936113730072975
707	0.017520396038889885
708	0.015442482195794582
709	0.013379878364503384
710	0.014538370072841644
711	0.010063649155199528
712	0.01078085508197546
713	0.014043405652046204
714	0.013373387046158314
715	0.013472012244164944
716	0.014296429231762886
717	0.011414454318583012
718	0.012994915246963501
719	0.009969275444746017
720	0.008975023403763771
721	0.010661395266652107
722	0.00821797363460064
723	0.008634477853775024
724	0.009339399635791779
725	0.008683075197041035
726	0.01220554020255804
727	0.012065750546753407
728	0.013682221062481403
729	0.009638582356274128
730	0.008124074898660183
731	0.01082115899771452
732	0.008554505184292793
733	0.012528786435723305
734	0.014310488477349281
735	0.014111719094216824
736	0.01634138822555542
737	0.012903131544589996
738	0.010067902505397797
739	0.008432187139987946
740	0.009222826920449734
741	0.009861620143055916
742	0.008813160471618176
743	0.01077820360660553
744	0.008862665854394436
745	0.008474379777908325
746	0.010213538073003292
747	0.00909381452947855
748	0.007737886160612106
749	0.01027109008282423
750	0.0107300765812397
751	0.009068815968930721
752	0.008356745354831219
753	0.0071624452248215675
754	0.00811565387994051
755	0.012324696406722069
756	0.012727662920951843
757	0.011169944889843464
758	0.007969043217599392
759	0.00846119411289692
760	0.008928081952035427
761	0.010881677269935608
762	0.012875429354608059
763	0.010001604445278645
764	0.013279798440635204
765	0.009788705967366695
766	0.009873415343463421
767	0.007673162501305342
768	0.011865959502756596
769	0.008949006907641888
770	0.007517884951084852
771	0.008743938989937305
772	0.006634122226387262
773	0.007618423085659742
774	0.00860546249896288
775	0.011499437503516674
776	0.011151361279189587
777	0.01772160641849041
778	0.017311809584498405
779	0.026219654828310013
780	0.01888434588909149
781	0.021128196269273758
782	0.018893014639616013
783	0.018512442708015442
784	0.015143654309213161
785	0.017933214083313942
786	0.01653756946325302
787	0.012969667091965675
788	0.013031462207436562
789	0.013248284347355366
790	0.016793841496109962
791	0.01640535332262516
792	0.01171824149787426
793	0.014820280484855175
794	0.008917421102523804
795	0.011235256679356098
796	0.009164678864181042
797	0.011944337747991085
798	0.010780981741845608
799	0.011368177831172943
800	0.011434291489422321
801	0.010880897752940655
802	0.010462514124810696
803	0.012189459055662155
804	0.012238722294569016
805	0.009137927554547787
806	0.012019876390695572
807	0.010709655471146107
808	0.009944806806743145
809	0.014567583799362183
810	0.011858634650707245
811	0.01465753186494112
812	0.014766940847039223
813	0.010443809442222118
814	0.009512391872704029
815	0.01151672936975956
816	0.01164216734468937
817	0.011470303870737553
818	0.00863772165030241
819	0.0108890850096941
820	0.013319439254701138
821	0.011044979095458984
822	0.00820641964673996
823	0.010055704973638058
824	0.009040064178407192
825	0.018232693895697594
826	0.014178747311234474
827	0.012119755148887634
828	0.009161232970654964
829	0.01327988225966692
830	0.014941825531423092
831	0.016916241496801376
832	0.011800728738307953
833	0.013472390361130238
834	0.008508238010108471
835	0.014128128066658974
836	0.00928181130439043
837	0.010722908191382885
838	0.009132333099842072
839	0.006888345815241337
840	0.008238757960498333
841	0.007214670069515705
842	0.00588635727763176
843	0.005929059814661741
844	0.0043071722611784935
845	0.005796653218567371
846	0.004777131136506796
847	0.012197314761579037
848	0.017299437895417213
849	0.008214481174945831
850	0.00995492935180664
851	0.018427938222885132
852	0.01143354456871748
853	0.025063613429665565
854	0.019303003326058388
855	0.014902658760547638
856	0.010301132686436176
857	0.026222800835967064
858	0.019547080621123314
859	0.02200567163527012
860	0.013104279525578022
861	0.02487817406654358
862	0.023996535688638687
863	0.025286555290222168
864	0.019244709983468056
865	0.033022280782461166
866	0.06458292156457901
867	0.06991831958293915
868	0.02408343367278576
869	0.024574900045990944
870	0.017417438328266144
871	0.020052051171660423
872	0.017035363242030144
873	0.016851166263222694
874	0.012826676480472088
875	0.013170868158340454
876	0.016352133825421333
877	0.01918034628033638
878	0.018233507871627808
879	0.016749722883105278
880	0.01658744178712368
881	0.015870679169893265
882	0.017766503617167473
883	0.01332825142890215
884	0.01481350976973772
885	0.010967999696731567
886	0.011222386732697487
887	0.01230757124722004
888	0.010473236441612244
889	0.01031273603439331
890	0.01256332267075777
891	0.012060731649398804
892	0.010449239984154701
893	0.012106291949748993
894	0.012767286971211433
895	0.01674448512494564
896	0.014255371876060963
897	0.016965914517641068
898	0.012922617606818676
899	0.015372881665825844
900	0.023985622450709343
901	0.047192029654979706
902	0.03984985873103142
903	0.07665586471557617
904	0.04640618711709976
905	0.07158197462558746
906	0.06279534101486206
907	0.07440657913684845
908	0.17223219573497772
909	0.1646813005208969
910	0.11316446214914322
911	0.22325852513313293
912	0.18273377418518066
913	0.24127164483070374
914	0.4054231643676758
915	0.42026397585868835
916	0.48986750841140747
917	0.3555832505226135
918	0.3988126814365387
919	0.20718152821063995
920	0.3736741542816162
921	0.28134632110595703
922	0.457231730222702
923	0.5139774680137634
924	0.5225868225097656
925	0.5146054625511169
926	0.4877057671546936
927	0.3869864046573639
928	0.2777089774608612
929	0.21162419021129608
930	0.16957968473434448
931	0.21316753327846527
932	0.17434759438037872
933	0.3615303933620453
934	0.25793129205703735
935	0.34719324111938477
936	0.28032946586608887
937	0.25910279154777527
938	0.498358815908432
939	0.535524308681488
940	0.7094045877456665
941	0.8277201056480408
942	0.880713939666748
943	0.9743627905845642
944	0.9370784163475037
945	0.9799652099609375
946	0.9599859118461609
947	0.9711819887161255
948	0.9417526125907898
949	0.9479787945747375
950	0.9394077658653259
951	0.8973633646965027
952	0.9099947214126587
953	0.9626302719116211
954	0.9022089242935181
955	0.9648424386978149
956	0.9207665324211121
957	0.9403514862060547
958	0.9449321031570435
959	0.9631772041320801
960	0.9189319014549255
961	0.9636039733886719
962	0.9615688323974609
963	0.9382612109184265
964	0.944905698299408
965	0.9564456939697266
966	0.9490532279014587
967	0.959003746509552
968	0.9741641879081726
969	0.9173585772514343
970	0.8841487765312195
971	0.8833082318305969
972	0.8982004523277283
973	0.9712244272232056
974	0.959617555141449
975	0.9605373740196228
976	0.9437670111656189
977	0.9579853415489197
978	0.9570512175559998
979	0.982665479183197
980	0.9271913766860962
981	0.9672786593437195
982	0.9565665125846863
983	0.9600811004638672
984	0.9641063809394836
985	0.9712816476821899
986	0.9204303622245789
987	0.9486198425292969
988	0.9444863200187683
989	0.9552698135375977
990	0.9281118512153625
991	0.8879246115684509
992	0.9072889685630798
993	0.9011139273643494
994	0.9560155868530273
995	0.968693196773529
996	0.8069657683372498
997	0.9675242304801941
998	0.889692485332489
999	0.8846437335014343
1000	0.8890587687492371
1001	0.8550615310668945
1002	0.518886387348175
1003	0.09957555681467056
1004	0.007382167968899012
1005	0.007785181049257517
1006	0.009643244557082653
1007	0.015061316080391407
1008	0.00793948583304882
1009	0.00969595368951559
1010	0.009955689311027527
1011	0.011158468201756477
1012	0.010399003513157368
1013	0.012016285210847855
1014	0.012420056387782097
1015	0.010126404464244843
1016	0.007825842127203941
1017	0.017364149913191795
1018	0.00917920470237732
1019	0.012078876607120037
1020	0.008036409504711628
1021	0.01637868396937847
1022	0.016900034621357918
1023	0.01178288646042347
1024	0.012444620952010155
1025	0.026591846719384193
1026	0.012830542400479317
1027	0.0158122219145298
1028	0.011605829000473022
1029	0.017358070239424706
1030	0.013410115614533424
1031	0.009726178832352161
1032	0.00880661141127348
1033	0.0077524990774691105
1034	0.006148600485175848
1035	0.006809242069721222
1036	0.007476964499801397
1037	0.005995092447847128
1038	0.007132356520742178
1039	0.005843030754476786
1040	0.005546849686652422
1041	0.005977774504572153
1042	0.005182155407965183
1043	0.006324213929474354
1044	0.00656470749527216
1045	0.006793856155127287
1046	0.005469057708978653
1047	0.00498107448220253
1048	0.005624457728117704
1049	0.00663036247715354
1050	0.006447359919548035
1051	0.0065284906886518
1052	0.006263452116400003
1053	0.006511741317808628
1054	0.006617737468332052
1055	0.007534814532846212
1056	0.011213473044335842
1057	0.008737267926335335
1058	0.009652242064476013
1059	0.007145835552364588
1060	0.012918228283524513
1061	0.012058290652930737
1062	0.012465921230614185
1063	0.012498161755502224
1064	0.012448134832084179
1065	0.010309828445315361
1066	0.013275153003633022
1067	0.01884874515235424
1068	0.02418736182153225
1069	0.017728639766573906
1070	0.008096965961158276
1071	0.008354430086910725
1072	0.007502262480556965
1073	0.010914205573499203
1074	0.00973929837346077
1075	0.011813280172646046
1076	0.009645961225032806
1077	0.014600008726119995
1078	0.012578238733112812
1079	0.011412226594984531
1080	0.00807302724570036
1081	0.009343487210571766
1082	0.008118663914501667
1083	0.019543085247278214
1084	0.01543095987290144
1085	0.04958118870854378
1086	0.018274463713169098
1087	0.015511035919189453
1088	0.008617081679403782
1089	0.013065206818282604
1090	0.022200526669621468
1091	0.016729289665818214
1092	0.02420569770038128
1093	0.03979133069515228
1094	0.016476687043905258
1095	0.00956311821937561
1096	0.02715289033949375
1097	0.03724929690361023
1098	0.0318753607571125
1099	0.06866245716810226
1100	0.12680478394031525
1101	0.04805552959442139
1102	0.0410260446369648
1103	0.09311915934085846
1104	0.030861899256706238
1105	0.11057233810424805
1106	0.12588584423065186
1107	0.1213763952255249
1108	0.12438930571079254
1109	0.40699559450149536
1110	0.6568819880485535
1111	0.6827608942985535
1112	0.7418985366821289
1113	0.8548673987388611
1114	0.809651792049408
1115	0.709607720375061
1116	0.7652503848075867
1117	0.7115106582641602
1118	0.7348107695579529
1119	0.6977882385253906
1120	0.8784467577934265
1121	0.709987461566925
1122	0.8373954892158508
1123	0.8457369804382324
1124	0.7022859454154968
1125	0.727505624294281
1126	0.7333326935768127
1127	0.7529413104057312
1128	0.6576598882675171
1129	0.7628068923950195
1130	0.7091414332389832
1131	0.7655670046806335
1132	0.776375949382782
1133	0.7885107398033142
1134	0.589807391166687
1135	0.6904621720314026
1136	0.7277280688285828
1137	0.6587796211242676
1138	0.709510326385498
1139	0.684878945350647
1140	0.7390262484550476
1141	0.6554937362670898
1142	0.5850192308425903
1143	0.7480499148368835
1144	0.6755688786506653
1145	0.671720564365387
1146	0.6989960074424744
1147	0.7373810410499573
1148	0.7767202854156494
1149	0.7335482835769653
1150	0.7840075492858887
1151	0.8372430205345154
1152	0.9105286002159119
1153	0.9357005953788757
1154	0.9040552377700806
1155	0.8898922801017761
1156	0.8505662083625793
1157	0.8791889548301697
1158	0.8777729868888855
1159	0.795741856098175
1160	0.5521029829978943
1161	0.40484118461608887
1162	0.22547903656959534
1163	0.09731415659189224
1164	0.11167602986097336
1165	0.1027996763586998
1166	0.12688593566417694
1167	0.16193976998329163
1168	0.24735181033611298
1169	0.4828933775424957
1170	0.6673275232315063
1171	0.6763675212860107
1172	0.6944594979286194
1173	0.745814859867096
1174	0.7204617857933044
1175	0.6877396106719971
1176	0.9110156893730164
1177	0.8576922416687012
1178	0.8588106036186218
1179	0.9146655201911926
1180	0.8176597952842712
1181	0.8369180560112
1182	0.8630041480064392
1183	0.7649480104446411
1184	0.8779886364936829
1185	0.7888509631156921
1186	0.8111835718154907
1187	0.7921766042709351
1188	0.8038555979728699
1189	0.7900249361991882
1190	0.8949645161628723
1191	0.8295772671699524
1192	0.7438352704048157
1193	0.9384912848472595
1194	0.8254827857017517
1195	0.8931355476379395
1196	0.88261479139328
1197	0.48701509833335876
1198	0.48442909121513367
1199	0.5228273272514343
1200	0.15828731656074524
1201	0.6000556945800781
1202	0.8577003479003906
1203	0.8562220931053162
1204	0.7507681250572205
1205	0.6738741397857666
1206	0.7360435724258423
1207	0.8954413533210754
1208	0.8299938440322876
1209	0.670079231262207
1210	0.7304133772850037
1211	0.6265303492546082
1212	0.8968149423599243
1213	0.7175983786582947
1214	0.2944645583629608
1215	0.10386382788419724
1216	0.017499923706054688
1217	0.009702926501631737
1218	0.009878869168460369
1219	0.010693664662539959
1220	0.0074300142005085945
1221	0.010634133592247963
1222	0.00930109340697527
1223	0.014203758910298347
1224	0.007843665778636932
1225	0.010193205438554287
1226	0.00973652396351099
1227	0.010571022517979145
1228	0.010217664763331413
1229	0.014352609403431416
1230	0.012205900624394417
1231	0.008927032351493835
1232	0.01201688777655363
1233	0.010884041897952557
1234	0.0064703854732215405
1235	0.010159877128899097
1236	0.010483914986252785
1237	0.009303770959377289
1238	0.007462450303137302
1239	0.0066202254965901375
1240	0.007712133228778839
1241	0.00868636928498745
1242	0.006693036761134863
1243	0.004909064620733261
1244	0.007734719198197126
1245	0.0054520731791853905
1246	0.0047304327599704266
1247	0.007328243460506201
1248	0.0119093032553792
1249	0.011766690760850906
1250	0.021578077226877213
1251	0.029379678890109062
1252	0.013003997504711151
1253	0.005949800834059715
1254	0.004010168835520744
1255	0.004070183727890253
1256	0.004019734915345907
1257	0.003896225243806839
1258	0.00283137452788651
1259	0.002884841524064541
1260	0.0033705965615808964
1261	0.004467184189707041
1262	0.003543086815625429
1263	0.003617418697103858
1264	0.0030657947063446045
1265	0.003497213125228882
1266	0.005283060017973185
1267	0.017479876056313515
1268	0.019347239285707474
1269	0.03562792018055916
1270	0.07723977416753769
1271	0.17907297611236572
1272	0.13657958805561066
1273	0.16653616726398468
1274	0.32582736015319824
1275	0.21514315903186798
1276	0.3938070237636566
1277	0.5003334879875183
1278	0.22848176956176758
1279	0.2930943965911865
1280	0.3152889907360077
1281	0.2561005651950836
1282	0.46790170669555664
1283	0.5093913674354553
1284	0.45452919602394104
1285	0.7609072923660278
1286	0.7748427391052246
1287	0.8087275624275208
1288	0.8103376626968384
1289	0.7808570265769958
1290	0.7969254851341248
1291	0.8785845041275024
1292	0.7895737886428833
1293	0.812410831451416
1294	0.9147523045539856
1295	0.8927200436592102
1296	0.8280258178710938
1297	0.8379328846931458
1298	0.828765869140625
1299	0.8707564473152161
1300	0.781956136226654
1301	0.8008862733840942
1302	0.8414599299430847
1303	0.8056921362876892
1304	0.814342200756073
1305	0.7312530875205994
1306	0.6183857321739197
1307	0.7465137839317322
1308	0.63126140832901
1309	0.5254179835319519
1310	0.4668031632900238
1311	0.6706265807151794
1312	0.5634708404541016
1313	0.7990768551826477
1314	0.792893648147583
1315	0.6954345107078552
1316	0.6760790944099426
1317	0.8246230483055115
1318	0.7448658347129822
1319	0.8577961325645447
1320	0.7867242693901062
1321	0.7437307238578796
1322	0.8087784051895142
1323	0.7375714182853699
1324	0.7815977334976196
1325	0.7342996001243591
1326	0.721351146697998
1327	0.702686607837677
1328	0.7218441367149353
1329	0.6807854175567627
1330	0.7661296725273132
1331	0.771504819393158
1332	0.6897798776626587
1333	0.7401703596115112
1334	0.6484115719795227
1335	0.8326263427734375
1336	0.6156828999519348
1337	0.611784815788269
1338	0.5404796004295349
1339	0.5218647122383118
1340	0.5578688979148865
1341	0.5615941882133484
1342	0.5498837828636169
1343	0.4924481511116028
1344	0.5433732867240906
1345	0.6462486982345581
1346	0.5497117042541504
1347	0.6480469703674316
1348	0.5819757580757141
1349	0.6978461146354675
1350	0.5658326148986816
1351	0.7492088675498962
1352	0.6121944189071655
1353	0.5766798257827759
1354	0.5810379981994629
1355	0.6988637447357178
1356	0.7944130301475525
1357	0.7518372535705566
1358	0.8427854776382446
1359	0.7765764594078064
1360	0.8200802206993103
1361	0.6888397336006165
1362	0.7608703970909119
1363	0.8868843913078308
1364	0.9468705058097839
1365	0.9223807454109192
1366	0.8916835784912109
1367	0.8353992700576782
1368	0.8474494218826294
1369	0.7528199553489685
1370	0.5003372430801392
1371	0.7092973589897156
1372	0.5000885128974915
1373	0.4173892140388489
1374	0.22321753203868866
1375	0.018051138147711754
1376	0.04354187846183777
1377	0.018915770575404167
1378	0.03155674785375595
1379	0.03348232060670853
1380	0.018944090232253075
1381	0.03274517133831978
1382	0.022408366203308105
1383	0.02450953982770443
1384	0.012020676396787167
1385	0.012401006184518337
1386	0.07704820483922958
1387	0.37324258685112
1388	0.46770763397216797
1389	0.8566654324531555
1390	0.8194672465324402
1391	0.5140227675437927
1392	0.27712851762771606
1393	0.47136732935905457
1394	0.11416015774011612
1395	0.01423540711402893
1396	0.010220243595540524
1397	0.007864740677177906
1398	0.009615789167582989
1399	0.010652337223291397
1400	0.012895852327346802
1401	0.00991510134190321
1402	0.011639072559773922
1403	0.012405543588101864
1404	0.008578232489526272
1405	0.014309545047581196
1406	0.011315766721963882
1407	0.019671140238642693
1408	0.011498157866299152
1409	0.01882045529782772
1410	0.017367685213685036
1411	0.02086654119193554
1412	0.018520934507250786
1413	0.016450820490717888
1414	0.01883830688893795
1415	0.020362310111522675
1416	0.019037717953324318
1417	0.01693696342408657
1418	0.021154196932911873
1419	0.01650225929915905
1420	0.01294968742877245
1421	0.019681131467223167
1422	0.013147339224815369
1423	0.01158867496997118
1424	0.014560185372829437
1425	0.013791903853416443
1426	0.011269970797002316
1427	0.008304066956043243
1428	0.006567966192960739
1429	0.006604957859963179
1430	0.0050825937651097775
1431	0.0059700882993638515
1432	0.007254548370838165
1433	0.006627221591770649
1434	0.007986138574779034
1435	0.008674348704516888
1436	0.009121029637753963
1437	0.009105770848691463
1438	0.008902487345039845
1439	0.006933136377483606
1440	0.006209474988281727
1441	0.006441652309149504
1442	0.007719856686890125
1443	0.006019724067300558
1444	0.00687101436778903
1445	0.006965070962905884
1446	0.006043292116373777
1447	0.006481637712568045
1448	0.005635898094624281
1449	0.008591467514634132
1450	0.006342031992971897
1451	0.006807308178395033
1452	0.006905737798660994
1453	0.009725848212838173
1454	0.0074781435541808605
1455	0.01084649097174406
1456	0.012563027441501617
1457	0.016584834083914757
1458	0.013266450725495815
1459	0.01769113540649414
1460	0.021524010226130486
1461	0.013786928728222847
1462	0.01343519426882267
1463	0.010165641084313393
1464	0.00978196132928133
1465	0.01389043778181076
1466	0.009128081612288952
1467	0.011767638847231865
1468	0.014562154188752174
1469	0.011197851039469242
1470	0.009957521222531796
1471	0.012672743760049343
1472	0.009678314439952374
1473	0.00659661740064621
1474	0.0063537186942994595
1475	0.007897628471255302
1476	0.005503140389919281
1477	0.0034906838554888964
1478	0.00400042487308383
1479	0.006070943083614111
1480	0.0037858353462070227
1481	0.00665647117421031
1482	0.005238132551312447
1483	0.005309154279530048
1484	0.005238952115178108
1485	0.004717621486634016
1486	0.005792108364403248
1487	0.0051572988741099834
1488	0.005594467278569937
1489	0.004908266942948103
1490	0.004648114088922739
1491	0.005370514001697302
1492	0.006086444482207298
1493	0.005798399448394775
1494	0.005502866581082344
1495	0.005261145066469908
1496	0.006990998983383179
1497	0.0058492692187428474
1498	0.0077363536693155766
1499	0.0065965778194367886
1500	0.008671228773891926
1501	0.0065011209808290005
1502	0.010118161328136921
1503	0.009267720393836498
1504	0.008926574140787125
1505	0.01180117018520832
1506	0.011639801785349846
1507	0.014185312204062939
1508	0.021159401163458824
1509	0.028707358986139297
1510	0.018785303458571434
1511	0.01631648652255535
1512	0.019244231283664703
1513	0.04172978922724724
1514	0.048482805490493774
1515	0.04278283938765526
1516	0.03676706552505493
1517	0.08639874309301376
1518	0.10149567574262619
1519	0.19176313281059265
1520	0.21130815148353577
1521	0.33963924646377563
1522	0.34164032340049744
1523	0.5090514421463013
1524	0.4386013448238373
1525	0.5025708079338074
1526	0.5759841799736023
1527	0.8569498062133789
1528	0.7842218279838562
1529	0.9151372909545898
1530	0.9101004600524902
1531	0.8877233862876892
1532	0.794640839099884
1533	0.8653184771537781
1534	0.8983015418052673
1535	0.8510786294937134
1536	0.8279829025268555
1537	0.44169312715530396
1538	0.2612563669681549
1539	0.16402345895767212
1540	0.225896954536438
1541	0.4334959089756012
1542	0.8957321047782898
1543	0.8854023814201355
1544	0.7801394462585449
1545	0.9130228161811829
1546	0.9128786325454712
1547	0.8974496722221375
1548	0.7218632698059082
1549	0.5757415890693665
1550	0.16170476377010345
1551	0.6598934531211853
1552	0.8159231543540955
1553	0.7831122279167175
1554	0.8999552130699158
1555	0.9072062373161316
1556	0.9252342581748962
1557	0.8019081354141235
1558	0.9109196662902832
1559	0.9003359079360962
1560	0.859906792640686
1561	0.9134344458580017
1562	0.8411417007446289
1563	0.8999969363212585
1564	0.9112619757652283
1565	0.8439044952392578
1566	0.9700460433959961
1567	0.9044433832168579
1568	0.8561804890632629
1569	0.870891273021698
1570	0.9295056462287903
1571	0.9113422632217407
1572	0.7725217938423157
1573	0.8644914031028748
1574	0.8827900290489197
1575	0.9319197535514832
1576	0.9194951057434082
1577	0.8993616104125977
1578	0.8854545950889587
1579	0.9262235760688782
1580	0.8199977278709412
1581	0.8350642323493958
1582	0.7870757579803467
1583	0.8094253540039062
1584	0.7821077108383179
1585	0.8506233096122742
1586	0.551437258720398
1587	0.5466696619987488
1588	0.5477033853530884
1589	0.6902284622192383
1590	0.5886418223381042
1591	0.6111891865730286
1592	0.5454416871070862
1593	0.6554738879203796
1594	0.5742331743240356
1595	0.6039208769798279
1596	0.36037904024124146
1597	0.5231534838676453
1598	0.5004228949546814
1599	0.5820062756538391
1600	0.3806443214416504
1601	0.396163672208786
1602	0.4598669111728668
1603	0.5920336246490479
1604	0.4602130055427551
1605	0.5943620204925537
1606	0.16347113251686096
1607	0.8181654214859009
1608	0.8356122970581055
1609	0.7074244618415833
1610	0.7205498814582825
1611	0.7182687520980835
1612	0.6147502064704895
1613	0.7675729990005493
1614	0.8198175430297852
1615	0.8773577809333801
1616	0.8223557472229004
1617	0.9004417657852173
1618	0.8951242566108704
1619	0.6711552739143372
1620	0.5276621580123901
1621	0.4069254994392395
1622	0.013669783249497414
1623	0.009070761501789093
1624	0.006789088249206543
1625	0.007905641570687294
1626	0.00838250108063221
1627	0.00990483071655035
1628	0.009752007201313972
1629	0.013692478649318218
1630	0.008315573446452618
1631	0.005858961492776871
1632	0.003753781784325838
1633	0.005333481822162867
1634	0.004882301669567823
1635	0.005512163508683443
1636	0.0046129473485052586
1637	0.008065210655331612
1638	0.004575000610202551
1639	0.007728591561317444
1640	0.007734924554824829
1641	0.007600072305649519
1642	0.005381504073739052
1643	0.005841849837452173
1644	0.007032891269773245
1645	0.0066803521476686
1646	0.006328353192657232
1647	0.005215424578636885
1648	0.004185286816209555
1649	0.005735053215175867
1650	0.004309170879423618
1651	0.005979159846901894
1652	0.0042439913377165794
1653	0.00387909566052258
1654	0.0053796712309122086
1655	0.006233271677047014
1656	0.005729858763515949
1657	0.00734947482123971
1658	0.00717781251296401
1659	0.006603330373764038
1660	0.005508512258529663
1661	0.004394736140966415
1662	0.0037355993408709764
1663	0.004333066288381815
1664	0.00428007310256362
1665	0.003957659937441349
1666	0.005431267898529768
1667	0.005026318598538637
1668	0.004951511975377798
1669	0.0037982461508363485
1670	0.003496351186186075
1671	0.004313196986913681
1672	0.0044234455563127995
1673	0.004590821918100119
1674	0.007336363196372986
1675	0.005577781703323126
1676	0.004592947196215391
1677	0.005338962655514479
1678	0.006132617127150297
1679	0.007341623306274414
1680	0.0052256896160542965
1681	0.004118868615478277
1682	0.005240185651928186
1683	0.005904896650463343
1684	0.005476950667798519
1685	0.006103482563048601
1686	0.006300287786871195
1687	0.0064457072876393795
1688	0.006642944645136595
1689	0.0075626857578754425
1690	0.0070928423665463924
1691	0.008137877099215984
1692	0.008127842098474503
1693	0.010303804650902748
1694	0.013503308407962322
1695	0.010139420628547668
1696	0.009277427569031715
1697	0.008025056682527065
1698	0.006729136686772108
1699	0.011546054854989052
1700	0.00773621816188097
1701	0.010844520293176174
1702	0.011208792217075825
1703	0.010574206709861755
1704	0.00855377595871687
1705	0.008622094057500362
1706	0.007334173657000065
1707	0.008525989018380642
1708	0.008719410747289658
1709	0.010179925709962845
1710	0.008019807748496532
1711	0.0095570283010602
1712	0.00634694704785943
1713	0.009068707935512066
1714	0.007857225835323334
1715	0.009335055947303772
1716	0.007217609789222479
1717	0.007589274551719427
1718	0.00921990629285574
1719	0.004962520208209753
1720	0.004261982161551714
1721	0.004165181424468756
1722	0.004264725837856531
1723	0.0052505419589579105
1724	0.006165052764117718
1725	0.01070201676338911
1726	0.009652378968894482
1727	0.010419472120702267
1728	0.011098737828433514
1729	0.012789803557097912
1730	0.016247490420937538
1731	0.014779320918023586
1732	0.010776407085359097
1733	0.014544582925736904
1734	0.012869136407971382
1735	0.015247567556798458
1736	0.015602958388626575
1737	0.01107480376958847
1738	0.013883600011467934
1739	0.020211881026625633
1740	0.010956698097288609
1741	0.011131977662444115
1742	0.012720647267997265
1743	0.00968009140342474
1744	0.01204171497374773
1745	0.010100492276251316
1746	0.013823642395436764
1747	0.01986653357744217
1748	0.015901491045951843
1749	0.015598952770233154
1750	0.011419558897614479
1751	0.010239193215966225
1752	0.008695038966834545
1753	0.007844696752727032
1754	0.016133448109030724
1755	0.008307022042572498
1756	0.0069510601460933685
1757	0.010136154480278492
1758	0.057545192539691925
1759	0.08280786126852036
1760	0.08888035267591476
1761	0.4178820550441742
1762	0.3978757858276367
1763	0.3781948685646057
1764	0.6243221163749695
1765	0.8010034561157227
1766	0.8941044211387634
1767	0.9410678744316101
1768	0.9325656890869141
1769	0.9593355059623718
1770	0.9779219031333923
1771	0.9790094494819641
1772	0.9871143698692322
1773	0.9846935272216797
1774	0.9871236681938171
1775	0.9899143576622009
1776	0.9907391667366028
1777	0.9948960542678833
1778	0.9908628463745117
1779	0.9887111783027649
1780	0.9887962341308594
1781	0.9929062128067017
1782	0.9906852841377258
1783	0.9905375838279724
1784	0.9857972264289856
1785	0.9935110211372375
1786	0.9943203330039978
1787	0.9970137476921082
1788	0.993817150592804
1789	0.9948013424873352
1790	0.9851860404014587
1791	0.99481201171875
1792	0.9957786798477173
1793	0.9940977096557617
1794	0.9930763244628906
1795	0.9915251135826111
1796	0.9821762442588806
1797	0.9945432543754578
1798	0.9743332266807556
1799	0.9468147158622742
1800	0.9193763732910156
1801	0.8147854208946228
1802	0.8877646327018738
1803	0.8798313140869141
1804	0.8696526885032654
1805	0.9304682612419128
1806	0.9380894899368286
1807	0.9699886441230774
1808	0.8858515024185181
1809	0.9831916093826294
1810	0.9827573895454407
1811	0.9408430457115173
1812	0.971668541431427
1813	0.9779171943664551
1814	0.9766904711723328
1815	0.9397823214530945
1816	0.9291753768920898
1817	0.98370760679245
1818	0.9598352313041687
1819	0.9796053767204285
1820	0.9244455695152283
1821	0.981266438961029
1822	0.9602627158164978
1823	0.988482654094696
1824	0.9853372573852539
1825	0.980056881904602
1826	0.964482307434082
1827	0.8636360168457031
1828	0.9279028177261353
1829	0.9227229952812195
1830	0.886131763458252
1831	0.9195072054862976
1832	0.8824290633201599
1833	0.7625267505645752
1834	0.814642608165741
1835	0.7924610376358032
1836	0.7780364155769348
1837	0.7819809317588806
1838	0.9053117632865906
1839	0.8533310890197754
1840	0.636323869228363
1841	0.3597356379032135
1842	0.26325103640556335
1843	0.8937937617301941
1844	0.7836174964904785
1845	0.7515549659729004
1846	0.08631908893585205
1847	0.012167266570031643
1848	0.012518772855401039
1849	0.00950980931520462
1850	0.013986247591674328
1851	0.012900455854833126
1852	0.006129234563559294
1853	0.006583366077393293
1854	0.006691950839012861
1855	0.009397591464221478
1856	0.01625698246061802
1857	0.006585656199604273
1858	0.007106372155249119
1859	0.007520063314586878
1860	0.0063530816696584225
1861	0.0035787939559668303
1862	0.0030872952193021774
1863	0.005209797061979771
1864	0.008011232130229473
1865	0.009374414570629597
1866	0.010289615020155907
1867	0.006196216214448214
1868	0.00640319287776947
1869	0.01480137463659048
1870	0.007839118130505085
1871	0.007544954307377338
1872	0.01071564108133316
1873	0.007172517478466034
1874	0.0062741683796048164
1875	0.007371786516159773
1876	0.008656059391796589
1877	0.008264522068202496
1878	0.007516741286963224
1879	0.00647793710231781
1880	0.010537052527070045
1881	0.008283005096018314
1882	0.006453965790569782
1883	0.006462946068495512
1884	0.0115572614595294
1885	0.010760767385363579
1886	0.008068657480180264
1887	0.008932407014071941
1888	0.011283946223556995
1889	0.013024205341935158
1890	0.011870685033500195
1891	0.00959527213126421
1892	0.007647577207535505
1893	0.00659423042088747
1894	0.01107695046812296
1895	0.017709914594888687
1896	0.015601212158799171
1897	0.017240827903151512
1898	0.016022153198719025
1899	0.028220657259225845
1900	0.016840463504195213
1901	0.0216856449842453
1902	0.0164056196808815
1903	0.015282312408089638
1904	0.010922454297542572
1905	0.033935122191905975
1906	0.008263001218438148
1907	0.009288658387959003
1908	0.009500936605036259
1909	0.012942074798047543
1910	0.013597801327705383
1911	0.01486937701702118
1912	0.016554126515984535
1913	0.008360139094293118
1914	0.010923323221504688
1915	0.012269156984984875
1916	0.014363110065460205
1917	0.012732570059597492
1918	0.008160090073943138
1919	0.008243362419307232
1920	0.01478212233632803
1921	0.010388637892901897
1922	0.015136285685002804
1923	0.013776728883385658
1924	0.007839038036763668
1925	0.014287528581917286
1926	0.008846617303788662
1927	0.01069170143455267
1928	0.00844209548085928
1929	0.0129722123965621
1930	0.017444467172026634
1931	0.015741031616926193
1932	0.01872204802930355
1933	0.021802520379424095
1934	0.016534943133592606
1935	0.008982988074421883
1936	0.011542587541043758
1937	0.00795673206448555
1938	0.009759477339684963
1939	0.00971832126379013
1940	0.007715026382356882
1941	0.007761845830827951
1942	0.005174154881387949
1943	0.006092481315135956
1944	0.006861870177090168
1945	0.006342574954032898
1946	0.009852145798504353
1947	0.010989340953528881
1948	0.007156440522521734
1949	0.009960797615349293
1950	0.008711998350918293
1951	0.006476417183876038
1952	0.006847732700407505
1953	0.004417404066771269
1954	0.004822076298296452
1955	0.004858794622123241
1956	0.004341102670878172
1957	0.005366884171962738
1958	0.004031392280012369
1959	0.005445763468742371
1960	0.0046956199221313
1961	0.004114211071282625
1962	0.003753411117941141
1963	0.0037940714973956347
1964	0.004251969512552023
1965	0.0042756362818181515
1966	0.005169696640223265
1967	0.004115466959774494
1968	0.005324737634509802
1969	0.0034341986756771803
1970	0.0038385496009141207
1971	0.004331361036747694
1972	0.003944214433431625
1973	0.004654938820749521
1974	0.004236012697219849
1975	0.005488228052854538
1976	0.003275910159572959
1977	0.003493568394333124
1978	0.003349462291225791
1979	0.0037957385648041964
1980	0.005602207966148853
1981	0.004409672226756811
1982	0.0036222469061613083
1983	0.004466147627681494
1984	0.004411881323903799
1985	0.005509428214281797
1986	0.006060193292796612
1987	0.005561481695622206
1988	0.004671182483434677
1989	0.005300258751958609
1990	0.00496066827327013
1991	0.0054802000522613525
1992	0.004774928092956543
1993	0.006645278073847294
1994	0.00713812792673707
1995	0.006728414446115494
1996	0.005724426358938217
1997	0.0049938843585550785
1998	0.005581969860941172
1999	0.004972801543772221
2000	0.003495416371151805
2001	0.0038202416617423296
2002	0.00537471566349268
2003	0.005391179118305445
2004	0.003598422510549426
2005	0.005793397314846516
2006	0.003634874941781163
2007	0.0036865733563899994
2008	0.00405441178008914
2009	0.0057068015448749065
2010	0.0062173218466341496
2011	0.006682814564555883
2012	0.005742957815527916
2013	0.0073227169923484325
2014	0.006826432887464762
2015	0.00851754005998373
2016	0.008358691819012165
2017	0.008068221621215343
2018	0.0064651938155293465
2019	0.007365410216152668
2020	0.007470387499779463
2021	0.008717247284948826
2022	0.007801124360412359
2023	0.00767242768779397
2024	0.011359238997101784
2025	0.012531314976513386
2026	0.009991267696022987
2027	0.013740590773522854
2028	0.025963133201003075
2029	0.10048975795507431
2030	0.23174011707305908
2031	0.23740921914577484
2032	0.14298853278160095
2033	0.1678459495306015
2034	0.15855395793914795
2035	0.05743112787604332
2036	0.05987070873379707
2037	0.10802092403173447
2038	0.1389080137014389
2039	0.13535919785499573
2040	0.0941290482878685
2041	0.029194075614213943
2042	0.0411696620285511
2043	0.027543962001800537
2044	0.03128926455974579
2045	0.043378978967666626
2046	0.07243634760379791
2047	0.17107053101062775
2048	0.08981402218341827
2049	0.1242041364312172
2050	0.07399266958236694
2051	0.031832434237003326
2052	0.07645349949598312
2053	0.16230078041553497
2054	0.09355472773313522
2055	0.2252970039844513
2056	0.17375719547271729
2057	0.20655293762683868
2058	0.10151795297861099
2059	0.09679783135652542
2060	0.030961623415350914
2061	0.052984267473220825
2062	0.029446488246321678
2063	0.023268483579158783
2064	0.023890022188425064
2065	0.019723353907465935
2066	0.01875457353889942
2067	0.023682113736867905
2068	0.019718337804079056
2069	0.01940898969769478
2070	0.017832478508353233
2071	0.021488618105649948
2072	0.02403147891163826
2073	0.01844870112836361
2074	0.0169002003967762
2075	0.014792734757065773
2076	0.015239916741847992
2077	0.011535468511283398
2078	0.013036924414336681
2079	0.011165088973939419
2080	0.013327404856681824
2081	0.007849679328501225
2082	0.012039737775921822
2083	0.01169489324092865
2084	0.01428647618740797
2085	0.011005009524524212
2086	0.00899257231503725
2087	0.008223767392337322
2088	0.015865443274378777
2089	0.012159990146756172
2090	0.009939396753907204
2091	0.012827274389564991
2092	0.009895882569253445
2093	0.016416216269135475
2094	0.01265086978673935
2095	0.013940884731709957
2096	0.013959074392914772
2097	0.011890877969563007
2098	0.00949716567993164
2099	0.009430894628167152
2100	0.010221443139016628
2101	0.013467124663293362
2102	0.017127640545368195
2103	0.015531832352280617
2104	0.01147624384611845
2105	0.01387755572795868
2106	0.01647043228149414
2107	0.017267076298594475
2108	0.01753576658666134
2109	0.01605822518467903
2110	0.014196830801665783
2111	0.016107935458421707
2112	0.013634279370307922
2113	0.01167579460889101
2114	0.014783376827836037
2115	0.019184032455086708
2116	0.014759249053895473
2117	0.01174531877040863
2118	0.016701847314834595
2119	0.013001061975955963
2120	0.013718592934310436
2121	0.015721788629889488
2122	0.014981758780777454
2123	0.011436703614890575
2124	0.013490024022758007
2125	0.012920155189931393
2126	0.014193139970302582
2127	0.014229617081582546
2128	0.014137065969407558
2129	0.019824674353003502
2130	0.01584213227033615
2131	0.013492563739418983
2132	0.014072957448661327
2133	0.014205587096512318
2134	0.016590440645813942
2135	0.007488826755434275
2136	0.010468077845871449
2137	0.011143991723656654
2138	0.010386595502495766
2139	0.010682309977710247
2140	0.011505508795380592
2141	0.006240597926080227
2142	0.006991625763475895
2143	0.005155655555427074
2144	0.005714382976293564
2145	0.004986582789570093
2146	0.0035469268914312124
2147	0.004241055343300104
2148	0.005026556551456451
2149	0.005238847341388464
2150	0.008380581624805927
2151	0.010066298767924309
2152	0.009275468066334724
2153	0.009267165325582027
2154	0.011888173408806324
2155	0.016113026067614555
2156	0.01664857380092144
2157	0.01773260347545147
2158	0.013273680582642555
2159	0.010601945221424103
2160	0.011937442235648632
2161	0.01406029798090458
2162	0.014293509535491467
2163	0.016050910577178
2164	0.014646420255303383
2165	0.018235066905617714
2166	0.01637173257768154
2167	0.0177663154900074
2168	0.016567766666412354
2169	0.01580597460269928
2170	0.01565210148692131
2171	0.020685315132141113
2172	0.018155384808778763
2173	0.021075189113616943
2174	0.0193893164396286
2175	0.019127139821648598
2176	0.0196224357932806
2177	0.02149827778339386
2178	0.01784173958003521
2179	0.0073194983415305614
2180	0.004582262597978115
2181	0.0035204067826271057
2182	0.00709187239408493
2183	0.006994571071118116
2184	0.005094380117952824
2185	0.007253173738718033
2186	0.008822706528007984
2187	0.011634442955255508
2188	0.007891622371971607
2189	0.009887071326375008
2190	0.011083210818469524
2191	0.016805430874228477
2192	0.01021004468202591
2193	0.009222685359418392
2194	0.008640541695058346
2195	0.006738775875419378
2196	0.006165060680359602
2197	0.006386668886989355
2198	0.010330036282539368
2199	0.00789934117347002
2200	0.007681907620280981
2201	0.01055456418544054
2202	0.005200822371989489
2203	0.007208903320133686
2204	0.010385674424469471
2205	0.006723301950842142
2206	0.004943040199577808
2207	0.005193860270082951
2208	0.0055905841290950775
2209	0.00701146712526679
2210	0.007582731079310179
2211	0.007733951788395643
2212	0.006218660157173872
2213	0.00517289200797677
2214	0.007733052130788565
2215	0.00734155997633934
2216	0.0063231224194169044
2217	0.008573594503104687
2218	0.011101755313575268
2219	0.01554854866117239
2220	0.017011921852827072
2221	0.020731443539261818
2222	0.014168686233460903
2223	0.01994854398071766
2224	0.01103899534791708
2225	0.012370902113616467
2226	0.008654017932713032
2227	0.013841236010193825
2228	0.013018344528973103
2229	0.012004563584923744
2230	0.012587024830281734
2231	0.0093794334679842
2232	0.011895624920725822
2233	0.01332648005336523
2234	0.02107252925634384
2235	0.01632835529744625
2236	0.009843585081398487
2237	0.009079339914023876
2238	0.009269775822758675
2239	0.01115958672016859
2240	0.011105409823358059
2241	0.00931320246309042
2242	0.008794429711997509
2243	0.008454347960650921
2244	0.00899669248610735
2245	0.007304712664335966
2246	0.007031152490526438
2247	0.007844184525310993
2248	0.00713537959381938
2249	0.007934436202049255
2250	0.00894834753125906
2251	0.009595026262104511
2252	0.00963548757135868
2253	0.008756138384342194
2254	0.006556031294167042
2255	0.008039857260882854
2256	0.011908099986612797
2257	0.012108868919312954
2258	0.026089614257216454
2259	0.02124321646988392
2260	0.027665644884109497
2261	0.027659201994538307
2262	0.030536098405718803
2263	0.01407267153263092
2264	0.010774548165500164
2265	0.00749110896140337
2266	0.008332244120538235
2267	0.013147088699042797
2268	0.009451068006455898
2269	0.009585070423781872
2270	0.006672882940620184
2271	0.006074228789657354
2272	0.006870864424854517
2273	0.006022838409990072
2274	0.007707373704761267
2275	0.005473556462675333
2276	0.0062819174490869045
2277	0.005118246655911207
2278	0.006936737801879644
2279	0.008783986791968346
2280	0.007192389108240604
2281	0.009823507629334927
2282	0.008891641162335873
2283	0.00749246496707201
2284	0.009093706496059895
2285	0.011214080266654491
2286	0.007062083575874567
2287	0.011173379607498646
2288	0.007156785111874342
2289	0.01247765775769949
2290	0.00730840815231204
2291	0.011867314577102661
2292	0.00869535468518734
2293	0.00946520920842886
2294	0.00914070289582014
2295	0.009896773844957352
2296	0.008871776983141899
2297	0.01287937443703413
2298	0.007650141604244709
2299	0.01140492595732212
2300	0.012441686354577541
2301	0.011392238549888134
2302	0.010352014563977718
2303	0.009030018001794815
2304	0.006516583263874054
2305	0.011347323656082153
2306	0.011850142851471901
2307	0.011259729973971844
2308	0.01004242803901434
2309	0.010131997056305408
2310	0.009874654933810234
2311	0.009832829236984253
2312	0.009627485647797585
2313	0.008555255830287933
2314	0.008378036320209503
2315	0.00869191437959671
2316	0.008716356940567493
2317	0.010268188081681728
2318	0.014344445429742336
2319	0.010387896560132504
2320	0.011910581961274147
2321	0.01302831806242466
2322	0.008516775444149971
2323	0.01238042488694191
2324	0.011625225655734539
2325	0.01145673543214798
2326	0.012462245300412178
2327	0.010699870064854622
2328	0.010311952792108059
2329	0.009459997527301311
2330	0.012585473246872425
2331	0.009211104363203049
2332	0.01007890235632658
2333	0.00750689348205924
2334	0.008022911846637726
2335	0.00702686607837677
2336	0.006122163496911526
2337	0.009876253083348274
2338	0.02707814984023571
2339	0.017323477193713188
2340	0.013012192212045193
2341	0.010050944983959198
2342	0.013047769665718079
2343	0.007490910589694977
2344	0.00693798391148448
2345	0.005523181054741144
2346	0.0064157224260270596
2347	0.006792731117457151
2348	0.005915455520153046
2349	0.006101477891206741
2350	0.007646027486771345
2351	0.008243274874985218
2352	0.006907313596457243
2353	0.005930811166763306
2354	0.005389959551393986
2355	0.007736653089523315
2356	0.007467254996299744
2357	0.004785559605807066
2358	0.0040079643949866295
2359	0.006631000433117151
2360	0.0049113077111542225
2361	0.004948796704411507
2362	0.003432535333558917
2363	0.004027681890875101
2364	0.004567906726151705
2365	0.004597686231136322
2366	0.004998568445444107
2367	0.004350858274847269
2368	0.0040449765510857105
2369	0.006185978651046753
2370	0.006334803998470306
2371	0.005656789988279343
2372	0.006264659110456705
2373	0.011939803138375282
2374	0.00941616203635931
2375	0.011540435254573822
2376	0.009342953562736511
2377	0.010187541134655476
2378	0.009530526585876942
2379	0.00879861880093813
2380	0.008277460001409054
2381	0.0133517412468791
2382	0.010023298673331738
2383	0.013985049910843372
2384	0.010089889168739319
2385	0.006891175638884306
2386	0.007054527290165424
2387	0.005585051141679287
2388	0.005120334681123495
2389	0.005712168291211128
2390	0.010095429606735706
2391	0.007661213167011738
2392	0.0070533487014472485
2393	0.007905740290880203
2394	0.007904558442533016
2395	0.010230952873826027
2396	0.01167665421962738
2397	0.007932649925351143
2398	0.00854436680674553
2399	0.009573198854923248
2400	0.008528782986104488
2401	0.0075041004456579685
2402	0.00997510738670826
2403	0.008057869970798492
2404	0.009513989090919495
2405	0.009329299442470074
2406	0.010226010344922543
2407	0.009975592605769634
2408	0.0063692606054246426
2409	0.01094795111566782
2410	0.008708332665264606
2411	0.012203553691506386
2412	0.008240265771746635
2413	0.013001385144889355
2414	0.011207754723727703
2415	0.013709730468690395
2416	0.007065690588206053
2417	0.008413850329816341
2418	0.009037930518388748
2419	0.006764009594917297
2420	0.007001578342169523
2421	0.005124542396515608
2422	0.0066262842155992985
2423	0.005857482086867094
2424	0.006520391907542944
2425	0.0058250571601092815
2426	0.008784311823546886
2427	0.013493743725121021
2428	0.008442739956080914
2429	0.012271085754036903
2430	0.0067122504115104675
2431	0.0068469056859612465
2432	0.0060111782513558865
2433	0.007308448199182749
2434	0.0047086323611438274
2435	0.006455776281654835
2436	0.006141193211078644
2437	0.0057904659770429134
2438	0.006092763971537352
2439	0.0052109831012785435
2440	0.004439407028257847
2441	0.004675140604376793
2442	0.0046625216491520405
2443	0.004812163300812244
2444	0.0043056621216237545
2445	0.005050250794738531
2446	0.003978044725954533
2447	0.0055821919813752174
2448	0.005357884336262941
2449	0.005162493791431189
2450	0.005215793382376432
2451	0.004614611621946096
2452	0.0040099723264575005
2453	0.004109096713364124
2454	0.003827847307547927
2455	0.0035293821711093187
2456	0.0034806281328201294
2457	0.004272832069545984
2458	0.0038980990648269653
2459	0.004202747251838446
2460	0.003689164062961936
2461	0.003222766099497676
2462	0.0029848944395780563
2463	0.0032981359399855137
2464	0.003645246149972081
2465	0.003526559565216303
2466	0.00426945835351944
2467	0.0031772160436958075
2468	0.004158361349254847
2469	0.006511712912470102
2470	0.003920534625649452
2471	0.0037442089524120092
2472	0.0032353592105209827
2473	0.00308084674179554
2474	0.003885869635269046
2475	0.004281697329133749
2476	0.003355929395183921
2477	0.0039174254052340984
2478	0.003965292125940323
2479	0.003721215296536684
2480	0.003984915092587471
2481	0.003325397614389658
2482	0.003861422883346677
2483	0.0035878345370292664
2484	0.003557472722604871
2485	0.004241921007633209
2486	0.004488716833293438
2487	0.005674440413713455
2488	0.005660449620336294
2489	0.00881511252373457
2490	0.0056855580769479275
2491	0.0064813257195055485
2492	0.009771772660315037
2493	0.01753401756286621
2494	0.060485124588012695
2495	0.12417241185903549
2496	0.04274912551045418
2497	0.06622320413589478
2498	0.07475940138101578
2499	0.03893802687525749
2500	0.07512166351079941
2501	0.10567140579223633
2502	0.10941573232412338
2503	0.07591207325458527
2504	0.042525798082351685
2505	0.2723827064037323
2506	0.023638352751731873
2507	0.03533075377345085
2508	0.02538885548710823
2509	0.02209589257836342
2510	0.030886931344866753
2511	0.045502305030822754
2512	0.027456825599074364
2513	0.03894945979118347
2514	0.08551851660013199
2515	0.20174644887447357
2516	0.26286864280700684
2517	0.46343109011650085
2518	0.49719181656837463
2519	0.6352375745773315
2520	0.5869948267936707
2521	0.3578149378299713
2522	0.5063891410827637
2523	0.6636401414871216
2524	0.7831668257713318
2525	0.7250427007675171
2526	0.7726401090621948
2527	0.6493189334869385
2528	0.9271122813224792
2529	0.9315937161445618
2530	0.9727479815483093
2531	0.9715466499328613
2532	0.9867672920227051
2533	0.9590662121772766
2534	0.9782118201255798
2535	0.9579876065254211
2536	0.9387335181236267
2537	0.9529190063476562
2538	0.8943493962287903
2539	0.8629738092422485
2540	0.7225478291511536
2541	0.7652295231819153
2542	0.6438418030738831
2543	0.5179007053375244
2544	0.5777692198753357
2545	0.4319121837615967
2546	0.38866689801216125
2547	0.4797528386116028
2548	0.48579952120780945
2549	0.5785509943962097
2550	0.5428510308265686
2551	0.5903365612030029
2552	0.43769094347953796
2553	0.5750361680984497
2554	0.6226445436477661
2555	0.662990391254425
2556	0.29489579796791077
2557	0.3039858043193817
2558	0.1788797676563263
2559	0.3092794120311737
2560	0.16663521528244019
2561	0.1596881002187729
2562	0.18457017838954926
2563	0.22248302400112152
2564	0.21804378926753998
2565	0.6607211232185364
2566	0.7321943044662476
2567	0.6659415364265442
2568	0.8458846211433411
2569	0.9642448425292969
2570	0.9240415692329407
2571	0.9099881052970886
2572	0.5642167329788208
2573	0.2886427342891693
2574	0.06787054985761642
2575	0.042383693158626556
2576	0.021946338936686516
2577	0.017238114029169083
2578	0.017057381570339203
2579	0.018118787556886673
2580	0.011910230852663517
2581	0.011165049858391285
2582	0.007546077948063612
2583	0.008236510679125786
2584	0.006765439640730619
2585	0.008735481649637222
2586	0.008773798123002052
2587	0.006817135494202375
2588	0.00667577376589179
2589	0.0049189492128789425
2590	0.00329860532656312
2591	0.004121921490877867
2592	0.003091225866228342
2593	0.004867627285420895
2594	0.003893400775268674
2595	0.0030299711506813765
2596	0.005251025315374136
2597	0.003952094819396734
2598	0.003738255938515067
2599	0.0032009691931307316
2600	0.005041498690843582
2601	0.003725379705429077
2602	0.004413764923810959
2603	0.004352425690740347
2604	0.0045522660948336124
2605	0.0034310452174395323
2606	0.0030414448119699955
2607	0.0030052352230995893
2608	0.003166063455864787
2609	0.0032190827187150717
2610	0.003375853644683957
2611	0.003229982452467084
2612	0.0030530449002981186
2613	0.0038433552253991365
2614	0.004631714895367622
2615	0.0037416969425976276
2616	0.0033485095482319593
2617	0.003482674015685916
2618	0.0031452819239348173
2619	0.0031875495333224535
2620	0.002965881722047925
2621	0.0028213311452418566
2622	0.002719595329836011
2623	0.003232514951378107
2624	0.0025051534175872803
2625	0.0027519266586750746
2626	0.003514333162456751
2627	0.004873564932495356
2628	0.00441388925537467
2629	0.00423910329118371
2630	0.004307657014578581
2631	0.004442792851477861
2632	0.0033241845667362213
2633	0.004490613471716642
2634	0.0052250162698328495
2635	0.005026740022003651
2636	0.005274649243801832
2637	0.003889987012371421
2638	0.0043080574832856655
2639	0.0043578967452049255
2640	0.004279729910194874
2641	0.005237306002527475
2642	0.006578513886779547
2643	0.0050503588281571865
2644	0.00678446888923645
2645	0.011500599794089794
2646	0.026686502620577812
2647	0.04264472797513008
2648	0.03461582586169243
2649	0.02718409337103367
2650	0.06481144577264786
2651	0.07883879542350769
2652	0.04894812032580376
2653	0.04625336453318596
2654	0.04992376267910004
2655	0.0654667541384697
2656	0.07295601814985275
2657	0.12581458687782288
2658	0.2071056365966797
2659	0.2721651494503021
2660	0.29450422525405884
2661	0.37685626745224
2662	0.6289039850234985
2663	0.8343014121055603
2664	0.8350264430046082
2665	0.794871985912323
2666	0.6956755518913269
2667	0.8188665509223938
2668	0.6255632638931274
2669	0.5698943734169006
2670	0.6536731719970703
2671	0.7814376354217529
2672	0.6311952471733093
2673	0.728160560131073
2674	0.7408555746078491
2675	0.8485607504844666
2676	0.5912327170372009
2677	0.5933734774589539
2678	0.0319923534989357
2679	0.01570146530866623
2680	0.012150025926530361
2681	0.012629196047782898
2682	0.009950051084160805
2683	0.008433053269982338
2684	0.008203591220080853
2685	0.008600113913416862
2686	0.009730761870741844
2687	0.008129379712045193
2688	0.008435887284576893
2689	0.008391420356929302
2690	0.010866455733776093
2691	0.009598597884178162
2692	0.013731615617871284
2693	0.015239936299622059
2694	0.013626865111291409
2695	0.014727279543876648
2696	0.014672531746327877
2697	0.017565438523888588
2698	0.02791803888976574
2699	0.04373309016227722
2700	0.05413780361413956
2701	0.045469947159290314
2702	0.020130349323153496
2703	0.012628777883946896
2704	0.02536569908261299
2705	0.014398512430489063
2706	0.01576322130858898
2707	0.016385573893785477
2708	0.023671390488743782
2709	0.023649165406823158
2710	0.04058188945055008
2711	0.1403389424085617
2712	0.330060213804245
2713	0.5737881064414978
2714	0.45680171251296997
2715	0.48137083649635315
2716	0.5238910913467407
2717	0.8527456521987915
2718	0.9516605734825134
2719	0.8511791229248047
2720	0.8613739013671875
2721	0.9559788107872009
2722	0.9510548710823059
2723	0.9052872657775879
2724	0.8080615997314453
2725	0.7356003522872925
2726	0.7870580554008484
2727	0.7450957298278809
2728	0.8219615817070007
2729	0.8862970471382141
2730	0.7454201579093933
2731	0.8841735124588013
2732	0.7943875789642334
2733	0.8063613176345825
2734	0.7490008473396301
2735	0.718277633190155
2736	0.6227744221687317
2737	0.5861504673957825
2738	0.6414933204650879
2739	0.5620071291923523
2740	0.5051180720329285
2741	0.6108319163322449
2742	0.49524006247520447
2743	0.4555501937866211
2744	0.5501133799552917
2745	0.6433439254760742
2746	0.5980387330055237
2747	0.632257342338562
2748	0.533302903175354
2749	0.4344629943370819
2750	0.5672092437744141
2751	0.6313382983207703
2752	0.5049781203269958
2753	0.47105714678764343
2754	0.6063970327377319
2755	0.5170860290527344
2756	0.6737676858901978
2757	0.6169244050979614
2758	0.6599906086921692
2759	0.8465349078178406
2760	0.8455894589424133
2761	0.9494258761405945
2762	0.896820068359375
2763	0.7990420460700989
2764	0.6529796123504639
2765	0.5243362188339233
2766	0.16895484924316406
2767	0.032176222652196884
2768	0.022959573194384575
2769	0.02018509805202484
2770	0.021817803382873535
2771	0.17184166610240936
2772	0.11952650547027588
2773	0.42064982652664185
2774	0.2272297441959381
2775	0.03822152689099312
2776	0.019647669047117233
