frame	prob
0	0.0032331838738173246
1	0.003214991884306073
2	0.0031804132740944624
3	0.0026418131310492754
4	0.00228127627633512
5	0.003215391654521227
6	0.0026974088978022337
7	0.0030199678149074316
8	0.0034303166903555393
9	0.0032201812136918306
10	0.0045668454840779305
11	0.0035250887740403414
12	0.003427330870181322
13	0.0038977793883532286
14	0.003743609879165888
15	0.004447991494089365
16	0.004460770636796951
17	0.005279356613755226
18	0.004496078938245773
19	0.00423981761559844
20	0.004558336455374956
21	0.004721959587186575
22	0.003907463978976011
23	0.004370168317109346
24	0.004037582315504551
25	0.004816905129700899
26	0.004874540958553553
27	0.005125121679157019
28	0.004917203914374113
29	0.006015974096953869
30	0.0055749970488250256
31	0.01581963710486889
32	0.01454153098165989
33	0.02734953723847866
34	0.020381102338433266
35	0.013428719714283943
36	0.018776698037981987
37	0.014896698296070099
38	0.017190197482705116
39	0.018941864371299744
40	0.020721370354294777
41	0.0213524978607893
42	0.027433205395936966
43	0.09123262017965317
44	0.12044759094715118
45	0.07732867449522018
46	0.0863233357667923
47	0.06582339107990265
48	0.13856108486652374
49	0.08118623495101929
50	0.22928844392299652
51	0.20081357657909393
52	0.4180726110935211
53	0.3380476236343384
54	0.34851330518722534
55	0.27785301208496094
56	0.3778838813304901
57	0.34747081995010376
58	0.1346266269683838
59	0.19412142038345337
60	0.1381136029958725
61	0.3925909698009491
62	0.2970615327358246
63	0.1641460508108139
64	0.13747857511043549
65	0.2556436359882355
66	0.18035180866718292
67	0.37681135535240173
68	0.3221995532512665
69	0.6279686093330383
70	0.7727591395378113
71	0.6505045294761658
72	0.4631011188030243
73	0.3149886131286621
74	0.456815242767334
75	0.22626237571239471
76	0.2891739010810852
77	0.1912613958120346
78	0.3033815026283264
79	0.2528340816497803
80	0.41732150316238403
81	0.2668287754058838
82	0.5327898263931274
83	0.5810092687606812
84	0.8653227090835571
85	0.8637798428535461
86	0.8381229639053345
87	0.44542989134788513
88	0.6637946963310242
89	0.45942822098731995
90	0.2826143205165863
91	0.3260551393032074
92	0.3090885877609253
93	0.44308528304100037
94	0.46027418971061707
95	0.6030865907669067
96	0.7832576632499695
97	0.6077284216880798
98	0.6870500445365906
99	0.4634077250957489
100	0.18427003920078278
101	0.24042432010173798
102	0.18646211922168732
103	0.11674094200134277
104	0.6307212710380554
105	0.620733916759491
106	0.5792875289916992
107	0.5100855827331543
108	0.07473701238632202
109	0.026184428483247757
110	0.02402142994105816
111	0.015959283336997032
112	0.020256325602531433
113	0.01247105747461319
114	0.02807067707180977
115	0.02671980857849121
116	0.029765943065285683
117	0.04382970929145813
118	0.02186550572514534
119	0.02731509320437908
120	0.02530071511864662
121	0.021953796967864037
122	0.029820788651704788
123	0.030787348747253418
124	0.08363308012485504
125	0.06751000881195068
126	0.19954125583171844
127	0.3882833421230316
128	0.49995478987693787
129	0.8165199160575867
130	0.7953062057495117
131	0.5931116938591003
132	0.8379526138305664
133	0.7081987857818604
134	0.765126645565033
135	0.8015889525413513
136	0.7693248391151428
137	0.6000997424125671
138	0.7602716684341431
139	0.6997146010398865
140	0.5490680932998657
141	0.6824750304222107
142	0.7882372736930847
143	0.7844557762145996
144	0.6524415612220764
145	0.5081806182861328
146	0.7813480496406555
147	0.6798295974731445
148	0.6138555407524109
149	0.5027570128440857
150	0.6332783102989197
151	0.45278722047805786
152	0.09796112030744553
153	0.10331433266401291
154	0.2041744440793991
155	0.3278674781322479
156	0.6538263559341431
157	0.6741167306900024
158	0.45651528239250183
159	0.6176499724388123
160	0.49198150634765625
161	0.5507248044013977
162	0.3728300631046295
163	0.528917133808136
164	0.31442680954933167
165	0.20868997275829315
166	0.3652355372905731
167	0.09412970393896103
168	0.018876580521464348
169	0.010643727146089077
170	0.015504411421716213
171	0.03057308867573738
172	0.13393674790859222
173	0.04133256524801254
174	0.14048102498054504
175	0.03008223883807659
176	0.013774952851235867
177	0.008585137315094471
178	0.011781292967498302
179	0.011584116145968437
180	0.011091112159192562
181	0.011879603378474712
182	0.012955429963767529
183	0.017975708469748497
184	0.01927371881902218
185	0.011051972396671772
186	0.012689374387264252
187	0.010384827852249146
188	0.01857195422053337
189	0.014506044797599316
190	0.018657458946108818
191	0.02989751100540161
192	0.028419574722647667
193	0.02672547474503517
194	0.010808466002345085
195	0.008256446570158005
196	0.007675583939999342
197	0.010587528347969055
198	0.0147182522341609
199	0.018992692232131958
200	0.020010370761156082
201	0.01598416268825531
202	0.01828969083726406
203	0.01340600848197937
204	0.014460593461990356
205	0.012363624759018421
206	0.014033446088433266
207	0.01806994527578354
208	0.023081058636307716
209	0.029975799843668938
210	0.06498139351606369
211	0.11605360358953476
212	0.448026180267334
213	0.21130195260047913
214	0.17024247348308563
215	0.24190275371074677
216	0.28747639060020447
217	0.14118683338165283
218	0.10058075189590454
219	0.11001457273960114
220	0.14080749452114105
221	0.11917584389448166
222	0.12030778080224991
223	0.14163494110107422
224	0.12074928730726242
225	0.14422915875911713
226	0.34224286675453186
227	0.33392834663391113
228	0.40565845370292664
229	0.17176760733127594
230	0.27963683009147644
231	0.4794630706310272
232	0.47059717774391174
233	0.41959628462791443
234	0.40915653109550476
235	0.5123107433319092
236	0.5969507098197937
237	0.6278520226478577
238	0.5718488693237305
239	0.3020423352718353
240	0.33600887656211853
241	0.27292966842651367
242	0.40282416343688965
243	0.3984493911266327
244	0.5492841601371765
245	0.25364962220191956
246	0.056317638605833054
247	0.015108811669051647
248	0.014641365967690945
249	0.014516033232212067
250	0.01645766757428646
251	0.01372081320732832
252	0.010168375447392464
253	0.014947053976356983
254	0.016784345731139183
255	0.02204112522304058
256	0.04030142351984978
257	0.0552661195397377
258	0.09268435090780258
259	0.20480485260486603
260	0.2537805736064911
261	0.34303009510040283
262	0.39403262734413147
263	0.21204476058483124
264	0.2789638936519623
265	0.14915648102760315
266	0.11012818664312363
267	0.12413690239191055
268	0.2358872890472412
269	0.18150785565376282
270	0.32770243287086487
271	0.48629680275917053
272	0.4035775363445282
273	0.5377044081687927
274	0.7724891901016235
275	0.8749853372573853
276	0.9281355738639832
277	0.8737468719482422
278	0.8200588226318359
279	0.6707233786582947
280	0.6932583451271057
281	0.8363025784492493
282	0.8398298621177673
283	0.8273481726646423
284	0.7721563577651978
285	0.8247584700584412
286	0.8020068407058716
287	0.8030753135681152
288	0.782922089099884
289	0.6228476762771606
290	0.8219591379165649
291	0.7787073254585266
292	0.739715576171875
293	0.735655665397644
294	0.4668769836425781
295	0.6908854842185974
296	0.41706639528274536
297	0.4190167486667633
298	0.3668675422668457
299	0.5914028286933899
300	0.6165549159049988
301	0.4838917851448059
302	0.32221463322639465
303	0.11687486618757248
304	0.04711199179291725
305	0.21416445076465607
306	0.3147657811641693
307	0.37851569056510925
308	0.5786178708076477
309	0.6359955668449402
310	0.6240836381912231
311	0.6962812542915344
312	0.7166208028793335
313	0.6506569385528564
314	0.6438154578208923
315	0.6852728724479675
316	0.5909047722816467
317	0.10457833111286163
318	0.02306971698999405
319	0.018751155585050583
320	0.014966442249715328
321	0.011962473392486572
322	0.011108174920082092
323	0.011084224097430706
324	0.020529285073280334
325	0.010635576210916042
326	0.010486360639333725
327	0.012373692356050014
328	0.012587273493409157
329	0.010844969190657139
330	0.009595521725714207
331	0.01023769099265337
332	0.014345076866447926
333	0.011228298768401146
334	0.008085778914391994
335	0.012256292626261711
336	0.012081271037459373
337	0.016319280490279198
338	0.014053610153496265
339	0.01554937195032835
340	0.013797071762382984
341	0.016852479428052902
342	0.016870299354195595
343	0.023728175088763237
344	0.02115204930305481
345	0.021581027656793594
346	0.025525374338030815
347	0.029618872329592705
348	0.01859445869922638
349	0.016865750774741173
350	0.023390954360365868
351	0.03480750322341919
352	0.0666210874915123
353	0.17264239490032196
354	0.2750427722930908
355	0.12903407216072083
356	0.058890070766210556
357	0.09984448552131653
358	0.028617670759558678
359	0.021387090906500816
360	0.021024709567427635
361	0.021665815263986588
362	0.02502971701323986
363	0.027154266834259033
364	0.017307816073298454
365	0.020439712330698967
366	0.017494697123765945
367	0.01947924494743347
368	0.017514465376734734
369	0.02177879773080349
370	0.026344317942857742
371	0.02395968697965145
372	0.021940141916275024
373	0.01756601594388485
374	0.018054727464914322
375	0.017594311386346817
376	0.022498922422528267
377	0.01823313906788826
378	0.025765476748347282
379	0.15118275582790375
380	0.2366526871919632
381	0.50827956199646
382	0.5082977414131165
383	0.25518566370010376
384	0.1852933168411255
385	0.2031058818101883
386	0.3284495770931244
387	0.4721844792366028
388	0.5837438106536865
389	0.788644552230835
390	0.7460367679595947
391	0.6938915252685547
392	0.7413407564163208
393	0.6268922686576843
394	0.8111069798469543
395	0.7742342352867126
396	0.8284215927124023
397	0.7384232878684998
398	0.7836718559265137
399	0.832226574420929
400	0.6712361574172974
401	0.7317264676094055
402	0.6683579087257385
403	0.6778308749198914
404	0.5163594484329224
405	0.6629573702812195
406	0.7224926352500916
407	0.698681116104126
408	0.20389561355113983
409	0.23937062919139862
410	0.20433969795703888
411	0.03119860403239727
412	0.02185881696641445
413	0.047129932790994644
414	0.02112623117864132
415	0.010844877921044827
416	0.010841676965355873
417	0.01318003423511982
418	0.017186855897307396
419	0.02390250563621521
420	0.021467668935656548
421	0.02620960772037506
422	0.04514070972800255
423	0.04347270727157593
424	0.04433227702975273
425	0.07147236168384552
426	0.05065003037452698
427	0.051125358790159225
428	0.1022799164056778
429	0.24778907001018524
430	0.43675437569618225
431	0.5364285111427307
432	0.49259668588638306
433	0.4932974874973297
434	0.49771538376808167
435	0.34154272079467773
436	0.5143899917602539
437	0.5375967621803284
438	0.5087246894836426
439	0.4326741695404053
440	0.3595295548439026
441	0.1289396435022354
442	0.08072059601545334
443	0.05887582525610924
444	0.037292368710041046
445	0.03290582448244095
446	0.03259740397334099
447	0.033141519874334335
448	0.026071134954690933
449	0.07407476752996445
450	0.052948202937841415
451	0.03600357100367546
452	0.051486145704984665
453	0.06434895843267441
454	0.04781723767518997
455	0.03604240342974663
456	0.03252739459276199
457	0.03517255187034607
458	0.03477974608540535
459	0.050547242164611816
460	0.034859418869018555
461	0.07597123831510544
462	0.061055030673742294
463	0.03536952659487724
464	0.032822828739881516
465	0.01774509809911251
466	0.020127423107624054
467	0.030283629894256592
468	0.040137775242328644
469	0.038791947066783905
470	0.07257374376058578
471	0.22096994519233704
472	0.19758644700050354
473	0.21928763389587402
474	0.07274878770112991
475	0.04711291939020157
476	0.03464198112487793
477	0.057969775050878525
478	0.043777238577604294
479	0.03473668172955513
480	0.0648101195693016
481	0.03640541061758995
482	0.02700560726225376
483	0.030073517933487892
484	0.02888476848602295
485	0.07683593034744263
486	0.04901872202754021
487	0.039369940757751465
488	0.03170492872595787
489	0.03391602262854576
490	0.05788859352469444
491	0.21377192437648773
492	0.5690703392028809
493	0.6791120767593384
494	0.5229192972183228
495	0.19545990228652954
496	0.18037207424640656
497	0.19485247135162354
498	0.22819004952907562
499	0.08236872404813766
500	0.24203768372535706
501	0.24926458299160004
502	0.12734442949295044
503	0.07302843779325485
504	0.06348901242017746
505	0.06993939727544785
506	0.05803809314966202
507	0.041413962841033936
508	0.031174687668681145
509	0.04359470680356026
510	0.031147411093115807
511	0.02646927535533905
512	0.05401701480150223
513	0.11033745110034943
514	0.11906705051660538
515	0.08090599626302719
516	0.07565873116254807
517	0.10070390999317169
518	0.04954605922102928
519	0.09707500040531158
520	0.1357569694519043
521	0.036733951419591904
522	0.031005388125777245
523	0.016518697142601013
524	0.0147834662348032
525	0.011383608914911747
526	0.012508124113082886
527	0.011891652829945087
528	0.014134093187749386
529	0.014427428133785725
530	0.010468505322933197
531	0.016757801175117493
532	0.013181124813854694
533	0.014620047993957996
534	0.009985684417188168
535	0.013274033553898335
536	0.013291154988110065
537	0.012176287360489368
538	0.015551604330539703
539	0.012469801120460033
540	0.01411659736186266
541	0.010394006967544556
542	0.012556265108287334
543	0.014128535985946655
544	0.02166818454861641
545	0.014334375970065594
546	0.013098775409162045
547	0.013370946049690247
548	0.017909971997141838
549	0.023715464398264885
550	0.04965672269463539
551	0.10525257885456085
552	0.0765439122915268
553	0.03224758431315422
554	0.0423981137573719
555	0.027490684762597084
556	0.02264084480702877
557	0.018674416467547417
558	0.04814418777823448
559	0.03491619974374771
560	0.03397450968623161
561	0.06955970078706741
562	0.07797856628894806
563	0.06634192913770676
564	0.0356430821120739
565	0.021821755915880203
566	0.025309130549430847
567	0.038158100098371506
568	0.02975631318986416
569	0.027758866548538208
570	0.017555300146341324
571	0.015549513511359692
572	0.01851717010140419
573	0.015760350972414017
574	0.013461470603942871
575	0.011964770965278149
576	0.008555972948670387
577	0.007642804179340601
578	0.007976280525326729
579	0.010337389074265957
580	0.01137998141348362
581	0.015318885445594788
582	0.011532058008015156
583	0.02389167994260788
584	0.02715017832815647
585	0.08519632369279861
586	0.028874386101961136
587	0.03362749144434929
588	0.02667752467095852
589	0.02879849448800087
590	0.03404906392097473
591	0.054504454135894775
592	0.04044182226061821
593	0.05501234531402588
594	0.07485934346914291
595	0.056175876408815384
596	0.04818883165717125
597	0.022022593766450882
598	0.019460216164588928
599	0.023096194490790367
600	0.02469588629901409
601	0.02577548660337925
602	0.03048664890229702
603	0.04097003489732742
604	0.03661883994936943
605	0.06901003420352936
606	0.04733509570360184
607	0.05040838196873665
608	0.033379897475242615
609	0.04914592579007149
610	0.05765974521636963
611	0.07179081439971924
612	0.04715542867779732
613	0.044167302548885345
614	0.04722196236252785
615	0.06715238094329834
616	0.0327642522752285
617	0.043858256191015244
618	0.03671078383922577
619	0.03379104658961296
620	0.03795045614242554
621	0.057491280138492584
622	0.026523513719439507
623	0.02571035362780094
624	0.030521279200911522
625	0.02915974333882332
626	0.036561328917741776
627	0.16460676491260529
628	0.3939443826675415
629	0.6228138208389282
630	0.7020063400268555
631	0.7578718066215515
632	0.8668888211250305
633	0.7041298151016235
634	0.6087157726287842
635	0.08888749033212662
636	0.016321612522006035
637	0.012114942073822021
638	0.011167740449309349
639	0.013669823296368122
640	0.013252237811684608
641	0.008087802678346634
642	0.010270293802022934
643	0.00804909411817789
644	0.008676990866661072
645	0.007508549839258194
646	0.005176708102226257
647	0.010085167363286018
648	0.010796026326715946
649	0.010116949677467346
650	0.007745393551886082
651	0.009229570627212524
652	0.007526789791882038
653	0.0105817886069417
654	0.009766886942088604
655	0.008107400499284267
656	0.008694032207131386
657	0.012947543524205685
658	0.01014310959726572
659	0.013346194289624691
660	0.015545173548161983
661	0.016015231609344482
662	0.014168542809784412
663	0.019380653277039528
664	0.013815048150718212
665	0.01329097431153059
666	0.01810392551124096
667	0.01654675602912903
668	0.015592810697853565
669	0.019124113023281097
670	0.019907711073756218
671	0.020499495789408684
672	0.028584197163581848
673	0.01837749592959881
674	0.0140533447265625
675	0.018972916528582573
676	0.01747012510895729
677	0.013047987595200539
678	0.012487026862800121
679	0.009813797660171986
680	0.011404069140553474
681	0.0173490047454834
682	0.01060912013053894
683	0.011385004967451096
684	0.01407680194824934
685	0.01535149198025465
686	0.016620194539427757
687	0.014883321709930897
688	0.020251765847206116
689	0.015078541822731495
690	0.011173351667821407
691	0.014009164646267891
692	0.016219068318605423
693	0.014567564241588116
694	0.014715716242790222
695	0.010681784711778164
696	0.013939857482910156
697	0.01045424398034811
698	0.011847897432744503
699	0.013407244347035885
700	0.010890726931393147
701	0.007749029900878668
702	0.006890644319355488
703	0.008568097837269306
704	0.006908997893333435
705	0.010733470320701599
706	0.009529845789074898
707	0.007905426435172558
708	0.007669080980122089
709	0.005562296602874994
710	0.007430041674524546
711	0.007756282575428486
712	0.006805285811424255
713	0.005855203606188297
714	0.004446179606020451
715	0.004560851491987705
716	0.004588115960359573
717	0.00606162054464221
718	0.004663593601435423
719	0.004513355437666178
720	0.005812584888190031
721	0.006958486046642065
722	0.0054705492220819
723	0.004515321459621191
724	0.004917813464999199
725	0.0059342216700315475
726	0.005868095904588699
727	0.005714519415050745
728	0.006670029368251562
729	0.0054612052626907825
730	0.006717620883136988
731	0.006348471622914076
732	0.00688881566748023
733	0.00681278808042407
734	0.007140561938285828
735	0.006678086705505848
736	0.005523014348000288
737	0.008153790608048439
738	0.007105247583240271
739	0.007106106262654066
740	0.008815850131213665
741	0.012521716766059399
742	0.0115892319008708
743	0.06164882332086563
744	0.1114974245429039
745	0.058035850524902344
746	0.044760461896657944
747	0.06945513933897018
748	0.10682129859924316
749	0.2604010999202728
750	0.31205201148986816
751	0.5199630856513977
752	0.4038284420967102
753	0.4619613289833069
754	0.37021544575691223
755	0.40168485045433044
756	0.3968777358531952
757	0.34328728914260864
758	0.38997122645378113
759	0.3042616546154022
760	0.5235217809677124
761	0.4339160621166229
762	0.43665799498558044
763	0.46227341890335083
764	0.26160159707069397
765	0.44711992144584656
766	0.5702428221702576
767	0.3786020874977112
768	0.4204394519329071
769	0.6400837898254395
770	0.6175339221954346
771	0.20382456481456757
772	0.18437837064266205
773	0.23280826210975647
774	0.22894959151744843
775	0.041960734874010086
776	0.15016822516918182
777	0.1750478595495224
778	0.24080049991607666
779	0.22268329560756683
780	0.31445202231407166
781	0.32581520080566406
782	0.4911458492279053
783	0.2803736925125122
784	0.43326878547668457
785	0.44993075728416443
786	0.4819587171077728
787	0.4412386119365692
788	0.3916085660457611
789	0.31632527709007263
790	0.4059310853481293
791	0.4121311604976654
792	0.5210649371147156
793	0.7052975296974182
794	0.4545533359050751
795	0.6076881289482117
796	0.583902895450592
797	0.7750937342643738
798	0.6927334666252136
799	0.2919600009918213
800	0.5859959125518799
801	0.5504016876220703
802	0.4486354887485504
803	0.4595961570739746
804	0.44832441210746765
805	0.30582675337791443
806	0.5150551199913025
807	0.5401614308357239
808	0.6341888308525085
809	0.669910728931427
810	0.5231549143791199
811	0.39531373977661133
812	0.37329596281051636
813	0.3656327426433563
814	0.2214718610048294
815	0.36476466059684753
816	0.07185878604650497
817	0.008417420089244843
818	0.010700922459363937
819	0.010662457905709743
820	0.02476859651505947
821	0.15841718018054962
822	0.14704005420207977
823	0.32338523864746094
824	0.07106886059045792
825	0.01168286893516779
826	0.013241223990917206
827	0.013031356036663055
828	0.012410782277584076
829	0.01390014123171568
830	0.01291984785348177
831	0.017296254634857178
832	0.022309454157948494
833	0.08398608863353729
834	0.9332155585289001
835	0.9519222378730774
836	0.7612171769142151
837	0.8810548186302185
838	0.6636344194412231
839	0.09142620861530304
840	0.04704910144209862
841	0.1475309431552887
842	0.06462385505437851
843	0.25067782402038574
844	0.5169003009796143
845	0.6427834630012512
846	0.7365309596061707
847	0.539939820766449
848	0.5856140851974487
849	0.22250480949878693
850	0.6288737654685974
851	0.628116250038147
852	0.44317179918289185
853	0.3048238456249237
854	0.0282732006162405
855	0.03302273154258728
856	0.03193782642483711
857	0.0339326485991478
858	0.034959353506565094
859	0.05918227508664131
860	0.034972768276929855
861	0.034271251410245895
862	0.04131026938557625
863	0.10239224880933762
864	0.0650540217757225
865	0.07081182301044464
866	0.025636008009314537
867	0.028199452906847
868	0.029612258076667786
869	0.052312325686216354
870	0.024438703432679176
871	0.0333629809319973
872	0.02952052466571331
873	0.03489439934492111
874	0.034164827316999435
875	0.03503326699137688
876	0.025266427546739578
877	0.03219948709011078
878	0.027818161994218826
879	0.025540832430124283
880	0.031298935413360596
881	0.027690041810274124
882	0.022991454228758812
883	0.03224894404411316
884	0.02410249412059784
885	0.04322172328829765
886	0.03344308212399483
887	0.04493573307991028
888	0.06585278362035751
889	0.17668119072914124
890	0.11463792622089386
891	0.15089908242225647
892	0.13603366911411285
893	0.18436211347579956
894	0.14718089997768402
895	0.33995521068573
896	0.11741864681243896
897	0.17331857979297638
898	0.1014096736907959
899	0.22271035611629486
900	0.23236273229122162
901	0.42393025755882263
902	0.30988261103630066
903	0.26179590821266174
904	0.11492543667554855
905	0.1672976016998291
906	0.21529197692871094
907	0.15909329056739807
908	0.11267266422510147
909	0.13729116320610046
910	0.2512566149234772
911	0.22592344880104065
912	0.04930994659662247
913	0.028516147285699844
914	0.050675440579652786
915	0.03368457779288292
916	0.06933710724115372
917	0.07654381543397903
918	0.027190446853637695
919	0.03031829558312893
920	0.026110688224434853
921	0.018262086436152458
922	0.01319686509668827
923	0.010552434250712395
924	0.012864813208580017
925	0.013498625718057156
926	0.014673784375190735
927	0.015027107670903206
928	0.011206530034542084
929	0.017919210717082024
930	0.019256195053458214
931	0.020540863275527954
932	0.023207176476716995
933	0.02030862867832184
934	0.01785718835890293
935	0.014416647143661976
936	0.016970600932836533
937	0.018532995134592056
938	0.022770892828702927
939	0.024283895269036293
940	0.02400178648531437
941	0.04208282008767128
942	0.08639691025018692
943	0.11216828972101212
944	0.15785525739192963
945	0.1581650823354721
946	0.05506877228617668
947	0.033894650638103485
948	0.05029630661010742
949	0.36536335945129395
950	0.04755515977740288
951	0.06808280944824219
952	0.030484145507216454
953	0.04185187444090843
954	0.022258764132857323
955	0.03002861700952053
956	0.02492525428533554
957	0.02418723702430725
958	0.02553565613925457
959	0.01885857805609703
960	0.023354899138212204
961	0.017476512119174004
962	0.016366420313715935
963	0.03010628931224346
964	0.08773461729288101
965	0.26937606930732727
966	0.054015256464481354
967	0.02304627187550068
968	0.018794169649481773
969	0.01863519474864006
970	0.022342098876833916
971	0.03098495863378048
972	0.018732428550720215
973	0.01904299296438694
974	0.016380175948143005
975	0.019872218370437622
976	0.011623133905231953
977	0.016785910353064537
978	0.017486542463302612
979	0.01151453610509634
980	0.022302530705928802
981	0.015962747856974602
982	0.009558270685374737
983	0.016306953504681587
984	0.01770157180726528
985	0.01702047698199749
986	0.01624481938779354
987	0.014068366959691048
988	0.024510493502020836
989	0.03616626188158989
990	0.03704165667295456
991	0.12138461321592331
992	0.09144574403762817
993	0.08104769885540009
994	0.03386930748820305
995	0.018832430243492126
996	0.017180485650897026
997	0.01937784068286419
998	0.016622483730316162
999	0.020621538162231445
1000	0.017558688297867775
1001	0.01706225983798504
1002	0.014933538623154163
1003	0.02019667997956276
1004	0.016230111941695213
1005	0.021484164521098137
1006	0.0206705704331398
1007	0.01223150733858347
1008	0.01501514296978712
1009	0.01231345720589161
1010	0.013280116021633148
1011	0.013685730285942554
1012	0.015810154378414154
1013	0.015305480919778347
1014	0.013362961821258068
1015	0.017672983929514885
1016	0.016398174688220024
1017	0.014822207391262054
1018	0.014204581268131733
1019	0.020086079835891724
1020	0.02290528081357479
1021	0.025415701791644096
1022	0.022858010604977608
1023	0.02028346061706543
1024	0.016899442300200462
1025	0.019308069720864296
1026	0.01863642781972885
1027	0.023836884647607803
1028	0.026164144277572632
1029	0.03462288901209831
1030	0.022026533260941505
1031	0.02129824087023735
1032	0.02329540252685547
1033	0.07690921425819397
1034	0.061801474541425705
1035	0.03871619328856468
1036	0.017790785059332848
1037	0.01957315020263195
1038	0.016549406573176384
1039	0.01625533401966095
1040	0.018126478418707848
1041	0.020503565669059753
1042	0.026186222210526466
1043	0.022016851231455803
1044	0.04985373094677925
1045	0.05997994542121887
1046	0.1615350991487503
1047	0.12279657274484634
1048	0.07688777893781662
1049	0.045954495668411255
1050	0.030647465959191322
1051	0.024169165641069412
1052	0.01966608501970768
1053	0.022686971351504326
1054	0.017033925279974937
1055	0.020901476964354515
1056	0.022275317460298538
1057	0.019175726920366287
1058	0.021426402032375336
1059	0.014749742113053799
1060	0.017423992976546288
1061	0.023886844515800476
1062	0.016328051686286926
1063	0.014864367432892323
1064	0.016326598823070526
1065	0.016109930351376534
1066	0.015054376795887947
1067	0.014773246832191944
1068	0.013904946856200695
1069	0.01673988066613674
1070	0.01915266551077366
1071	0.018238862976431847
1072	0.017057357355952263
1073	0.0186816044151783
1074	0.015187399461865425
1075	0.016599999740719795
1076	0.018434107303619385
1077	0.03077654354274273
1078	0.029599566012620926
1079	0.04067865014076233
1080	0.045553408563137054
1081	0.04206101968884468
1082	0.02847914956510067
1083	0.023017600178718567
1084	0.0199687872081995
1085	0.018383434042334557
1086	0.012591308914124966
1087	0.012464746832847595
1088	0.01199294626712799
1089	0.01784651353955269
1090	0.015078216791152954
1091	0.017132947221398354
1092	0.024686619639396667
1093	0.03027755580842495
1094	0.025374431163072586
1095	0.026810575276613235
1096	0.02431478723883629
1097	0.022676486521959305
1098	0.02039184607565403
1099	0.016602903604507446
1100	0.019074276089668274
1101	0.015136820264160633
1102	0.016517776995897293
1103	0.017496740445494652
1104	0.020883159711956978
1105	0.014620459638535976
1106	0.018512263894081116
1107	0.01976316049695015
1108	0.02133042924106121
1109	0.03314908221364021
1110	0.05420085787773132
1111	0.10203559696674347
1112	0.11501634120941162
1113	0.06664513796567917
1114	0.11737845093011856
1115	0.26977968215942383
1116	0.22148600220680237
1117	0.0886959359049797
1118	0.19973205029964447
1119	0.0835641548037529
1120	0.06006264686584473
1121	0.05384103208780289
1122	0.023066485300660133
1123	0.010707910172641277
1124	0.01203139778226614
1125	0.015305551700294018
1126	0.013839623890817165
1127	0.019384054467082024
1128	0.0187922902405262
1129	0.021252578124403954
1130	0.028458381071686745
1131	0.026387223973870277
1132	0.035176169127225876
1133	0.025862574577331543
1134	0.03583895042538643
1135	0.02823040261864662
1136	0.024756478145718575
1137	0.02456924133002758
1138	0.024127457290887833
1139	0.02104165591299534
1140	0.02158784680068493
1141	0.014894695952534676
1142	0.01014676596969366
1143	0.009271935559809208
1144	0.0096869096159935
1145	0.007055194582790136
1146	0.005857458803802729
1147	0.007565780077129602
1148	0.01147815864533186
1149	0.006363158579915762
1150	0.007188583258539438
1151	0.012400536797940731
1152	0.02695906162261963
1153	0.013003704138100147
1154	0.015232118777930737
1155	0.012501269578933716
1156	0.013587954454123974
1157	0.007767589297145605
1158	0.009088762104511261
1159	0.004772643558681011
1160	0.0064172507263720036
1161	0.005942978896200657
1162	0.0061753676272928715
1163	0.009790069423615932
1164	0.013939774595201015
1165	0.01018536277115345
1166	0.016414618119597435
1167	0.016451243311166763
1168	0.008557623252272606
1169	0.010354381985962391
1170	0.010216864757239819
1171	0.006864710245281458
1172	0.009091026149690151
1173	0.00946425087749958
1174	0.010880760848522186
1175	0.005844784434884787
1176	0.01054874062538147
1177	0.012437624856829643
1178	0.008364783599972725
1179	0.0069760591723024845
1180	0.007108598481863737
1181	0.006451388355344534
1182	0.005911545362323523
1183	0.0072081792168319225
1184	0.006919121835380793
1185	0.009366625919938087
1186	0.009417510591447353
1187	0.00942117627710104
1188	0.01078901719301939
1189	0.009709296748042107
1190	0.009764949791133404
1191	0.005237320903688669
1192	0.004152390640228987
1193	0.007636036723852158
1194	0.010369188152253628
1195	0.012498642317950726
1196	0.010710105299949646
1197	0.012122547253966331
1198	0.010326909832656384
1199	0.011459552682936192
1200	0.013670152984559536
1201	0.01235378161072731
1202	0.011279760859906673
1203	0.010649011470377445
1204	0.010645563714206219
1205	0.008554239757359028
1206	0.007335790432989597
1207	0.01172823179513216
1208	0.011121449060738087
1209	0.008058955892920494
1210	0.008379422128200531
1211	0.011643354780972004
1212	0.015910660848021507
1213	0.01160958968102932
1214	0.01326780766248703
1215	0.014088744297623634
1216	0.014772427268326283
1217	0.010211201384663582
1218	0.008412596769630909
1219	0.01597433350980282
1220	0.015947766602039337
1221	0.007272668182849884
1222	0.0071459426544606686
1223	0.008397203870117664
1224	0.009942363016307354
1225	0.010359719395637512
1226	0.009768471121788025
1227	0.01370511669665575
1228	0.009259277954697609
1229	0.0076441154815256596
1230	0.009016723372042179
1231	0.011508259922266006
1232	0.009840978309512138
1233	0.01254822313785553
1234	0.010407507419586182
1235	0.010310742072761059
1236	0.01163544412702322
1237	0.008025466464459896
1238	0.009920510463416576
1239	0.009539619088172913
1240	0.009919424541294575
1241	0.010104971937835217
1242	0.009513582102954388
1243	0.011685642413794994
1244	0.011073647998273373
1245	0.010579617694020271
1246	0.010489311069250107
1247	0.011164012365043163
1248	0.011011502705514431
1249	0.008414282463490963
1250	0.009393308311700821
1251	0.014175710268318653
1252	0.010716303251683712
1253	0.009240434505045414
1254	0.009048433974385262
1255	0.008100094273686409
1256	0.005296552088111639
1257	0.0048761828802526
1258	0.017829978838562965
1259	0.014129511080682278
1260	0.013925239443778992
1261	0.010154739022254944
1262	0.013766656629741192
1263	0.010999358259141445
1264	0.014040377922356129
1265	0.011885786429047585
1266	0.014890837483108044
1267	0.0075342655181884766
1268	0.009166838601231575
1269	0.012141304090619087
1270	0.010533370077610016
1271	0.010071421973407269
1272	0.00794196780771017
1273	0.007994752377271652
1274	0.011676511727273464
1275	0.011513632722198963
1276	0.010575052350759506
1277	0.014642721973359585
1278	0.012605132535099983
1279	0.013403869234025478
1280	0.011927589774131775
1281	0.009583174251019955
1282	0.010490030981600285
1283	0.008299176581203938
1284	0.008061125874519348
1285	0.010316709987819195
1286	0.012695602141320705
1287	0.011611207388341427
1288	0.014784376136958599
1289	0.014618240296840668
1290	0.01239212229847908
1291	0.013183632865548134
1292	0.010600394569337368
1293	0.012380446307361126
1294	0.011578048579394817
1295	0.010789783671498299
1296	0.011709194630384445
1297	0.010668634437024593
1298	0.010656172409653664
1299	0.013528525829315186
1300	0.012801659293472767
1301	0.014783727005124092
1302	0.011273129843175411
1303	0.009502035565674305
1304	0.01310770120471716
1305	0.009397534653544426
1306	0.011799479834735394
1307	0.016974391415715218
1308	0.01240908820182085
1309	0.012341385707259178
1310	0.012745054438710213
1311	0.00949056725949049
1312	0.012788722291588783
1313	0.008677931502461433
1314	0.010346987284719944
1315	0.010274715721607208
1316	0.010486172512173653
1317	0.007970611564815044
1318	0.009133956395089626
1319	0.013381600379943848
1320	0.012734517455101013
1321	0.014510581269860268
1322	0.014014205895364285
1323	0.015452206134796143
1324	0.010319347493350506
1325	0.007992356084287167
1326	0.010467355139553547
1327	0.01764998398721218
1328	0.011677920818328857
1329	0.012600948102772236
1330	0.007372486870735884
1331	0.00855344533920288
1332	0.014872136525809765
1333	0.012359014712274075
1334	0.011473570950329304
1335	0.012819147668778896
1336	0.011985932476818562
1337	0.01215290930122137
1338	0.013058659620583057
1339	0.01244959607720375
1340	0.014334636740386486
1341	0.018460074439644814
1342	0.013679834082722664
1343	0.012496955692768097
1344	0.013526329770684242
1345	0.013606280088424683
1346	0.015221741981804371
1347	0.012169205583631992
1348	0.01118313055485487
1349	0.011285721324384212
1350	0.010310468263924122
1351	0.011984072625637054
1352	0.010584278963506222
1353	0.0110969552770257
1354	0.012374046258628368
1355	0.010248069651424885
1356	0.01141913142055273
1357	0.009833062998950481
1358	0.011056961491703987
1359	0.012536147609353065
1360	0.010099812410771847
1361	0.011491830460727215
1362	0.00959043763577938
1363	0.010865912772715092
1364	0.010988151654601097
1365	0.013178306631743908
1366	0.017158905044198036
1367	0.012036907486617565
1368	0.015968870371580124
1369	0.018934113904833794
1370	0.015327150002121925
1371	0.02297273464500904
1372	0.015707295387983322
1373	0.01534260530024767
1374	0.01634632609784603
1375	0.01214129850268364
1376	0.011007298715412617
1377	0.011304614134132862
1378	0.010474777780473232
1379	0.02268928661942482
1380	0.01642252691090107
1381	0.026117710396647453
1382	0.021606143563985825
1383	0.016610367223620415
1384	0.012530344538390636
1385	0.015010065399110317
1386	0.009756534360349178
1387	0.010997784323990345
1388	0.014359071850776672
1389	0.020203744992613792
1390	0.012273634783923626
1391	0.014417325146496296
1392	0.010753780603408813
1393	0.012016324326395988
1394	0.01434750109910965
1395	0.01056278683245182
1396	0.01300213485956192
1397	0.011138230562210083
1398	0.019638951867818832
1399	0.019184982404112816
1400	0.016071969643235207
1401	0.018845750018954277
1402	0.013514796271920204
1403	0.016268471255898476
1404	0.017489759251475334
1405	0.016279321163892746
1406	0.016810348257422447
1407	0.01491287536919117
1408	0.014261039905250072
1409	0.012013203464448452
1410	0.013743159361183643
1411	0.013863486237823963
1412	0.018060987815260887
1413	0.01754971221089363
1414	0.01910911686718464
1415	0.01788557693362236
1416	0.013569340109825134
1417	0.021893803030252457
1418	0.012844678945839405
1419	0.01252962090075016
1420	0.010046574287116528
1421	0.011554387398064137
1422	0.012886226177215576
1423	0.016037611290812492
1424	0.01382641401141882
1425	0.020347140729427338
1426	0.02311198227107525
1427	0.02871471643447876
1428	0.009364559315145016
1429	0.007610884495079517
1430	0.01169129554182291
1431	0.013881735503673553
1432	0.01310580875724554
1433	0.01469643134623766
1434	0.016772368922829628
1435	0.015129839070141315
1436	0.013684640638530254
1437	0.010742200538516045
1438	0.010484836995601654
1439	0.00907705258578062
1440	0.012305489741265774
1441	0.010577673092484474
1442	0.007872162386775017
1443	0.006884678732603788
1444	0.007530813571065664
1445	0.006459102965891361
1446	0.007573120296001434
1447	0.008357482962310314
1448	0.009880793280899525
1449	0.005731544923037291
1450	0.006161089520901442
1451	0.007860222831368446
1452	0.008296165615320206
1453	0.004939529579132795
1454	0.006156438495963812
1455	0.006616906728595495
1456	0.00813902448862791
1457	0.004985603969544172
1458	0.0070161460898816586
1459	0.005067375488579273
1460	0.006641007494181395
1461	0.005752453114837408
1462	0.007497099693864584
1463	0.006236008834093809
1464	0.005359142553061247
1465	0.006692813243716955
1466	0.005406616721302271
1467	0.006209943443536758
1468	0.005480435211211443
1469	0.0054969461634755135
1470	0.007306896150112152
1471	0.00611837487667799
1472	0.006599267013370991
1473	0.006338352803140879
1474	0.006213882472366095
1475	0.005515691824257374
1476	0.004684163257479668
1477	0.004946065600961447
1478	0.005548341665416956
1479	0.006322864443063736
1480	0.006505171302706003
1481	0.00682361563667655
1482	0.005515315569937229
1483	0.004750852007418871
1484	0.004328818526118994
1485	0.003349683014675975
1486	0.00456503638997674
1487	0.00517244404181838
1488	0.0029038710054010153
1489	0.0028121357318013906
1490	0.004805285483598709
1491	0.004216458648443222
1492	0.004393048584461212
1493	0.005418937653303146
1494	0.004172443877905607
1495	0.005702722351998091
1496	0.00748159596696496
1497	0.005382664501667023
1498	0.0050015500746667385
1499	0.0054625882767140865
1500	0.005510115530341864
1501	0.005022609140723944
1502	0.005808201618492603
1503	0.004893664736300707
1504	0.004612384829670191
1505	0.0050698621198534966
1506	0.00915923248976469
1507	0.005588161759078503
1508	0.007011932320892811
1509	0.008685841225087643
1510	0.0070200893096625805
1511	0.006450135260820389
1512	0.006130510475486517
1513	0.005109680350869894
1514	0.008418083190917969
1515	0.021583037450909615
1516	0.011094557121396065
1517	0.03142101690173149
1518	0.040868666023015976
1519	0.08239239454269409
1520	0.021325331181287766
1521	0.044040124863386154
1522	0.052858900278806686
1523	0.07035671174526215
1524	0.02120145969092846
1525	0.029843444004654884
1526	0.07220657169818878
1527	0.057663220912218094
1528	0.04353591799736023
1529	0.03125092387199402
1530	0.039558589458465576
1531	0.026373719796538353
1532	0.03929244354367256
1533	0.06793047487735748
1534	0.04503441974520683
1535	0.04479619860649109
1536	0.058308232575654984
1537	0.19981245696544647
1538	0.19384804368019104
1539	0.2296028882265091
1540	0.13792453706264496
1541	0.4805525243282318
1542	0.15774989128112793
1543	0.23222079873085022
1544	0.1879720389842987
1545	0.24914541840553284
1546	0.1848084181547165
1547	0.1172524243593216
1548	0.4477982521057129
1549	0.34640151262283325
1550	0.3748936653137207
1551	0.4088191092014313
1552	0.2248190939426422
1553	0.37565112113952637
1554	0.34895479679107666
1555	0.34822723269462585
1556	0.17079639434814453
1557	0.1846175640821457
1558	0.2670814096927643
1559	0.5250644087791443
1560	0.3591645359992981
1561	0.5110040903091431
1562	0.29559221863746643
1563	0.5236133933067322
1564	0.2787867486476898
1565	0.3849671483039856
1566	0.19412001967430115
1567	0.044284045696258545
1568	0.05014921352267265
1569	0.04668165370821953
1570	0.13909554481506348
1571	0.23367981612682343
1572	0.17005129158496857
1573	0.21605022251605988
1574	0.04138278588652611
1575	0.07619903981685638
1576	0.09103693813085556
1577	0.1261702924966812
1578	0.09065834432840347
1579	0.05932509899139404
1580	0.046515703201293945
1581	0.0418001227080822
1582	0.053076114505529404
1583	0.04039657115936279
1584	0.04640959948301315
1585	0.031225157901644707
1586	0.05402827262878418
1587	0.037959180772304535
1588	0.04578752443194389
1589	0.053065646439790726
1590	0.0403778962790966
1591	0.04898503050208092
1592	0.02962801419198513
1593	0.03814356401562691
1594	0.04333092272281647
1595	0.06096306070685387
1596	0.07595404982566833
1597	0.07343778759241104
1598	0.03881072625517845
1599	0.03687656670808792
1600	0.03136285021901131
1601	0.06947437673807144
1602	0.03210235759615898
1603	0.04476181045174599
1604	0.031232541427016258
1605	0.026842523366212845
1606	0.02870287001132965
1607	0.03456023335456848
1608	0.03134434297680855
1609	0.026951560750603676
1610	0.024004532024264336
1611	0.022692542523145676
1612	0.02076740376651287
1613	0.014685630798339844
1614	0.013984165154397488
1615	0.011276370845735073
1616	0.012016735039651394
1617	0.01076234970241785
1618	0.015198959968984127
1619	0.01340478379279375
1620	0.022255200892686844
1621	0.025247210636734962
1622	0.054929424077272415
1623	0.04666973277926445
1624	0.06111569330096245
1625	0.09817473590373993
1626	0.2802404761314392
1627	0.2306651622056961
1628	0.18835873901844025
1629	0.2681289315223694
1630	0.12115247547626495
1631	0.19983525574207306
1632	0.08131791651248932
1633	0.06893860548734665
1634	0.06390700489282608
1635	0.046591877937316895
1636	0.02162625640630722
1637	0.01636064425110817
1638	0.016878753900527954
1639	0.013738867826759815
1640	0.01122953835874796
1641	0.01116209477186203
1642	0.012411747127771378
1643	0.01385814230889082
1644	0.018529197201132774
1645	0.024624470621347427
1646	0.027777744457125664
1647	0.024267300963401794
1648	0.018230844289064407
1649	0.031112996861338615
1650	0.034707922488451004
1651	0.02871025912463665
1652	0.019324740394949913
1653	0.023350946605205536
1654	0.014878555200994015
1655	0.01849415898323059
1656	0.02653639391064644
1657	0.03339393436908722
1658	0.021411439403891563
1659	0.020937571302056313
1660	0.01565425470471382
1661	0.019001305103302002
1662	0.01400342583656311
1663	0.015645161271095276
1664	0.015598634257912636
1665	0.019944926723837852
1666	0.017982322722673416
1667	0.024075767025351524
1668	0.02223021350800991
1669	0.021275168284773827
1670	0.027609730139374733
1671	0.023836567997932434
1672	0.029295289888978004
1673	0.04310538247227669
1674	0.04401606321334839
1675	0.03705761581659317
1676	0.035010769963264465
1677	0.04247099906206131
1678	0.0444507896900177
1679	0.0627877414226532
1680	0.10448368638753891
1681	0.11597424000501633
1682	0.2899223268032074
1683	0.2583094835281372
1684	0.46511468291282654
1685	0.20389269292354584
1686	0.13399647176265717
1687	0.24303817749023438
1688	0.18492111563682556
1689	0.40656766295433044
1690	0.6019554138183594
1691	0.4539577066898346
1692	0.520396888256073
1693	0.5145581364631653
1694	0.45489856600761414
1695	0.6491358280181885
1696	0.30055782198905945
1697	0.08928078413009644
1698	0.0352846160531044
1699	0.02329956367611885
1700	0.020847802981734276
1701	0.03777073696255684
1702	0.05158010870218277
1703	0.049533940851688385
1704	0.03172222524881363
1705	0.04201522096991539
1706	0.05902717635035515
1707	0.07596413046121597
1708	0.03676455840468407
1709	0.04514797404408455
1710	0.03239547833800316
1711	0.017576759681105614
1712	0.012408584356307983
1713	0.008908271789550781
1714	0.010043187066912651
1715	0.011658831499516964
1716	0.01269452553242445
1717	0.01108357310295105
1718	0.009296422824263573
1719	0.014437930658459663
1720	0.012430454604327679
1721	0.016986502334475517
1722	0.013554448261857033
1723	0.01852998696267605
1724	0.01907244324684143
1725	0.01865985244512558
1726	0.016303284093737602
1727	0.01886839047074318
1728	0.023056289181113243
1729	0.027502436190843582
1730	0.03017680160701275
1731	0.035101864486932755
1732	0.016986697912216187
1733	0.016577372327446938
1734	0.015083677135407925
1735	0.013395817950367928
1736	0.009563691914081573
1737	0.011281150393188
1738	0.011403637938201427
1739	0.012608254328370094
1740	0.009420235641300678
1741	0.012225789949297905
1742	0.007411909755319357
1743	0.010153815150260925
1744	0.009201956912875175
1745	0.010774724185466766
1746	0.010853110812604427
1747	0.01827944628894329
1748	0.019276907667517662
1749	0.016477547585964203
1750	0.019515730440616608
1751	0.016119452193379402
1752	0.023831641301512718
1753	0.026883089914917946
1754	0.039633434265851974
1755	0.019466931000351906
1756	0.028092199936509132
1757	0.019860200583934784
1758	0.013798967003822327
1759	0.012627027928829193
1760	0.018022283911705017
1761	0.012147056870162487
1762	0.012432854622602463
1763	0.01708470657467842
1764	0.013247777707874775
1765	0.01074680220335722
1766	0.018558060750365257
1767	0.015055893920361996
1768	0.02032974362373352
1769	0.018358610570430756
1770	0.02893473207950592
1771	0.03954733535647392
1772	0.04138534888625145
1773	0.09056191146373749
1774	0.07708581537008286
1775	0.10059400647878647
1776	0.11844275146722794
1777	0.15560372173786163
1778	0.08063488453626633
1779	0.07859399169683456
1780	0.16133886575698853
1781	0.11013708263635635
1782	0.1486373394727707
1783	0.12281451374292374
1784	0.19695062935352325
1785	0.12236388027667999
1786	0.14338482916355133
1787	0.21345651149749756
1788	0.21356837451457977
1789	0.17253553867340088
1790	0.10230731219053268
1791	0.18108582496643066
1792	0.24882398545742035
1793	0.09778618067502975
1794	0.15095949172973633
1795	0.05993708595633507
1796	0.02745783142745495
1797	0.01502466481178999
1798	0.012246730737388134
1799	0.01492560189217329
1800	0.010892810299992561
1801	0.012951979413628578
1802	0.012179950252175331
1803	0.01208420842885971
1804	0.013293049298226833
1805	0.011296766810119152
1806	0.0181770920753479
1807	0.011844346299767494
1808	0.015075325965881348
1809	0.024113386869430542
1810	0.023684421554207802
1811	0.020485548302531242
1812	0.021387476474046707
1813	0.04635968431830406
1814	0.15154023468494415
1815	0.14425037801265717
1816	0.09788957983255386
1817	0.10350221395492554
1818	0.06816897541284561
1819	0.05073025822639465
1820	0.06470395624637604
1821	0.05319956690073013
1822	0.056627508252859116
1823	0.06237591430544853
1824	0.050677478313446045
1825	0.06848343461751938
1826	0.2890509068965912
1827	0.24463091790676117
1828	0.1723906248807907
1829	0.17199110984802246
1830	0.16481943428516388
1831	0.31011155247688293
1832	0.21933069825172424
1833	0.4625946581363678
1834	0.4745055139064789
1835	0.28422999382019043
1836	0.10358934849500656
1837	0.08436166495084763
1838	0.03920280560851097
1839	0.02596830204129219
1840	0.025986680760979652
1841	0.01780376397073269
1842	0.011759334243834019
1843	0.013069519773125648
1844	0.015037725679576397
1845	0.012901173904538155
1846	0.00874258391559124
1847	0.011492487974464893
1848	0.012192490510642529
1849	0.009612235240638256
1850	0.014640362933278084
1851	0.015523016452789307
1852	0.014370070770382881
1853	0.010438135825097561
1854	0.012081569992005825
1855	0.018759651109576225
1856	0.01880669593811035
1857	0.017810262739658356
1858	0.01961939036846161
1859	0.023840297013521194
1860	0.021499229595065117
1861	0.02687401883304119
1862	0.027028167620301247
1863	0.030055923387408257
1864	0.018713925033807755
1865	0.027693724259734154
1866	0.029537318274378777
1867	0.031811248511075974
1868	0.028186006471514702
1869	0.06518198549747467
1870	0.09364119917154312
1871	0.06261277198791504
1872	0.17226453125476837
1873	0.09317925572395325
1874	0.11929085105657578
1875	0.08522489666938782
1876	0.07704261690378189
1877	0.0630899965763092
1878	0.027829796075820923
1879	0.038716912269592285
1880	0.025159109383821487
1881	0.02255387417972088
1882	0.022469261661171913
1883	0.02765553630888462
1884	0.028813043609261513
1885	0.026185542345046997
1886	0.023617662489414215
1887	0.02943981997668743
1888	0.025431204587221146
1889	0.022507915273308754
1890	0.025712385773658752
1891	0.015819773077964783
1892	0.015515645034611225
1893	0.020186856389045715
1894	0.017211003229022026
1895	0.013446658849716187
1896	0.010832401923835278
1897	0.015730291604995728
1898	0.009185107424855232
1899	0.012790284119546413
1900	0.014854679815471172
1901	0.012877239845693111
1902	0.006005748640745878
1903	0.010443875566124916
1904	0.015111476182937622
1905	0.012843611650168896
1906	0.008651265874505043
1907	0.006678880658000708
1908	0.007940827868878841
1909	0.006370828486979008
1910	0.007527583744376898
1911	0.01851378194987774
1912	0.010055729188024998
1913	0.00954339001327753
1914	0.009512658230960369
1915	0.00965855922549963
1916	0.006152621004730463
1917	0.005441632121801376
1918	0.006880284287035465
1919	0.005225801840424538
1920	0.005742460023611784
1921	0.0060249390080571175
1922	0.00934495311230421
1923	0.008806194178760052
1924	0.009388335049152374
1925	0.012697386555373669
1926	0.021234838292002678
1927	0.04635845497250557
1928	0.023076912388205528
1929	0.15674439072608948
1930	0.052897531539201736
1931	0.08911862224340439
1932	0.021872451528906822
1933	0.024866953492164612
1934	0.05732569843530655
1935	0.1126733347773552
1936	0.05447041988372803
1937	0.08979598432779312
1938	0.04262806102633476
1939	0.028118668124079704
1940	0.018186956644058228
1941	0.011506984941661358
1942	0.012393666431307793
1943	0.011767490766942501
1944	0.020254550501704216
1945	0.031948022544384
1946	0.01972774602472782
1947	0.021299852058291435
1948	0.020904742181301117
1949	0.03244159370660782
1950	0.04311610385775566
1951	0.06409218162298203
1952	0.07430662959814072
1953	0.08443109691143036
1954	0.08206170052289963
1955	0.15911556780338287
1956	0.1307889074087143
1957	0.1397407054901123
1958	0.091704823076725
1959	0.13891474902629852
1960	0.15155048668384552
1961	0.10141735523939133
1962	0.2020227015018463
1963	0.24719110131263733
1964	0.1610044538974762
1965	0.13359741866588593
1966	0.06908383220434189
1967	0.02394697070121765
1968	0.023759933188557625
1969	0.022311527281999588
1970	0.021735357120633125
1971	0.027968427166342735
1972	0.031473156064748764
1973	0.05830596014857292
1974	0.09768205136060715
1975	0.1530083864927292
1976	0.19580698013305664
1977	0.21309132874011993
1978	0.12528502941131592
1979	0.039868056774139404
1980	0.03864726051688194
1981	0.02804706059396267
1982	0.03465237841010094
1983	0.059916771948337555
1984	0.032664284110069275
1985	0.08435165882110596
1986	0.27588269114494324
1987	0.19167888164520264
1988	0.5695187449455261
1989	0.5943002104759216
1990	0.34082117676734924
1991	0.6755619645118713
1992	0.5010703206062317
1993	0.5762774348258972
1994	0.8255376815795898
1995	0.7777109146118164
1996	0.7487370371818542
1997	0.7560433149337769
1998	0.6204962730407715
1999	0.7134499549865723
2000	0.6814689636230469
2001	0.7209559679031372
2002	0.76606684923172
2003	0.7633749842643738
2004	0.6743724942207336
2005	0.721836507320404
2006	0.6800557374954224
2007	0.6836941242218018
2008	0.46844062209129333
2009	0.29946717619895935
2010	0.41984090209007263
2011	0.16676747798919678
2012	0.03497323766350746
2013	0.03594745323061943
2014	0.03238862380385399
2015	0.04680086672306061
2016	0.037719834595918655
2017	0.05607649311423302
2018	0.04618708789348602
2019	0.07030709832906723
2020	0.042355991899967194
2021	0.06201985105872154
2022	0.036020126193761826
2023	0.028585392981767654
2024	0.04068278148770332
2025	0.04630386456847191
2026	0.029727930203080177
2027	0.020168161019682884
2028	0.019639475271105766
2029	0.014436214230954647
2030	0.0164277795702219
2031	0.027553021907806396
2032	0.017513105645775795
2033	0.013356675393879414
2034	0.024832775816321373
