frame	prob
0	0.004323978908360004
1	0.0037607804406434298
2	0.003926464822143316
3	0.004136770963668823
4	0.0038085647393018007
5	0.004930488299578428
6	0.005228174384683371
7	0.005547606851905584
8	0.005287656094878912
9	0.0046622357331216335
10	0.004773896187543869
11	0.005310659296810627
12	0.006877124309539795
13	0.009972785599529743
14	0.015048879198729992
15	0.04461679235100746
16	0.021857384592294693
17	0.05691761523485184
18	0.030271893367171288
19	0.06134384870529175
20	0.10981444269418716
21	0.06583185493946075
22	0.11413015425205231
23	0.06779079884290695
24	0.07548780739307404
25	0.03144940733909607
26	0.019938206300139427
27	0.046127498149871826
28	0.03366471081972122
29	0.10939820110797882
30	0.1387043595314026
31	0.059004273265600204
32	0.06852317601442337
33	0.07271933555603027
34	0.127263143658638
35	0.19479213654994965
36	0.1616538017988205
37	0.21457555890083313
38	0.23327551782131195
39	0.24584780633449554
40	0.19942301511764526
41	0.3243872821331024
42	0.1731891930103302
43	0.17105913162231445
44	0.42992231249809265
45	0.3756903111934662
46	0.40109607577323914
47	0.5702190399169922
48	0.6470931172370911
49	0.5965790152549744
50	0.6659170985221863
51	0.47997766733169556
52	0.6490527391433716
53	0.5617944002151489
54	0.6087892651557922
55	0.5350643992424011
56	0.5901488065719604
57	0.6469175219535828
58	0.48251476883888245
59	0.2951938807964325
60	0.49296244978904724
61	0.6121201515197754
62	0.48662424087524414
63	0.5673345923423767
64	0.44348403811454773
65	0.47682124376296997
66	0.4937773644924164
67	0.34633731842041016
68	0.4167366027832031
69	0.3533457815647125
70	0.716216504573822
71	0.41327640414237976
72	0.19311246275901794
73	0.3182484209537506
74	0.2241906225681305
75	0.24399690330028534
76	0.17956523597240448
77	0.19848917424678802
78	0.17526085674762726
79	0.19034865498542786
80	0.251848042011261
81	0.3540715277194977
82	0.620688259601593
83	0.6762174963951111
84	0.7141925692558289
85	0.5468832850456238
86	0.5232446789741516
87	0.45440053939819336
88	0.845947265625
89	0.8754989504814148
90	0.9165811538696289
91	0.9391459822654724
92	0.8751476407051086
93	0.7847711443901062
94	0.8015209436416626
95	0.7229738235473633
96	0.7807496190071106
97	0.24942834675312042
98	0.04654061421751976
99	0.008921145461499691
100	0.008799592033028603
101	0.016590069979429245
102	0.00961748231202364
103	0.008192070759832859
104	0.006978228688240051
105	0.007391859777271748
106	0.008195968344807625
107	0.008262819610536098
108	0.010488039813935757
109	0.008122507482767105
110	0.012985370121896267
111	0.009739544242620468
112	0.016153931617736816
113	0.16174916923046112
114	0.8688867688179016
115	0.958988606929779
116	0.959156334400177
117	0.975716769695282
118	0.963191032409668
119	0.7355731129646301
120	0.3832446038722992
121	0.08982044458389282
122	0.12405069917440414
123	0.06304774433374405
124	0.0617210678756237
125	0.13142384588718414
126	0.10623818635940552
127	0.12800951302051544
128	0.08165955543518066
129	0.04608487710356712
130	0.07964159548282623
131	0.16334253549575806
132	0.11099350452423096
133	0.03133136034011841
134	0.040376484394073486
135	0.022496020421385765
136	0.028363926336169243
137	0.02059524692595005
138	0.013566381298005581
139	0.018153514713048935
140	0.01669405959546566
141	0.011160104535520077
142	0.014898824505507946
143	0.01256224699318409
144	0.01299349870532751
145	0.012872596271336079
146	0.014632529579102993
147	0.015559526160359383
148	0.021843407303094864
149	0.01623786985874176
150	0.014732852578163147
151	0.008066676557064056
152	0.014342114329338074
153	0.02791726589202881
154	0.02626059018075466
155	0.015532840974628925
156	0.02045055665075779
157	0.01793946512043476
158	0.017419923096895218
159	0.015015465207397938
160	0.019978133961558342
161	0.022363074123859406
162	0.017613688483834267
163	0.022618567571043968
164	0.019265571609139442
165	0.021992972120642662
166	0.02537180483341217
167	0.02036660723388195
168	0.02912154234945774
169	0.021358555182814598
170	0.01744166575372219
171	0.017820581793785095
172	0.01580716110765934
173	0.019450005143880844
174	0.013068528845906258
175	0.01872616820037365
176	0.012970506213605404
177	0.014390162192285061
178	0.010035219602286816
179	0.011802934110164642
180	0.011499193497002125
181	0.015054513700306416
182	0.01052247453480959
183	0.01492302119731903
184	0.015642955899238586
185	0.011687633581459522
186	0.014857202768325806
187	0.020433485507965088
188	0.01303767692297697
189	0.012495125643908978
190	0.014591465704143047
191	0.013633839786052704
192	0.015042458660900593
193	0.01182892918586731
194	0.00970719289034605
195	0.012262968346476555
196	0.010598723776638508
197	0.012417416088283062
198	0.010187538340687752
199	0.007771334145218134
200	0.006642661988735199
201	0.006917277816683054
202	0.007968895137310028
203	0.009516273625195026
204	0.007434026338160038
205	0.006099996622651815
206	0.006097221281379461
207	0.006214537657797337
208	0.006853566970676184
209	0.006561856251209974
210	0.007475640159100294
211	0.007420549634844065
212	0.014454427175223827
213	0.008873210288584232
214	0.007128579076379538
215	0.005435144994407892
216	0.005069491919130087
217	0.005622955039143562
218	0.007245795335620642
219	0.006551277823746204
220	0.009654728695750237
221	0.005014078691601753
222	0.005386211909353733
223	0.004551416728645563
224	0.007350467145442963
225	0.005628389772027731
226	0.00403627147898078
227	0.010836108587682247
228	0.012906829826533794
229	0.011237634345889091
230	0.011384340934455395
231	0.007049772422760725
232	0.004779513459652662
233	0.006073392927646637
234	0.007034511771053076
235	0.007032390683889389
236	0.009006238542497158
237	0.012881621718406677
238	0.010267405770719051
239	0.012445849366486073
240	0.010984535329043865
241	0.010909446515142918
242	0.01831311360001564
243	0.015237502753734589
244	0.011537647806107998
245	0.023845503106713295
246	0.048987340182065964
247	0.06673645228147507
248	0.06510086357593536
249	0.12420547008514404
250	0.17757879197597504
251	0.28110113739967346
252	0.23416171967983246
253	0.259366512298584
254	0.14016060531139374
255	0.10386109352111816
256	0.1342555284500122
257	0.18613557517528534
258	0.34518370032310486
259	0.27271467447280884
260	0.2666397988796234
261	0.46418896317481995
262	0.33703121542930603
263	0.2830425798892975
264	0.217394158244133
265	0.33248916268348694
266	0.47928640246391296
267	0.28674593567848206
268	0.29320916533470154
269	0.10021574795246124
270	0.08822974562644958
271	0.0378279946744442
272	0.03263568505644798
273	0.059658437967300415
274	0.11705081909894943
275	0.047373946756124496
276	0.103703074157238
277	0.03924787789583206
278	0.02677701972424984
279	0.02183140628039837
280	0.01907152496278286
281	0.014978921972215176
282	0.015791339799761772
283	0.019974006339907646
284	0.020444799214601517
285	0.024208378046751022
286	0.022614547982811928
287	0.026262089610099792
288	0.06940387934446335
289	0.4673914909362793
290	0.7887157797813416
291	0.9771549105644226
292	0.9713306427001953
293	0.9778634905815125
294	0.982476532459259
295	0.9710180163383484
296	0.9881804585456848
297	0.9840561151504517
298	0.9909019470214844
299	0.9825502634048462
300	0.983154296875
301	0.9749855995178223
302	0.9216289520263672
303	0.5886113047599792
304	0.09246095269918442
305	0.08270793408155441
306	0.10581108182668686
307	0.023904720321297646
308	0.01618875376880169
309	0.01356575544923544
310	0.017735809087753296
311	0.01927340216934681
312	0.015093347989022732
313	0.014917331747710705
314	0.017635872587561607
315	0.01594194583594799
316	0.015060648322105408
317	0.012688065879046917
318	0.013646422885358334
319	0.01474125124514103
320	0.018962055444717407
321	0.016873477026820183
322	0.02203937992453575
323	0.01343701221048832
324	0.015641862526535988
325	0.014898115769028664
326	0.015449565835297108
327	0.013162553310394287
328	0.011912680231034756
329	0.017236674204468727
330	0.014501956291496754
331	0.014940804801881313
332	0.014091934077441692
333	0.01719566062092781
334	0.024594048038125038
335	0.021560130640864372
336	0.02365802600979805
337	0.02926124446094036
338	0.023427948355674744
339	0.03119121864438057
340	0.02628091536462307
341	0.021362727507948875
342	0.024731213226914406
343	0.023337839171290398
344	0.021283499896526337
345	0.020207831636071205
346	0.009363658726215363
347	0.010429336689412594
348	0.00893179327249527
349	0.007641513831913471
350	0.0146901560947299
351	0.01757670007646084
352	0.014197935350239277
353	0.011224347166717052
354	0.0077187418937683105
355	0.008592153899371624
356	0.006532772909849882
357	0.00976416002959013
358	0.0070206220261752605
359	0.006361254490911961
360	0.005913128145039082
361	0.005727294832468033
362	0.005532530136406422
363	0.00634721526876092
364	0.007104947697371244
365	0.007018559612333775
366	0.007711667567491531
367	0.0077567859552800655
368	0.008187808096408844
369	0.008288492448627949
370	0.008200577460229397
371	0.008547700010240078
372	0.007159431464970112
373	0.009033727459609509
374	0.012746810913085938
375	0.010400681756436825
376	0.008588217198848724
377	0.010910279117524624
378	0.021182391792535782
379	0.02080405503511429
380	0.023204240947961807
381	0.028670120984315872
382	0.021094737574458122
383	0.01928548514842987
384	0.025038838386535645
385	0.022082651033997536
386	0.01650022529065609
387	0.021449562162160873
388	0.022105520591139793
389	0.020456617698073387
390	0.022918349131941795
391	0.019996222108602524
392	0.024096187204122543
393	0.015966301783919334
394	0.021732768043875694
395	0.016214389353990555
396	0.024047324433922768
397	0.01802804134786129
398	0.013147452846169472
399	0.024356750771403313
400	0.025249529629945755
401	0.02108040265738964
402	0.01750616542994976
403	0.019129592925310135
404	0.027918577194213867
405	0.023379767313599586
406	0.017117047682404518
407	0.022679079324007034
408	0.022619107738137245
409	0.02598114311695099
410	0.013394534587860107
411	0.01205879170447588
412	0.012458497658371925
413	0.006453684065490961
414	0.007811549585312605
415	0.013066421262919903
416	0.01066527795046568
417	0.011524088680744171
418	0.008178004063665867
419	0.0055493260733783245
420	0.004822483751922846
421	0.0047714137472212315
422	0.005758047103881836
423	0.005090024322271347
424	0.004823680501431227
425	0.006811168976128101
426	0.007088621146976948
427	0.004778431728482246
428	0.006620834115892649
429	0.008360675536096096
430	0.006490762811154127
431	0.007683788426220417
432	0.0055637969635427
433	0.005870708730071783
434	0.00971249956637621
435	0.00427229842171073
436	0.005795757751911879
437	0.010866904631257057
438	0.00863818358629942
439	0.010526112280786037
440	0.010666105896234512
441	0.012642833404242992
442	0.014314385131001472
443	0.010343506000936031
444	0.017067937180399895
445	0.025738349184393883
446	0.025290533900260925
447	0.014052296057343483
448	0.018982423469424248
449	0.012542023323476315
450	0.012221992015838623
451	0.011825614608824253
452	0.007446175906807184
453	0.010729028843343258
454	0.010575827211141586
455	0.011208082549273968
456	0.013388845138251781
457	0.014016580767929554
458	0.011128497309982777
459	0.007809263654053211
460	0.007670057006180286
461	0.009875049814581871
462	0.007631304208189249
463	0.01078922487795353
464	0.008858634158968925
465	0.01123040821403265
466	0.01363721489906311
467	0.014271053485572338
468	0.01028320100158453
469	0.00939429085701704
470	0.010089147835969925
471	0.01333880890160799
472	0.00881122425198555
473	0.00975780189037323
474	0.01182556338608265
475	0.010398351587355137
476	0.01236379612237215
477	0.010301549918949604
478	0.00750749884173274
479	0.007222979795187712
480	0.007871023379266262
481	0.007043710444122553
482	0.010698883794248104
483	0.011805398389697075
484	0.005964128766208887
485	0.00645670760422945
486	0.006478339433670044
487	0.007848381996154785
488	0.008684749715030193
489	0.010069133713841438
490	0.010068337433040142
491	0.016218487173318863
492	0.027620801702141762
493	0.07278294861316681
494	0.013813557103276253
495	0.01087848749011755
496	0.010664953850209713
497	0.018699828535318375
498	0.01169798243790865
499	0.016592025756835938
500	0.02748364582657814
501	0.045968592166900635
502	0.027988580986857414
503	0.014463615603744984
504	0.008319231681525707
505	0.013349666260182858
506	0.010304643772542477
507	0.004758062306791544
508	0.009567143395543098
509	0.007906848564743996
510	0.01069971639662981
511	0.010932274162769318
512	0.010548203252255917
513	0.0071461680345237255
514	0.009480133652687073
515	0.014208495616912842
516	0.01517107617110014
517	0.01719077304005623
518	0.01615678332746029
519	0.019727716222405434
520	0.014494450762867928
521	0.011409497819840908
522	0.008113416843116283
523	0.011059782467782497
524	0.012722896412014961
525	0.019475793465971947
526	0.01858140341937542
527	0.01850813627243042
528	0.01264177542179823
529	0.014824694953858852
530	0.01122649572789669
531	0.013392046093940735
532	0.008149754256010056
533	0.007956862449645996
534	0.009647305123507977
535	0.009872029535472393
536	0.006916962098330259
537	0.008979926817119122
538	0.010053048841655254
539	0.010221164673566818
540	0.00639347592368722
541	0.004937693011015654
542	0.004535370040684938
543	0.00861366931349039
544	0.013914518058300018
545	0.018433192744851112
546	0.004972256254404783
547	0.00900847464799881
548	0.008596102707087994
549	0.008357769809663296
550	0.009381343610584736
551	0.008992232382297516
552	0.01041876059025526
553	0.007637352682650089
554	0.006768273655325174
555	0.005695382598787546
556	0.0074910447001457214
557	0.00865508895367384
558	0.008259507827460766
559	0.012728819623589516
560	0.008999282494187355
561	0.006519214250147343
562	0.007813076488673687
563	0.016031965613365173
564	0.015750205144286156
565	0.012539065442979336
566	0.008540384471416473
567	0.010147078894078732
568	0.0071602738462388515
569	0.007830428890883923
570	0.006334851961582899
571	0.007856788113713264
572	0.006457605864852667
573	0.007843042723834515
574	0.008048024028539658
575	0.012086167000234127
576	0.010214132256805897
577	0.014811518602073193
578	0.01101548969745636
579	0.022523537278175354
580	0.018843403086066246
581	0.044478725641965866
582	0.01922299899160862
583	0.02071567252278328
584	0.017683666199445724
585	0.012123857624828815
586	0.010395561344921589
587	0.00939591508358717
588	0.01010590698570013
589	0.008703636936843395
590	0.008232860825955868
591	0.010955064557492733
592	0.00804815348237753
593	0.010855711065232754
594	0.012240595184266567
595	0.00917526613920927
596	0.007216444704681635
597	0.008005651645362377
598	0.00993384514003992
599	0.0104407062754035
600	0.01297943014651537
601	0.012009869329631329
602	0.013001260347664356
603	0.009970135986804962
604	0.013749259524047375
605	0.010571341030299664
606	0.011791779659688473
607	0.008570753037929535
608	0.009220837615430355
609	0.007925637066364288
610	0.011090721003711224
611	0.011262977495789528
612	0.008941049687564373
613	0.00802945252507925
614	0.007428271230310202
615	0.010084989480674267
616	0.012935163453221321
617	0.013132763095200062
618	0.011669491417706013
619	0.0094445263966918
620	0.00887711625546217
621	0.008876907639205456
622	0.007192590739578009
623	0.0076703960075974464
624	0.005494706332683563
625	0.0048206644132733345
626	0.006108277942985296
627	0.005256776697933674
628	0.005595366936177015
629	0.0053025963716208935
630	0.004070051480084658
631	0.0037791740614920855
632	0.0039405678398907185
633	0.002919525373727083
634	0.0038838402833789587
635	0.004482542630285025
636	0.005671041551977396
637	0.0050269621424376965
638	0.0034899909514933825
639	0.0033018190879374743
640	0.003475284669548273
641	0.0032459746580570936
642	0.0038910650182515383
643	0.0032448999118059874
644	0.0038706224877387285
645	0.0029034873005002737
646	0.004214483313262463
647	0.004339022096246481
648	0.003718756139278412
649	0.0033696468453854322
650	0.004610291216522455
651	0.004206722602248192
652	0.004743704106658697
653	0.004120199475437403
654	0.0046678869985044
655	0.003343716263771057
656	0.0038593614008277655
657	0.0041719041764736176
658	0.0034213028848171234
659	0.003688296303153038
660	0.004300523083657026
661	0.005020418204367161
662	0.006104275584220886
663	0.005057323258370161
664	0.004533388651907444
665	0.004839892033487558
666	0.0052505978383123875
667	0.00504649430513382
668	0.004707672633230686
669	0.0038684792816638947
670	0.003989541437476873
671	0.0040035187266767025
672	0.002902838634327054
673	0.0033182986080646515
674	0.003107083262875676
675	0.0026274551637470722
676	0.0033259603660553694
677	0.003466033609583974
678	0.0037612689193338156
679	0.003581668483093381
680	0.0032776896841824055
681	0.004378290381282568
682	0.003410204080864787
683	0.004963570274412632
684	0.006613565143197775
685	0.004500456620007753
686	0.005709090735763311
687	0.005360695533454418
688	0.004017743747681379
689	0.005235728807747364
690	0.00336835696361959
691	0.00537083437666297
692	0.00443202955648303
693	0.0037831799127161503
694	0.004091800656169653
695	0.003675987711176276
696	0.004235472530126572
697	0.004423373378813267
698	0.005124174058437347
699	0.005453474819660187
700	0.005363594274967909
701	0.005478968843817711
702	0.007487351540476084
703	0.007849280722439289
704	0.008934559300541878
705	0.008455506525933743
706	0.009062554687261581
707	0.010146438144147396
708	0.008401179686188698
709	0.009481007233262062
710	0.011480417102575302
711	0.008664918132126331
712	0.009862055070698261
713	0.009440208785235882
714	0.010221145115792751
715	0.0086181266233325
716	0.007400032132863998
717	0.009232915006577969
718	0.015349462628364563
719	0.028698280453681946
720	0.07850539684295654
721	0.09385856240987778
722	0.2575114369392395
723	0.30874916911125183
724	0.4131460189819336
725	0.482048898935318
726	0.44474169611930847
727	0.3522252142429352
728	0.6314507722854614
729	0.7031795978546143
730	0.5860543251037598
731	0.35970959067344666
732	0.29865023493766785
733	0.7201630473136902
734	0.5048765540122986
735	0.6441370248794556
736	0.7150683999061584
737	0.88166344165802
738	0.9122913479804993
739	0.8857293128967285
740	0.9073360562324524
741	0.9512178301811218
742	0.945973813533783
743	0.9459293484687805
744	0.9587337374687195
745	0.9472304582595825
746	0.9450461268424988
747	0.911796510219574
748	0.9124523401260376
749	0.9121320843696594
750	0.8115091323852539
751	0.606968879699707
752	0.6412883400917053
753	0.7750564217567444
754	0.7699437141418457
755	0.6632584929466248
756	0.679783284664154
757	0.6550936102867126
758	0.6980461478233337
759	0.44984951615333557
760	0.6877545118331909
761	0.5928840637207031
762	0.5628793835639954
763	0.1832805722951889
764	0.015834281221032143
765	0.014273539185523987
766	0.012861921451985836
767	0.01526730041950941
768	0.017034951597452164
769	0.06267211586236954
770	0.43095770478248596
771	0.46504613757133484
772	0.3594876229763031
773	0.9284986853599548
774	0.9369625449180603
775	0.9519273638725281
776	0.8721440434455872
777	0.8168854117393494
778	0.6037665605545044
779	0.6808090209960938
780	0.7097899317741394
781	0.2310798168182373
782	0.20009946823120117
783	0.15633393824100494
784	0.13299058377742767
785	0.08535366505384445
786	0.03789170831441879
787	0.027174079790711403
788	0.0302868839353323
789	0.022886276245117188
790	0.025731289759278297
791	0.026309126988053322
792	0.09183711558580399
793	0.3609347343444824
794	0.707818329334259
795	0.702666699886322
796	0.6500985026359558
797	0.6622727513313293
798	0.8549607396125793
799	0.7961289882659912
800	0.9139545559883118
801	0.7984983325004578
802	0.7893852591514587
803	0.8918282389640808
804	0.8896045684814453
805	0.9766648411750793
806	0.9842386245727539
807	0.9782273173332214
808	0.9806104898452759
809	0.9678683280944824
810	0.9015106558799744
811	0.9405428171157837
812	0.961227536201477
813	0.7378608584403992
814	0.5616246461868286
815	0.13107316195964813
816	0.04218040779232979
817	0.012632143683731556
818	0.011437605135142803
819	0.012138220481574535
820	0.011604033410549164
821	0.010822571814060211
822	0.011256810277700424
823	0.012841013260185719
824	0.015108468011021614
825	0.01663227751851082
826	0.01875794678926468
827	0.015556191094219685
828	0.020662276074290276
829	0.025793904438614845
830	0.5691432952880859
831	0.915555477142334
832	0.9475978016853333
833	0.9888278841972351
834	0.9753118753433228
835	0.9900240302085876
836	0.987195611000061
837	0.9896208047866821
838	0.9865464568138123
839	0.9890098571777344
840	0.9710472226142883
841	0.9808176159858704
842	0.9875599145889282
843	0.9740687608718872
844	0.9330881237983704
845	0.9457802176475525
846	0.9356446266174316
847	0.9089574813842773
848	0.8047043085098267
849	0.847089946269989
850	0.6808246970176697
851	0.34877443313598633
852	0.15951652824878693
853	0.06921468675136566
854	0.0259112361818552
855	0.01993844471871853
856	0.016991116106510162
857	0.018534889444708824
858	0.0173797607421875
859	0.023582441732287407
860	0.03597652539610863
861	0.028537947684526443
862	0.02413840964436531
863	0.02008778415620327
864	0.3006124198436737
865	0.7183534502983093
866	0.23897626996040344
867	0.010738411918282509
868	0.012161926366388798
869	0.021649112924933434
870	0.019299237057566643
871	0.023878850042819977
872	0.02336066961288452
873	0.01175831537693739
874	0.02106384001672268
875	0.01041361503303051
876	0.011358938179910183
877	0.017086995765566826
878	0.015651075169444084
879	0.019411414861679077
880	0.0134981544688344
881	0.0158136747777462
882	0.008082021027803421
883	0.013721289113163948
884	0.016281893476843834
885	0.01930101588368416
886	0.012025374919176102
887	0.011013220995664597
888	0.009635201655328274
889	0.010751307010650635
890	0.007359904237091541
891	0.006603809539228678
892	0.007939868606626987
893	0.011554439552128315
894	0.010408054105937481
895	0.011641106568276882
896	0.01624205708503723
897	0.008626419119536877
898	0.007150629069656134
899	0.01385024655610323
900	0.009254532866179943
901	0.004601104650646448
902	0.006445486098527908
903	0.00973125547170639
904	0.010111713781952858
905	0.007320324424654245
906	0.007562506478279829
907	0.006637078709900379
908	0.006755551788955927
909	0.010911079123616219
910	0.006458766758441925
911	0.00672184256836772
912	0.004888107068836689
913	0.004852509591728449
914	0.00391456438228488
915	0.003570126835256815
916	0.004774115514010191
917	0.004053753800690174
918	0.0045089637860655785
919	0.0028161120135337114
920	0.0037765190936625004
921	0.002348771085962653
922	0.002394844777882099
923	0.0031463750638067722
924	0.002559511922299862
925	0.003131180303171277
926	0.0034869180526584387
927	0.003088015830144286
928	0.004174319561570883
929	0.0035729629453271627
930	0.002828730968758464
931	0.004190577659755945
932	0.004423672799021006
933	0.004462385084480047
934	0.0045848130248487
935	0.0045502386055886745
936	0.004659839905798435
937	0.005578560754656792
938	0.004644967615604401
939	0.005267690867185593
940	0.005254477262496948
941	0.0049431282095611095
942	0.004861799068748951
943	0.004068117123097181
944	0.004847443196922541
945	0.003549278946593404
946	0.0049468702636659145
947	0.004208974074572325
948	0.004600815009325743
949	0.004531193990260363
950	0.005095547530800104
951	0.005104427225887775
952	0.0043050069361925125
953	0.0041494048200547695
954	0.004100623540580273
955	0.0038048860151320696
956	0.0037243887782096863
957	0.0052657597698271275
958	0.004516870714724064
959	0.005476125981658697
960	0.006114245392382145
961	0.004681174643337727
962	0.006033201701939106
963	0.005278961267322302
964	0.005511373747140169
965	0.004615308251231909
966	0.0039109401404857635
967	0.004864499904215336
968	0.004494610708206892
969	0.0029844888485968113
970	0.004827543627470732
971	0.004377886652946472
972	0.004392898175865412
973	0.0031894284766167402
974	0.003963947761803865
975	0.005798793863505125
976	0.004471586551517248
977	0.0039804838597774506
978	0.0055723064579069614
979	0.004560173023492098
980	0.004700715187937021
981	0.005352200474590063
982	0.0036119099240750074
983	0.004518650937825441
984	0.00539363780990243
985	0.004899975843727589
986	0.006174546666443348
987	0.004531289916485548
988	0.004372697323560715
989	0.0038357891608029604
990	0.004230897407978773
991	0.00324387033469975
992	0.0036395080387592316
993	0.0020606887992471457
994	0.0025090903509408236
995	0.0022675797808915377
996	0.004356746096163988
997	0.003311225911602378
998	0.0048739248886704445
999	0.00613036984577775
1000	0.00440036877989769
1001	0.005167187657207251
1002	0.004427137318998575
1003	0.0038524549454450607
1004	0.0036087767221033573
1005	0.005779069382697344
1006	0.005528789013624191
1007	0.005664119031280279
1008	0.003932062536478043
1009	0.005063922610133886
1010	0.003823287086561322
1011	0.004723407328128815
1012	0.005499935243278742
1013	0.004547506105154753
1014	0.004693384747952223
1015	0.0048004151321947575
1016	0.005504719913005829
1017	0.004727893974632025
1018	0.004926092457026243
1019	0.005216136574745178
1020	0.006595525424927473
1021	0.0051192925311625
1022	0.004991129040718079
1023	0.005044750403612852
1024	0.0051525430753827095
1025	0.004764534067362547
1026	0.006490168161690235
1027	0.005069465842097998
1028	0.004027945920825005
1029	0.004819092806428671
1030	0.003960228990763426
1031	0.0047639706172049046
1032	0.004270174540579319
1033	0.003834567265585065
1034	0.004084540065377951
1035	0.003500973805785179
1036	0.0037617438938468695
1037	0.00409173546358943
1038	0.0034069628454744816
1039	0.0035310692619532347
1040	0.0038214910309761763
1041	0.0033475167583674192
1042	0.004428955260664225
1043	0.003905573161318898
1044	0.003993847873061895
1045	0.003673759987577796
1046	0.0034824856556952
1047	0.0038302585016936064
1048	0.004280611407011747
1049	0.004667004104703665
1050	0.005072065629065037
1051	0.004777669440954924
1052	0.00489644194021821
1053	0.0038997423835098743
1054	0.0039976523257792
1055	0.0043913028202950954
1056	0.003525948617607355
1057	0.004548204131424427
1058	0.004001951776444912
1059	0.005038107745349407
1060	0.005526605993509293
1061	0.006672085728496313
1062	0.0050732530653476715
1063	0.006587070878595114
1064	0.005945446435362101
1065	0.004368682857602835
1066	0.004205896053463221
1067	0.004382743965834379
1068	0.004639375489205122
1069	0.004432154819369316
1070	0.005916507449001074
1071	0.0037819102872163057
1072	0.004692713730037212
1073	0.006155319511890411
1074	0.005036800168454647
1075	0.004749802406877279
1076	0.003602048149332404
1077	0.004296835046261549
1078	0.004042528104037046
1079	0.004781752359122038
1080	0.004555967170745134
1081	0.005214187782257795
1082	0.004372906871140003
1083	0.003718456719070673
1084	0.003233429044485092
1085	0.0030376024078577757
1086	0.0027998655568808317
1087	0.0029941622633486986
1088	0.003535668132826686
1089	0.003013808513060212
1090	0.0030333425384014845
1091	0.003121964866295457
1092	0.00270663620904088
1093	0.0031478104647248983
1094	0.003677753498777747
1095	0.002568905707448721
1096	0.004696998279541731
1097	0.007617350202053785
1098	0.004766366444528103
1099	0.0030085460748523474
1100	0.003599986433982849
1101	0.0037594803143292665
1102	0.004598719533532858
1103	0.004617232829332352
1104	0.005167090799659491
1105	0.004005115479230881
1106	0.004609073046594858
1107	0.005666631739586592
1108	0.006232067476958036
1109	0.006014212034642696
1110	0.005313744302839041
1111	0.006771216634660959
1112	0.007225845940411091
1113	0.009544005617499352
1114	0.010381790809333324
1115	0.008084721863269806
1116	0.01505220402032137
1117	0.018889974802732468
1118	0.014059259556233883
1119	0.017972538247704506
1120	0.02076144516468048
1121	0.006790293846279383
1122	0.012205409817397594
1123	0.03202573582530022
1124	0.02183077670633793
1125	0.041126545518636703
1126	0.055243249982595444
1127	0.06824176758527756
1128	0.17941825091838837
1129	0.3150061070919037
1130	0.30231717228889465
1131	0.4124789237976074
1132	0.5746727585792542
1133	0.6167885661125183
1134	0.44247427582740784
1135	0.5259053707122803
1136	0.5206718444824219
1137	0.6670695543289185
1138	0.6775665879249573
1139	0.625392735004425
1140	0.7411447763442993
1141	0.6451123952865601
1142	0.39092642068862915
1143	0.18496423959732056
1144	0.5585991740226746
1145	0.4419859051704407
1146	0.08333150297403336
1147	0.06320814043283463
1148	0.05567650869488716
1149	0.037417877465486526
1150	0.017842978239059448
1151	0.018609123304486275
1152	0.027963757514953613
1153	0.015554455108940601
1154	0.038667354732751846
1155	0.14341247081756592
1156	0.27595749497413635
1157	0.14187897741794586
1158	0.28543516993522644
1159	0.5542144775390625
1160	0.7083431482315063
1161	0.8044218420982361
1162	0.7589627504348755
1163	0.9000545740127563
1164	0.892608106136322
1165	0.940827488899231
1166	0.9258655905723572
1167	0.8587997555732727
1168	0.9361990094184875
1169	0.9371053576469421
1170	0.9256876111030579
1171	0.9217752814292908
1172	0.9527830481529236
1173	0.9488241076469421
1174	0.8861986398696899
1175	0.9356213808059692
1176	0.8961445093154907
1177	0.922066330909729
1178	0.8760965466499329
1179	0.8378744125366211
1180	0.8340446352958679
1181	0.8176187872886658
1182	0.8366196751594543
1183	0.7189593315124512
1184	0.640666663646698
1185	0.7054478526115417
1186	0.7245798110961914
1187	0.8207418322563171
1188	0.7268440127372742
1189	0.616750180721283
1190	0.8978909850120544
1191	0.9252043962478638
1192	0.9673972129821777
1193	0.9654338955879211
1194	0.9770498275756836
1195	0.9268850684165955
1196	0.884433388710022
1197	0.8878355026245117
1198	0.8868188261985779
1199	0.8774455189704895
1200	0.8345338106155396
1201	0.9659015536308289
1202	0.9080405235290527
1203	0.9777374267578125
1204	0.9055725932121277
1205	0.9277219176292419
1206	0.9372138977050781
1207	0.9082840085029602
1208	0.9161416292190552
1209	0.9227762222290039
1210	0.8268057107925415
1211	0.8601260185241699
1212	0.8335176706314087
1213	0.7887548804283142
1214	0.738892674446106
1215	0.7538540959358215
1216	0.5609220862388611
1217	0.564700722694397
1218	0.7963806986808777
1219	0.6359442472457886
1220	0.7514129877090454
1221	0.8401495814323425
1222	0.8874124884605408
1223	0.7699556350708008
1224	0.6220106482505798
1225	0.775800883769989
1226	0.8888267874717712
1227	0.9155398607254028
1228	0.7923391461372375
1229	0.7938949465751648
1230	0.929931104183197
1231	0.9287986755371094
1232	0.8815141916275024
1233	0.8462749719619751
1234	0.9146952033042908
1235	0.9132593274116516
1236	0.859532356262207
1237	0.9140012860298157
1238	0.8850418925285339
1239	0.9265993237495422
1240	0.9707738161087036
1241	0.9018484950065613
1242	0.9455135464668274
1243	0.8737779855728149
1244	0.9688043594360352
1245	0.9538583755493164
1246	0.9410026669502258
1247	0.9695925116539001
1248	0.9340135455131531
1249	0.7427734732627869
1250	0.8558830618858337
1251	0.8964296579360962
1252	0.8002021908760071
1253	0.7994205951690674
1254	0.850071907043457
1255	0.330732524394989
1256	0.06244245916604996
1257	0.04247249662876129
1258	0.03702285513281822
1259	0.028471708297729492
1260	0.025199903175234795
1261	0.010412297211587429
1262	0.01644481159746647
1263	0.016581634059548378
1264	0.017160339280962944
1265	0.015502527356147766
1266	0.018742600455880165
1267	0.027410918846726418
1268	0.02333536185324192
1269	0.025523608550429344
1270	0.0213382039219141
1271	0.018193375319242477
1272	0.014571890234947205
1273	0.028431911021471024
1274	0.033267442137002945
1275	0.04707969352602959
1276	0.028145549818873405
1277	0.029024874791502953
1278	0.02762298658490181
1279	0.03766898065805435
1280	0.033767253160476685
1281	0.04826238378882408
1282	0.03339841961860657
1283	0.0234245453029871
1284	0.02565433457493782
1285	0.01943868212401867
1286	0.021609965711832047
1287	0.024460410699248314
1288	0.02256525494158268
1289	0.021816348657011986
1290	0.01794832944869995
1291	0.014262142591178417
1292	0.009831338189542294
1293	0.00875338539481163
1294	0.010711945593357086
1295	0.005315626505762339
1296	0.007394666317850351
1297	0.010304342024028301
1298	0.018780533224344254
1299	0.018785003572702408
1300	0.014624141156673431
1301	0.015817925333976746
1302	0.01394297182559967
1303	0.00765536492690444
1304	0.012496896088123322
1305	0.010002470575273037
1306	0.010925511829555035
1307	0.015777578577399254
1308	0.016284609213471413
1309	0.00835867878049612
1310	0.007911859080195427
1311	0.007850388064980507
1312	0.012418150901794434
1313	0.01098612230271101
1314	0.012877891771495342
1315	0.0103383744135499
1316	0.010892036370933056
1317	0.007614032831043005
1318	0.008985592983663082
1319	0.007462398614734411
1320	0.008867181837558746
1321	0.007163137197494507
1322	0.004399933852255344
1323	0.006554439198225737
1324	0.010326272808015347
1325	0.008905792608857155
1326	0.008738161996006966
1327	0.01131189800798893
1328	0.009897865355014801
1329	0.009839523583650589
1330	0.012070007622241974
1331	0.012935364618897438
1332	0.009209725074470043
1333	0.01048939861357212
1334	0.014988753013312817
1335	0.015620551072061062
1336	0.012263687327504158
1337	0.015817347913980484
1338	0.021345334127545357
1339	0.01163997408002615
1340	0.010608597658574581
1341	0.009007863700389862
1342	0.015303581021726131
1343	0.009168067947030067
1344	0.010818565264344215
1345	0.0066518522799015045
1346	0.0070212120190262794
1347	0.01343228667974472
1348	0.014505135826766491
1349	0.01254661288112402
1350	0.01634296216070652
1351	0.01109933853149414
1352	0.014007958583533764
1353	0.011556366458535194
1354	0.008174722082912922
1355	0.009811083786189556
1356	0.008391719311475754
1357	0.009056687355041504
1358	0.0061388458125293255
1359	0.006243263836950064
1360	0.00606171740218997
1361	0.008267178200185299
1362	0.0060999770648777485
1363	0.005731553770601749
1364	0.005027503706514835
1365	0.00841978844255209
1366	0.008475801907479763
1367	0.009090009145438671
1368	0.00755243469029665
1369	0.006858766078948975
1370	0.006810707040131092
1371	0.007137971464544535
1372	0.010241782292723656
1373	0.008840744383633137
1374	0.010525993071496487
1375	0.01541225891560316
1376	0.024811014533042908
1377	0.02401348017156124
1378	0.02109765075147152
1379	0.021100303158164024
1380	0.019493676722049713
1381	0.016379673033952713
1382	0.017842134460806847
1383	0.026755481958389282
1384	0.022778918966650963
1385	0.03458477184176445
1386	0.026821603998541832
1387	0.018096912652254105
1388	0.017884472385048866
1389	0.020081833004951477
1390	0.021142704412341118
1391	0.01935209333896637
1392	0.022730344906449318
1393	0.024171486496925354
1394	0.022116925567388535
1395	0.02207168936729431
1396	0.013311664573848248
1397	0.019142208620905876
1398	0.017727229744195938
1399	0.024250512942671776
1400	0.020042816177010536
1401	0.020086422562599182
1402	0.019761577248573303
1403	0.01824355497956276
1404	0.018361708149313927
1405	0.016909504309296608
1406	0.012805560603737831
1407	0.014556333422660828
1408	0.010591419413685799
1409	0.010790904052555561
1410	0.01138900127261877
1411	0.009354478679597378
1412	0.014192958362400532
1413	0.01422183495014906
1414	0.01351130660623312
1415	0.012584532611072063
1416	0.013362662866711617
1417	0.012211508117616177
1418	0.01929822377860546
1419	0.014895780943334103
1420	0.023020759224891663
1421	0.016388578340411186
1422	0.01495161559432745
1423	0.01565203070640564
1424	0.022975627332925797
1425	0.012984094209969044
1426	0.010875897482037544
1427	0.0124825369566679
1428	0.012560917995870113
1429	0.01516467984765768
1430	0.018250329419970512
1431	0.016704153269529343
1432	0.017285052686929703
1433	0.017808835953474045
1434	0.018876923248171806
1435	0.014774945564568043
1436	0.017983241006731987
1437	0.010348955169320107
1438	0.009397722780704498
1439	0.007618038449436426
1440	0.009509890340268612
1441	0.008652718737721443
1442	0.013909593224525452
1443	0.018728425726294518
1444	0.019802628085017204
1445	0.020597338676452637
1446	0.011203748174011707
1447	0.010141072794795036
1448	0.012064223177731037
1449	0.01291224267333746
1450	0.006886993534862995
1451	0.011759735643863678
1452	0.007417523767799139
1453	0.008612276054918766
1454	0.009524831548333168
1455	0.011109056882560253
1456	0.008200088515877724
1457	0.009725241921842098
1458	0.016785016283392906
1459	0.012479345314204693
1460	0.010936099104583263
1461	0.010762753896415234
1462	0.011410261504352093
1463	0.009214884601533413
1464	0.008933533914387226
1465	0.00720973452553153
1466	0.009794875048100948
1467	0.009070495143532753
1468	0.008195904083549976
1469	0.007595260627567768
1470	0.008147112093865871
1471	0.007592440582811832
1472	0.006596707738935947
1473	0.006028945092111826
1474	0.006224448326975107
1475	0.005102704744786024
1476	0.0031143713276833296
1477	0.005550825037062168
1478	0.004785191733390093
1479	0.005184289533644915
1480	0.005417028442025185
1481	0.00447190273553133
1482	0.0040741474367678165
1483	0.004025029484182596
1484	0.00902221817523241
1485	0.0054120454005897045
1486	0.005102650262415409
1487	0.0062463111244142056
1488	0.007280868478119373
1489	0.00959263276308775
1490	0.006948548834770918
1491	0.007632128894329071
1492	0.005651166196912527
1493	0.005049860570579767
1494	0.005111901555210352
1495	0.0035830114502459764
1496	0.003518277546390891
1497	0.0033989667426794767
1498	0.004085059743374586
1499	0.004556218162178993
1500	0.0069495984353125095
1501	0.013580351136624813
1502	0.008154350332915783
1503	0.007398137357085943
1504	0.006984536536037922
1505	0.007073588669300079
1506	0.007258865516632795
1507	0.014784395694732666
1508	0.016641004011034966
1509	0.045620545744895935
1510	0.039837416261434555
1511	0.08091534674167633
1512	0.03580855950713158
1513	0.06641221046447754
1514	0.055284351110458374
1515	0.02172004245221615
1516	0.016156619414687157
1517	0.008297028951346874
1518	0.00846582930535078
1519	0.007296230178326368
1520	0.010712533257901669
1521	0.02602127194404602
1522	0.011788598261773586
1523	0.01821397803723812
1524	0.04343918710947037
1525	0.03866562247276306
1526	0.033485084772109985
1527	0.04740065708756447
1528	0.11668896675109863
1529	0.10507501661777496
1530	0.05529630929231644
1531	0.14951665699481964
1532	0.0808403417468071
1533	0.058697786182165146
1534	0.10333194583654404
1535	0.11345107853412628
1536	0.07180513441562653
1537	0.11368334293365479
1538	0.1420377492904663
1539	0.2237231731414795
1540	0.29093417525291443
1541	0.33609771728515625
1542	0.16539998352527618
1543	0.4763738811016083
1544	0.31404349207878113
1545	0.4368019700050354
1546	0.33884570002555847
1547	0.2897566854953766
1548	0.24401497840881348
1549	0.2392110824584961
1550	0.21141396462917328
1551	0.2528819441795349
1552	0.12518665194511414
1553	0.32165130972862244
1554	0.3616572916507721
1555	0.4029836654663086
1556	0.3571110665798187
1557	0.3629097640514374
1558	0.5007357001304626
1559	0.7110212445259094
1560	0.8194079399108887
1561	0.7594011425971985
1562	0.8152289390563965
1563	0.7860753536224365
1564	0.8419172167778015
1565	0.7425757646560669
1566	0.8425074815750122
1567	0.7775189280509949
1568	0.6743083596229553
1569	0.6414181590080261
1570	0.5322505831718445
1571	0.6778307557106018
1572	0.6106945872306824
1573	0.682428777217865
1574	0.6284138560295105
1575	0.6815372109413147
1576	0.5822166800498962
1577	0.6390790939331055
1578	0.7293817400932312
1579	0.7423656582832336
1580	0.5635102987289429
1581	0.8077021837234497
1582	0.6169772148132324
1583	0.6463331580162048
1584	0.5442604422569275
1585	0.5555006861686707
1586	0.6031004786491394
1587	0.5022401213645935
1588	0.6053487062454224
1589	0.48207733035087585
1590	0.281240850687027
1591	0.16331277787685394
1592	0.246247336268425
1593	0.29746946692466736
1594	0.2357383817434311
1595	0.2660559117794037
1596	0.2944953441619873
1597	0.32865962386131287
1598	0.388235867023468
1599	0.3681029975414276
1600	0.2835085093975067
1601	0.37225422263145447
1602	0.48337316513061523
1603	0.5352690815925598
1604	0.4544229507446289
1605	0.5522719621658325
1606	0.5581179857254028
1607	0.5865862369537354
1608	0.6240360140800476
1609	0.530277669429779
1610	0.5678141117095947
1611	0.4501528739929199
1612	0.43496695160865784
1613	0.3753058612346649
1614	0.3356352150440216
1615	0.3158305585384369
1616	0.3010193109512329
1617	0.3476811945438385
1618	0.2713543772697449
1619	0.14153341948986053
1620	0.37593841552734375
1621	0.28102681040763855
1622	0.5528978705406189
1623	0.5860662460327148
1624	0.627842366695404
1625	0.02239513024687767
1626	0.012574880383908749
1627	0.009828576818108559
1628	0.014225165359675884
1629	0.010914218612015247
1630	0.008392705582082272
1631	0.010056323371827602
1632	0.013941876590251923
1633	0.019756508991122246
1634	0.01412686426192522
1635	0.014526552520692348
1636	0.018642401322722435
1637	0.019991308450698853
1638	0.016993241384625435
1639	0.01604551635682583
1640	0.014530244283378124
1641	0.011184005998075008
1642	0.011522849090397358
1643	0.022474465891718864
1644	0.01857919432222843
1645	0.012857203371822834
1646	0.020146548748016357
1647	0.02007625252008438
1648	0.017346573993563652
1649	0.026990456506609917
1650	0.017350465059280396
1651	0.02061346545815468
1652	0.022436216473579407
1653	0.022544434294104576
1654	0.020912839099764824
1655	0.01359819807112217
1656	0.011620163917541504
1657	0.011011820286512375
1658	0.011337059549987316
1659	0.012753392569720745
1660	0.013099721632897854
1661	0.015295306220650673
1662	0.01112988032400608
1663	0.011698535643517971
1664	0.01403727289289236
1665	0.008365067653357983
1666	0.010786398313939571
1667	0.009627396240830421
1668	0.009437489323318005
1669	0.00961314793676138
1670	0.009625578299164772
1671	0.0068409377709031105
1672	0.00817052461206913
1673	0.009627766907215118
1674	0.008249529637396336
1675	0.007448836695402861
1676	0.007279210723936558
1677	0.005796424578875303
1678	0.007383141200989485
1679	0.009244452230632305
1680	0.009054849855601788
1681	0.006572358310222626
1682	0.007210052106529474
1683	0.007909849286079407
1684	0.006142184138298035
1685	0.006626614835113287
1686	0.006732392590492964
1687	0.0061723911203444
1688	0.007651850581169128
1689	0.006257680244743824
1690	0.005820504855364561
1691	0.007786048110574484
1692	0.005843846593052149
1693	0.005952868144959211
1694	0.006600771099328995
1695	0.007068846374750137
1696	0.005922500044107437
1697	0.006419729441404343
1698	0.007072995882481337
1699	0.009420118294656277
1700	0.007095483597368002
1701	0.011804251000285149
1702	0.0422501377761364
1703	0.07137888669967651
1704	0.1708044558763504
1705	0.15394067764282227
1706	0.1392606794834137
1707	0.05995378643274307
1708	0.14498695731163025
1709	0.24729759991168976
1710	0.2548399269580841
1711	0.18993572890758514
1712	0.040296610444784164
1713	0.019605189561843872
1714	0.012781590223312378
1715	0.01166981365531683
1716	0.01915082335472107
1717	0.11710243672132492
1718	0.023372236639261246
1719	0.0648391991853714
1720	0.02916431985795498
1721	0.020099803805351257
1722	0.028258172795176506
1723	0.03502114489674568
1724	0.08542699366807938
1725	0.2015826255083084
1726	0.14103291928768158
1727	0.47532567381858826
1728	0.537253201007843
1729	0.6825506091117859
1730	0.8177011609077454
1731	0.7873329520225525
1732	0.8348402380943298
1733	0.6602570414543152
1734	0.7062802314758301
1735	0.8438596725463867
1736	0.9301326870918274
1737	0.8762912750244141
1738	0.8282986879348755
1739	0.7193391919136047
1740	0.7844792008399963
1741	0.9300315976142883
1742	0.9393758773803711
1743	0.9515653848648071
1744	0.9656543135643005
1745	0.897351861000061
1746	0.9259994626045227
1747	0.9580726623535156
1748	0.9756016135215759
1749	0.9390224814414978
1750	0.9483456015586853
1751	0.9050950407981873
1752	0.8832937479019165
1753	0.9621767401695251
1754	0.942304253578186
1755	0.9386272430419922
1756	0.8828417062759399
1757	0.9623514413833618
1758	0.9663759469985962
1759	0.9285313487052917
1760	0.7529404163360596
1761	0.8876131176948547
1762	0.8872286081314087
1763	0.7856111526489258
1764	0.9539300799369812
1765	0.9429427981376648
1766	0.9362579584121704
1767	0.9432157874107361
1768	0.9243535995483398
1769	0.9798606038093567
1770	0.962567150592804
1771	0.9245905876159668
1772	0.9367902874946594
1773	0.9204452633857727
1774	0.962066113948822
1775	0.9529432654380798
1776	0.9681788682937622
1777	0.9811826944351196
1778	0.9815458655357361
1779	0.972935140132904
1780	0.9775701761245728
1781	0.9750242233276367
1782	0.9525102972984314
1783	0.9795677065849304
1784	0.9881511926651001
1785	0.9769878387451172
1786	0.9763826727867126
1787	0.9323759078979492
1788	0.981519877910614
1789	0.9566366076469421
1790	0.978269100189209
1791	0.9268754124641418
1792	0.6731853485107422
1793	0.039895977824926376
1794	0.011350998654961586
1795	0.010475554503500462
1796	0.010571509599685669
1797	0.006791223771870136
1798	0.007461370434612036
1799	0.009486695751547813
1800	0.008796039037406445
1801	0.007078506983816624
1802	0.007387276738882065
1803	0.015153641812503338
1804	0.015637746080756187
1805	0.012929404154419899
1806	0.0063735428266227245
1807	0.0135143818333745
1808	0.008609527722001076
1809	0.007513042539358139
1810	0.006286120507866144
1811	0.008164183236658573
1812	0.009058182127773762
1813	0.011486935429275036
1814	0.016247188672423363
1815	0.013860992155969143
1816	0.02711241878569126
1817	0.02825118973851204
1818	0.029346024617552757
1819	0.021925833076238632
1820	0.019868982955813408
1821	0.011968100443482399
1822	0.0179071556776762
1823	0.016605103388428688
1824	0.012235447764396667
1825	0.014494168572127819
1826	0.01430615782737732
1827	0.012579127214848995
1828	0.010239521972835064
1829	0.012219722382724285
1830	0.010221642442047596
1831	0.017567414790391922
1832	0.013986221514642239
1833	0.01645621471107006
1834	0.01458566915243864
1835	0.013496634550392628
1836	0.014577365480363369
1837	0.010310775600373745
1838	0.013426396064460278
1839	0.013726104982197285
1840	0.012622314505279064
1841	0.01045506726950407
1842	0.011458431370556355
1843	0.009735510684549809
1844	0.00579892098903656
1845	0.009803228080272675
1846	0.011617500334978104
1847	0.007994377985596657
1848	0.009020691737532616
1849	0.008528266102075577
1850	0.008730340749025345
1851	0.010257713496685028
1852	0.010483168065547943
1853	0.008515520952641964
1854	0.010827879421412945
1855	0.006050615571439266
1856	0.006753935944288969
1857	0.009595150128006935
1858	0.008952516131103039
1859	0.009367059916257858
1860	0.010995633900165558
1861	0.013077561743557453
1862	0.010098401457071304
1863	0.011367125436663628
1864	0.011550587601959705
1865	0.014008551836013794
1866	0.012183504179120064
1867	0.008542840369045734
1868	0.009770969860255718
1869	0.010198410600423813
1870	0.01645462028682232
1871	0.009856849908828735
1872	0.016040274873375893
1873	0.0179610438644886
1874	0.017698435112833977
1875	0.019221683964133263
1876	0.014546043239533901
1877	0.013893760740756989
1878	0.011443396098911762
1879	0.0061893523670732975
1880	0.012523460201919079
1881	0.014892387203872204
1882	0.011044057086110115
1883	0.014518662355840206
1884	0.016189485788345337
1885	0.016575796529650688
1886	0.017814913764595985
1887	0.021232325583696365
1888	0.02192823961377144
1889	0.014526200480759144
1890	0.00894079077988863
1891	0.00592760881409049
1892	0.010909785516560078
1893	0.01572629250586033
1894	0.021470528095960617
1895	0.030601123347878456
1896	0.013501206412911415
1897	0.00922114122658968
1898	0.006247184704989195
1899	0.00802146177738905
1900	0.006697534117847681
1901	0.011410164646804333
1902	0.009394312277436256
1903	0.009486624971032143
1904	0.009691063314676285
1905	0.0061932713724672794
1906	0.007386020850390196
1907	0.006268407683819532
1908	0.007516083307564259
1909	0.005287304520606995
1910	0.0051980759017169476
1911	0.005053788423538208
1912	0.005460682325065136
1913	0.004536227323114872
1914	0.004931217525154352
1915	0.007321209646761417
1916	0.005044411867856979
1917	0.004856528248637915
1918	0.005286290775984526
1919	0.005505604203790426
1920	0.005009170155972242
1921	0.00651831179857254
1922	0.005575552582740784
1923	0.006385256536304951
1924	0.0061614736914634705
1925	0.006298623979091644
1926	0.004285899456590414
1927	0.0077628642320632935
1928	0.009902441874146461
1929	0.010294119827449322
1930	0.010497643612325191
1931	0.007977064698934555
1932	0.009600328281521797
1933	0.007207709830254316
1934	0.005723743233829737
1935	0.006652574520558119
1936	0.007473618723452091
1937	0.007173268590122461
1938	0.006801120936870575
1939	0.008422755636274815
1940	0.006862221751362085
1941	0.005915054120123386
1942	0.004715693183243275
1943	0.00479017524048686
1944	0.005144667811691761
1945	0.004488506820052862
1946	0.0039868890307843685
1947	0.003683231072500348
1948	0.004005568567663431
1949	0.004083132836967707
1950	0.004498203285038471
1951	0.004195276647806168
1952	0.004252523183822632
1953	0.003418632550165057
1954	0.005266842897981405
1955	0.003976106643676758
1956	0.003895722795277834
1957	0.00396371865645051
1958	0.003952310420572758
1959	0.0036157798022031784
1960	0.0049109323881566525
1961	0.005547010339796543
1962	0.005535210948437452
1963	0.0075915479101240635
1964	0.005540043581277132
1965	0.008478141389787197
1966	0.008073127828538418
1967	0.009445025585591793
1968	0.01631682552397251
1969	0.02510262094438076
1970	0.046582113951444626
1971	0.03579796105623245
1972	0.09125827252864838
1973	0.16457411646842957
1974	0.14500011503696442
1975	0.20684733986854553
1976	0.3374190926551819
1977	0.45659565925598145
1978	0.544291079044342
1979	0.5594753623008728
1980	0.505030632019043
1981	0.4968445301055908
1982	0.6299404501914978
1983	0.38685688376426697
1984	0.10682597011327744
1985	0.2842485010623932
1986	0.20228679478168488
1987	0.10156065225601196
1988	0.24336905777454376
1989	0.11184491962194443
1990	0.10162019729614258
1991	0.030480140820145607
1992	0.028988277539610863
1993	0.023756181821227074
1994	0.05044717714190483
1995	0.44905874133110046
1996	0.8582618832588196
1997	0.6848315596580505
1998	0.8558761477470398
1999	0.9413248300552368
2000	0.9582706689834595
2001	0.927823543548584
2002	0.966169536113739
2003	0.978831946849823
2004	0.976675808429718
2005	0.9628086090087891
2006	0.9896238446235657
2007	0.9931942224502563
2008	0.9733066558837891
2009	0.9888140559196472
2010	0.9777011275291443
2011	0.9860016703605652
2012	0.9870220422744751
2013	0.9738107919692993
2014	0.9570711255073547
2015	0.977772057056427
2016	0.9806436896324158
2017	0.9659452438354492
2018	0.9734302759170532
2019	0.9376447796821594
2020	0.9892775416374207
2021	0.9222564697265625
2022	0.9037599563598633
2023	0.9629535675048828
2024	0.964896023273468
2025	0.9705459475517273
2026	0.9844512343406677
2027	0.9822788238525391
2028	0.9897456169128418
2029	0.8693994879722595
2030	0.9747354388237
2031	0.8682907223701477
2032	0.9553297162055969
2033	0.9732416272163391
2034	0.9811604619026184
2035	0.9721166491508484
2036	0.9785629510879517
2037	0.9532896280288696
2038	0.9898796081542969
2039	0.9848112463951111
2040	0.938113808631897
2041	0.8316578269004822
2042	0.8943507075309753
2043	0.5625928044319153
2044	0.6220259070396423
2045	0.5059370398521423
2046	0.5682767033576965
2047	0.2318558245897293
2048	0.051715750247240067
2049	0.05863114818930626
2050	0.04151413217186928
2051	0.043633490800857544
2052	0.03066563606262207
2053	0.030096102505922318
2054	0.024863341823220253
2055	0.013730931095778942
2056	0.013736139051616192
2057	0.013546629808843136
2058	0.013305822387337685
2059	0.011680570431053638
2060	0.013069218955934048
2061	0.014657216146588326
2062	0.02748924493789673
2063	0.015935856848955154
2064	0.015047756023705006
2065	0.020144009962677956
2066	0.018584223464131355
2067	0.03301778435707092
2068	0.014014902524650097
2069	0.00942743755877018
2070	0.017092259600758553
2071	0.008525596931576729
2072	0.008648902177810669
2073	0.015149026177823544
2074	0.008314619772136211
2075	0.009592060931026936
2076	0.01350476499646902
2077	0.016764488071203232
2078	0.016170471906661987
2079	0.017778804525732994
2080	0.018226714804768562
2081	0.013772937469184399
2082	0.013194608502089977
2083	0.014403863810002804
2084	0.00949404388666153
2085	0.008757236413657665
2086	0.00592298386618495
2087	0.008212174288928509
2088	0.008335359394550323
2089	0.0072656008414924145
2090	0.006514981389045715
2091	0.00912663247436285
2092	0.009665119461715221
2093	0.009115598164498806
2094	0.01164973434060812
2095	0.008163227699697018
2096	0.007316955830901861
2097	0.006704762112349272
2098	0.006139135919511318
2099	0.007031112909317017
2100	0.006321182940155268
2101	0.007049936801195145
2102	0.006149456836283207
2103	0.006818744819611311
2104	0.0052680387161672115
2105	0.005637760739773512
2106	0.006809604819864035
2107	0.0035872310400009155
2108	0.004078276455402374
2109	0.004421922843903303
2110	0.0066144815646111965
2111	0.004392131697386503
2112	0.003944621421396732
2113	0.004844001028686762
2114	0.003986727446317673
2115	0.004678754601627588
2116	0.00536230206489563
2117	0.004915834404528141
2118	0.004325518850237131
2119	0.006545919459313154
2120	0.006303286645561457
2121	0.00584442401304841
2122	0.005110647063702345
2123	0.006321761291474104
2124	0.005551849026232958
2125	0.005851442459970713
2126	0.005571900401264429
2127	0.0036437411326915026
2128	0.004358354955911636
2129	0.003711138619109988
2130	0.0037599217612296343
2131	0.00316108507104218
2132	0.0029964742716401815
2133	0.003004062455147505
2134	0.0035973244812339544
2135	0.003799767466261983
2136	0.004187074489891529
2137	0.005208571907132864
2138	0.005588002037256956
2139	0.005151677411049604
2140	0.0034997467882931232
2141	0.003745701164007187
2142	0.0035226827021688223
2143	0.003538076300173998
2144	0.0033723104279488325
2145	0.004890271928161383
2146	0.006244202144443989
2147	0.010441374965012074
2148	0.008509634993970394
2149	0.00792535301297903
2150	0.007293791975826025
2151	0.008242222480475903
2152	0.007541838567703962
2153	0.006619201507419348
2154	0.006241701543331146
2155	0.005632133688777685
2156	0.006634128745645285
2157	0.00588290486484766
2158	0.006172742694616318
2159	0.005456873681396246
2160	0.005281181540340185
2161	0.005987299140542746
2162	0.009517241269350052
2163	0.007110857404768467
2164	0.0054188258945941925
2165	0.005465546157211065
2166	0.0067711323499679565
2167	0.006186892278492451
2168	0.006093473173677921
2169	0.0080494349822402
2170	0.006828919984400272
2171	0.006378652062267065
2172	0.006894384510815144
2173	0.007121111731976271
2174	0.006220625713467598
2175	0.005469704512506723
2176	0.004856388550251722
2177	0.0034798637498170137
2178	0.0037372678052634
2179	0.0035859334748238325
2180	0.002770231803879142
2181	0.0030132762622088194
2182	0.0035715827252715826
2183	0.005880596116185188
2184	0.004835972096771002
2185	0.00498625636100769
2186	0.006498978938907385
2187	0.00847647525370121
2188	0.009123566560447216
2189	0.012690368108451366
2190	0.013484840281307697
2191	0.008342809043824673
2192	0.010886053554713726
2193	0.01112078595906496
2194	0.008976268582046032
2195	0.008222396485507488
2196	0.008351895026862621
2197	0.011288253590464592
2198	0.008195777423679829
2199	0.023255888372659683
2200	0.048233676701784134
2201	0.07427038252353668
2202	0.26845207810401917
2203	0.25275346636772156
2204	0.4347589612007141
2205	0.6328622102737427
2206	0.7566041350364685
2207	0.6708053350448608
2208	0.8069502115249634
2209	0.8971738815307617
2210	0.8857173323631287
2211	0.9260034561157227
2212	0.938815712928772
2213	0.9589935541152954
2214	0.9688378572463989
2215	0.9651266932487488
2216	0.9472007751464844
2217	0.8457077145576477
2218	0.8332069516181946
2219	0.8449188470840454
2220	0.9375619888305664
2221	0.9312343597412109
2222	0.6868880391120911
2223	0.7527452707290649
2224	0.5286016464233398
2225	0.6018350720405579
2226	0.49888378381729126
2227	0.7525820136070251
2228	0.3864302933216095
2229	0.5211082696914673
2230	0.3624490201473236
2231	0.3362765312194824
2232	0.08729147911071777
2233	0.10407605022192001
2234	0.17472265660762787
2235	0.34537550806999207
2236	0.4594440460205078
2237	0.5408555269241333
2238	0.7139309048652649
2239	0.6886023879051208
2240	0.5887666940689087
2241	0.43866926431655884
2242	0.6666597723960876
2243	0.9345661997795105
2244	0.9823839068412781
2245	0.9838476181030273
2246	0.9662407040596008
2247	0.981540322303772
2248	0.9763456583023071
2249	0.9859411120414734
2250	0.9739032983779907
2251	0.974172055721283
2252	0.9818715453147888
2253	0.9748720526695251
2254	0.983986496925354
2255	0.9369478225708008
2256	0.9538787007331848
2257	0.8883829116821289
2258	0.6681555509567261
2259	0.16238141059875488
2260	0.07039431482553482
2261	0.008338388986885548
2262	0.01365082897245884
2263	0.009445610456168652
2264	0.011714105494320393
2265	0.008686603046953678
2266	0.01643901690840721
2267	0.014519626274704933
2268	0.014332449994981289
2269	0.01731843315064907
2270	0.01718817465007305
2271	0.019576333463191986
2272	0.022483564913272858
2273	0.009826329536736012
2274	0.00909130647778511
2275	0.012031099759042263
2276	0.02079898864030838
2277	0.012221045792102814
2278	0.010187527164816856
2279	0.013124612160027027
2280	0.01461594458669424
2281	0.01702561043202877
2282	0.020606879144906998
2283	0.01570163108408451
2284	0.013626587577164173
2285	0.015008742921054363
2286	0.015022322535514832
2287	0.012739232741296291
2288	0.013601521961390972
2289	0.011040914803743362
2290	0.010946670547127724
2291	0.011702128686010838
2292	0.011523081921041012
2293	0.015922047197818756
2294	0.014717263169586658
2295	0.01673981547355652
2296	0.01828061044216156
2297	0.02007288672029972
2298	0.025522900745272636
2299	0.03291628137230873
2300	0.01820210926234722
2301	0.023105716332793236
2302	0.0233641117811203
2303	0.020871330052614212
2304	0.02284260466694832
2305	0.01823735050857067
2306	0.02126510813832283
2307	0.022249283269047737
2308	0.016064433380961418
2309	0.01827259175479412
2310	0.01944645680487156
2311	0.02141418121755123
2312	0.02203117497265339
2313	0.024961870163679123
2314	0.021638548001646996
2315	0.034326713532209396
2316	0.029109423980116844
2317	0.03667568042874336
2318	0.028972601518034935
2319	0.04759649559855461
2320	0.056512076407670975
2321	0.043160684406757355
2322	0.034551698714494705
2323	0.023569652810692787
2324	0.017066678032279015
2325	0.013955704867839813
2326	0.014908394776284695
2327	0.014556074514985085
2328	0.011565571650862694
2329	0.01327355857938528
2330	0.011020231060683727
2331	0.009275145828723907
2332	0.012509060092270374
2333	0.013346860185265541
2334	0.016235630959272385
2335	0.011568906717002392
2336	0.016410278156399727
2337	0.010509840212762356
2338	0.011616884730756283
2339	0.014169019646942616
2340	0.018053336068987846
2341	0.012407748028635979
2342	0.012952088378369808
2343	0.014272741042077541
2344	0.01724213920533657
2345	0.013148034922778606
2346	0.014942049980163574
2347	0.01839122548699379
2348	0.01686043106019497
2349	0.007873191498219967
2350	0.006329343654215336
2351	0.006547413766384125
2352	0.009346452541649342
2353	0.007513839285820723
2354	0.006711787078529596
2355	0.00812925398349762
2356	0.016116498038172722
2357	0.01621512696146965
2358	0.020719919353723526
2359	0.01809760183095932
2360	0.013275849632918835
2361	0.009754982776939869
2362	0.010294908657670021
2363	0.007513515185564756
2364	0.009660950861871243
2365	0.008902116678655148
2366	0.008625547401607037
2367	0.007668338716030121
2368	0.006594963371753693
2369	0.006168670952320099
2370	0.006412966642528772
2371	0.007814429700374603
2372	0.008673588745296001
2373	0.008719039149582386
2374	0.006643553730100393
2375	0.007131548132747412
2376	0.00843829195946455
2377	0.00695555517449975
2378	0.006605780217796564
2379	0.006679450161755085
2380	0.009606963954865932
2381	0.007728517055511475
2382	0.0071569341234862804
2383	0.0072660790756344795
2384	0.007217384874820709
2385	0.00805997010320425
2386	0.009389110840857029
2387	0.008831951767206192
2388	0.009087174199521542
2389	0.007517895195633173
2390	0.006786208599805832
2391	0.009944820776581764
2392	0.007621328812092543
2393	0.005880773067474365
2394	0.008182833902537823
2395	0.006075868848711252
2396	0.007653083652257919
2397	0.01075135450810194
2398	0.009750579483807087
2399	0.011720887385308743
2400	0.013958031311631203
2401	0.008626486174762249
2402	0.006404063198715448
2403	0.0076414006762206554
2404	0.005506990011781454
2405	0.00438291160389781
2406	0.012786236591637135
2407	0.012428466230630875
2408	0.01876487396657467
2409	0.05763120576739311
2410	0.014142783358693123
2411	0.010210691951215267
2412	0.026602108031511307
2413	0.015727465972304344
2414	0.030650675296783447
2415	0.007299763150513172
2416	0.009986423887312412
2417	0.010950225405395031
2418	0.008541539311408997
2419	0.007216204889118671
2420	0.003869479987770319
2421	0.004352950025349855
2422	0.008074997924268246
2423	0.00681315828114748
2424	0.008579850196838379
2425	0.004105424042791128
2426	0.0055090440437197685
2427	0.008749469183385372
2428	0.004320955369621515
2429	0.0038173242937773466
2430	0.006125564221292734
2431	0.012410759925842285
2432	0.0075267041102051735
2433	0.008133496157824993
2434	0.01151378732174635
2435	0.009069028310477734
2436	0.007594224996864796
2437	0.009371086955070496
2438	0.007178617175668478
2439	0.005667961668223143
2440	0.007568039000034332
2441	0.006787317339330912
2442	0.0072616226971149445
2443	0.008357119746506214
2444	0.008732079528272152
2445	0.015633968636393547
2446	0.027053846046328545
2447	0.012274915352463722
2448	0.013043251819908619
2449	0.01241090428084135
2450	0.014387878589332104
2451	0.027816373854875565
2452	0.02289756014943123
2453	0.009990975260734558
2454	0.006798907648772001
2455	0.007129556033760309
2456	0.006786262150853872
2457	0.005086924415081739
2458	0.006507683079689741
2459	0.006845094263553619
2460	0.005340366158634424
2461	0.007461442146450281
2462	0.009967239573597908
2463	0.009030979126691818
2464	0.007413911167532206
2465	0.00807959120720625
2466	0.005923571530729532
2467	0.007376291789114475
2468	0.006981995888054371
2469	0.006380059756338596
2470	0.007192612625658512
2471	0.008454812690615654
2472	0.007681515999138355
2473	0.007783723063766956
2474	0.005165437236428261
2475	0.004914859309792519
2476	0.005887937732040882
2477	0.005461415275931358
2478	0.005594335962086916
2479	0.005385742522776127
2480	0.004935367498546839
2481	0.004937203135341406
2482	0.0053860158659517765
2483	0.007570937275886536
2484	0.007669337093830109
2485	0.0071520195342600346
2486	0.007149603217840195
2487	0.00848980713635683
2488	0.006015603896230459
2489	0.00968907494097948
2490	0.008363894186913967
2491	0.008617858402431011
2492	0.011062041856348515
2493	0.0075425985269248486
2494	0.007795613259077072
2495	0.007333535235375166
2496	0.00868555624037981
2497	0.008781305514276028
2498	0.004458240233361721
2499	0.0043909261003136635
2500	0.0035667207557708025
2501	0.005565197207033634
2502	0.004593872465193272
2503	0.003947227727621794
2504	0.0037948214448988438
2505	0.003898564726114273
2506	0.003521180944517255
2507	0.002886181464418769
2508	0.0032576420344412327
2509	0.005179569125175476
2510	0.005416943226009607
2511	0.007892942987382412
2512	0.008045491762459278
2513	0.0056539359502494335
2514	0.005253184586763382
2515	0.0062471479177474976
2516	0.006281986832618713
2517	0.005546501837670803
2518	0.006271437741816044
2519	0.006058999802917242
2520	0.005637906026095152
2521	0.004043478053063154
2522	0.0050645009614527225
2523	0.0061685568653047085
2524	0.0037519645411521196
2525	0.004206113517284393
2526	0.004507366102188826
2527	0.004628933500498533
2528	0.003512484719976783
2529	0.0038000482600182295
2530	0.003265140578150749
2531	0.0040756636299192905
2532	0.004155992064625025
2533	0.0043176161125302315
2534	0.0035387855023145676
2535	0.0037785854656249285
2536	0.0030913036316633224
2537	0.003215289209038019
2538	0.003468146314844489
2539	0.0035802521742880344
2540	0.0030421109404414892
2541	0.0029273468535393476
2542	0.004486082587391138
2543	0.003975360654294491
2544	0.004434770438820124
2545	0.0035613670479506254
2546	0.00473066046833992
2547	0.0035944317933171988
2548	0.004613123368471861
2549	0.004008270334452391
2550	0.004068076144903898
2551	0.0033686277456581593
2552	0.0041368380188941956
2553	0.004893014673143625
2554	0.005602345801889896
2555	0.008446051739156246
2556	0.010289490222930908
2557	0.04875883460044861
2558	0.015532391145825386
2559	0.022275051102042198
2560	0.007001935970038176
2561	0.02155410684645176
2562	0.10819678753614426
2563	0.10069546848535538
2564	0.14485280215740204
2565	0.22813358902931213
2566	0.06702535599470139
2567	0.16882546246051788
2568	0.33008435368537903
2569	0.11635061353445053
2570	0.07564133405685425
2571	0.08584099262952805
2572	0.07245677709579468
2573	0.08176103979349136
2574	0.022157136350870132
2575	0.016380436718463898
2576	0.015785863623023033
2577	0.020245041698217392
2578	0.015898322686553
2579	0.0295110996812582
2580	0.014416942372918129
2581	0.024099072441458702
2582	0.01313280314207077
2583	0.011541128158569336
2584	0.009502008557319641
2585	0.012392162345349789
2586	0.011199628002941608
2587	0.010221929289400578
2588	0.010451741516590118
2589	0.011733919382095337
2590	0.011821011081337929
2591	0.011081675998866558
2592	0.015994179993867874
2593	0.012018758803606033
2594	0.021619638428092003
2595	0.04886246472597122
2596	0.019629595801234245
2597	0.04843820258975029
2598	0.03966773301362991
2599	0.04361427202820778
2600	0.033386874943971634
2601	0.03184366226196289
2602	0.028676701709628105
2603	0.024633269757032394
2604	0.02121879532933235
2605	0.015826748684048653
2606	0.016148243099451065
2607	0.021995624527335167
2608	0.02152445912361145
2609	0.019681252539157867
2610	0.018883628770709038
2611	0.01991993747651577
2612	0.020851172506809235
2613	0.013887743465602398
2614	0.01751752570271492
2615	0.0164469126611948
2616	0.018047532066702843
2617	0.015876857563853264
2618	0.02020414173603058
2619	0.0177310761064291
2620	0.021895697340369225
2621	0.028578251600265503
2622	0.029674271121621132
2623	0.033407893031835556
2624	0.06185173988342285
2625	0.06220691278576851
2626	0.15087059140205383
2627	0.21707020699977875
2628	0.347283273935318
2629	0.5070662498474121
2630	0.3983210623264313
2631	0.4936950206756592
2632	0.24589399993419647
2633	0.21081876754760742
2634	0.36930933594703674
2635	0.44998475909233093
2636	0.58536297082901
2637	0.5392541289329529
2638	0.7724393606185913
2639	0.7310896515846252
2640	0.7883610129356384
2641	0.6496832966804504
2642	0.9440971612930298
2643	0.9092273712158203
2644	0.7793557047843933
2645	0.22131462395191193
2646	0.1813497245311737
2647	0.5042701363563538
2648	0.6212698817253113
2649	0.8855876922607422
2650	0.9492875933647156
2651	0.9711057543754578
2652	0.9574995040893555
2653	0.9820472002029419
2654	0.9859471321105957
2655	0.9766843914985657
2656	0.980146586894989
2657	0.9835087656974792
2658	0.9863972067832947
2659	0.9906320571899414
2660	0.9817967414855957
2661	0.9861168265342712
2662	0.9770696759223938
2663	0.9885062575340271
2664	0.9519476294517517
2665	0.9636726379394531
2666	0.8699244856834412
2667	0.47265705466270447
2668	0.5767704844474792
2669	0.05447272211313248
2670	0.02097163163125515
2671	0.015399566851556301
2672	0.01629609242081642
2673	0.019204992800951004
2674	0.01828271709382534
2675	0.02178383618593216
2676	0.025030655786395073
2677	0.02510455623269081
2678	0.01879599690437317
2679	0.024969536811113358
2680	0.01865837536752224
2681	0.016351662576198578
2682	0.01495779026299715
2683	0.018643656745553017
2684	0.01810409501194954
2685	0.018330445513129234
2686	0.023677730932831764
2687	0.01938652992248535
2688	0.04689783975481987
2689	0.021136583760380745
2690	0.031541403383016586
2691	0.04616798087954521
2692	0.0537860207259655
2693	0.061438679695129395
2694	0.06352372467517853
2695	0.04565252736210823
2696	0.18255360424518585
2697	0.2810981273651123
2698	0.23396693170070648
2699	0.10732456296682358
2700	0.1254725158214569
2701	0.15904591977596283
2702	0.34361299872398376
2703	0.4093458354473114
2704	0.4234146177768707
2705	0.2546975612640381
2706	0.3147853910923004
2707	0.23850850760936737
2708	0.42168617248535156
2709	0.2842163145542145
2710	0.25143811106681824
2711	0.24859915673732758
2712	0.034417908638715744
2713	0.023471279069781303
2714	0.025255540385842323
2715	0.02703339420258999
2716	0.02727421559393406
2717	0.034160882234573364
2718	0.043416235595941544
2719	0.06726258993148804
2720	0.07105839252471924
2721	0.09379028528928757
2722	0.19419606029987335
2723	0.2250373214483261
2724	0.3527775704860687
2725	0.18070894479751587
2726	0.4255068004131317
2727	0.564556896686554
2728	0.8506217002868652
2729	0.928106427192688
2730	0.9160332083702087
2731	0.6370962262153625
2732	0.22582411766052246
2733	0.07694607973098755
2734	0.4688265025615692
2735	0.6902421116828918
2736	0.8596515655517578
2737	0.8295437097549438
2738	0.8937448859214783
2739	0.9453043341636658
2740	0.9525106549263
2741	0.9768247008323669
2742	0.9585437774658203
2743	0.9691381454467773
2744	0.9806339144706726
2745	0.9735059142112732
2746	0.9689160585403442
2747	0.963737428188324
2748	0.9644727110862732
2749	0.9379906058311462
2750	0.9273132681846619
2751	0.9290012717247009
2752	0.9199822545051575
2753	0.933809757232666
2754	0.8435962796211243
2755	0.7298694849014282
2756	0.30330562591552734
2757	0.0796823650598526
2758	0.10349588841199875
2759	0.11975832283496857
2760	0.1712229698896408
2761	0.02022515796124935
2762	0.02698618173599243
2763	0.03349405527114868
2764	0.016527723520994186
2765	0.019620835781097412
2766	0.020122727379202843
2767	0.015061560086905956
2768	0.0150578198954463
2769	0.013861983083188534
2770	0.01853514276444912
2771	0.011995602399110794
2772	0.011595535092055798
2773	0.01165864523500204
2774	0.014515886083245277
2775	0.016445914283394814
2776	0.015591993927955627
2777	0.011693964712321758
2778	0.013198661617934704
2779	0.014500250108540058
2780	0.014371873810887337
2781	0.011150247417390347
2782	0.01323411799967289
2783	0.010454060509800911
2784	0.01343042403459549
2785	0.016080129891633987
2786	0.015216085128486156
2787	0.013797828927636147
2788	0.010469074361026287
2789	0.01699805073440075
2790	0.01468824502080679
2791	0.019519245252013206
2792	0.016619374975562096
2793	0.015453442931175232
2794	0.014888857491314411
2795	0.013816249556839466
2796	0.017551414668560028
2797	0.012625574134290218
2798	0.016352588310837746
2799	0.025508953258395195
