frame	prob
0	0.003325599478557706
1	0.0030067425686866045
2	0.004606758709996939
3	0.0033304013777524233
4	0.003325920319184661
5	0.003932032268494368
6	0.0031042254995554686
7	0.003257335862144828
8	0.003945646807551384
9	0.004408097360283136
10	0.002993855159729719
11	0.002918645041063428
12	0.00310905440710485
13	0.00319670676253736
14	0.0031986937392503023
15	0.0033709274139255285
16	0.004252322018146515
17	0.004455425776541233
18	0.004388138186186552
19	0.003470898373052478
20	0.0037304169964045286
21	0.0040604001842439175
22	0.00801030732691288
23	0.013121083378791809
24	0.010796180926263332
25	0.00921377819031477
26	0.012420070357620716
27	0.009418069384992123
28	0.02981063537299633
29	0.009595478884875774
30	0.010294920764863491
31	0.00811209436506033
32	0.0062571982853114605
33	0.00781457219272852
34	0.0125079695135355
35	0.006075352896004915
36	0.007920987904071808
37	0.00829516351222992
38	0.012127574533224106
39	0.03077937476336956
40	0.012114805169403553
41	0.024592244997620583
42	0.018728107213974
43	0.023444829508662224
44	0.022655721753835678
45	0.02179892547428608
46	0.0278590377420187
47	0.09603733569383621
48	0.050456393510103226
49	0.19886822998523712
50	0.6240386366844177
51	0.7804797887802124
52	0.7635430693626404
53	0.7918972373008728
54	0.8217577338218689
55	0.7953667044639587
56	0.5107629895210266
57	0.46412429213523865
58	0.30383968353271484
59	0.35489270091056824
60	0.33623042702674866
61	0.48933765292167664
62	0.3590654730796814
63	0.2443861961364746
64	0.16944174468517303
65	0.3335335850715637
66	0.15228645503520966
67	0.101984404027462
68	0.13200102746486664
69	0.06276154518127441
70	0.23377418518066406
71	0.4108905494213104
72	0.45094314217567444
73	0.6193410754203796
74	0.6521592140197754
75	0.5253884196281433
76	0.2977387011051178
77	0.15061436593532562
78	0.2685661315917969
79	0.20609359443187714
80	0.03740081563591957
81	0.028211532160639763
82	0.014238566160202026
83	0.011636609211564064
84	0.010771220549941063
85	0.014120710082352161
86	0.013191880658268929
87	0.010552388615906239
88	0.011066277511417866
89	0.013545121066272259
90	0.010994546115398407
91	0.0249519981443882
92	0.15130475163459778
93	0.09885070472955704
94	0.12709692120552063
95	0.2828867435455322
96	0.2099289894104004
97	0.046545226126909256
98	0.01599363051354885
99	0.020981326699256897
100	0.02324683777987957
101	0.018163174390792847
102	0.007684988435357809
103	0.010295301675796509
104	0.010380305349826813
105	0.008739209733903408
106	0.009215044789016247
107	0.008149787783622742
108	0.00835340190678835
109	0.007654273416846991
110	0.010245257057249546
111	0.008801721036434174
112	0.011821541003882885
113	0.012502680532634258
114	0.010648686438798904
115	0.01214273925870657
116	0.01619013212621212
117	0.019052986055612564
118	0.013357117772102356
119	0.02316901460289955
120	0.028760064393281937
121	0.02140047214925289
122	0.024081682786345482
123	0.022282948717474937
124	0.020403070375323296
125	0.023759465664625168
126	0.0117855966091156
127	0.0143382353708148
128	0.015017389319837093
129	0.016317609697580338
130	0.013989684171974659
131	0.01596379280090332
132	0.014408285729587078
133	0.018414659425616264
134	0.014191790483891964
135	0.013687483966350555
136	0.010850602760910988
137	0.014845380559563637
138	0.010820052586495876
139	0.011604823172092438
140	0.015444529242813587
141	0.01812572591006756
142	0.015975061804056168
143	0.017641965299844742
144	0.04730720818042755
145	0.023981908336281776
146	0.037421923130750656
147	0.05732272192835808
148	0.03282877430319786
149	0.042419880628585815
150	0.022311948239803314
151	0.015808289870619774
152	0.014235678128898144
153	0.018992483615875244
154	0.013628496788442135
155	0.009022547863423824
156	0.008436393924057484
157	0.010457388125360012
158	0.01245127897709608
159	0.010653790086507797
160	0.009990744292736053
161	0.01055056694895029
162	0.009938265196979046
163	0.008998994715511799
164	0.009889117442071438
165	0.011390523985028267
166	0.008527030237019062
167	0.009352446533739567
168	0.01031874306499958
169	0.011554664932191372
170	0.009343667887151241
171	0.00923831481486559
172	0.009129258804023266
173	0.006178613752126694
174	0.006531742867082357
175	0.008546235971152782
176	0.010829995386302471
177	0.009717120788991451
178	0.004581817425787449
179	0.004971608519554138
180	0.004120353143662214
181	0.004408314824104309
182	0.006062903441488743
183	0.004955788608640432
184	0.005494495388120413
185	0.003991666249930859
186	0.003260120050981641
187	0.003363406751304865
188	0.0031699419487267733
189	0.0024813904892653227
190	0.003009205451235175
191	0.0035182901192456484
192	0.004225550219416618
193	0.0031116646714508533
194	0.003056352725252509
195	0.0031449066009372473
196	0.0030476057436317205
197	0.0031030664686113596
198	0.0038735847920179367
199	0.003524102969095111
200	0.0029558446258306503
201	0.002943027764558792
202	0.004593090619891882
203	0.004465494304895401
204	0.005634740926325321
205	0.010396109893918037
206	0.018881434574723244
207	0.027447203174233437
208	0.011050681583583355
209	0.011033746413886547
210	0.00735339242964983
211	0.009251130744814873
212	0.015582426451146603
213	0.006079664919525385
214	0.008662010543048382
215	0.015308893285691738
216	0.06558670848608017
217	0.24493956565856934
218	0.3377043306827545
219	0.3790223300457001
220	0.46097421646118164
221	0.29431232810020447
222	0.14541931450366974
223	0.127259761095047
224	0.22208116948604584
225	0.2529852092266083
226	0.43325328826904297
227	0.5034503936767578
228	0.4361424446105957
229	0.47196465730667114
230	0.3445400595664978
231	0.6501078605651855
232	0.5209843516349792
233	0.6554873585700989
234	0.695748507976532
235	0.5126859545707703
236	0.16996149718761444
237	0.10370297729969025
238	0.024285349994897842
239	0.011927813291549683
240	0.016624057665467262
241	0.02387736551463604
242	0.09191932529211044
243	0.13301901519298553
244	0.07581280171871185
245	0.17973117530345917
246	0.12027134746313095
247	0.2484527826309204
248	0.26664063334465027
249	0.3684743642807007
250	0.7537107467651367
251	0.7155756950378418
252	0.7822874784469604
253	0.6061722636222839
254	0.6885823011398315
255	0.766368567943573
256	0.45759186148643494
257	0.761681318283081
258	0.5941777229309082
259	0.7364998459815979
260	0.6819637417793274
261	0.7579126954078674
262	0.7706581950187683
263	0.7319633364677429
264	0.6800780296325684
265	0.5142804980278015
266	0.610693097114563
267	0.5097336173057556
268	0.6220611929893494
269	0.6267555356025696
270	0.5830146670341492
271	0.6255316734313965
272	0.5680190324783325
273	0.45186302065849304
274	0.5324375033378601
275	0.4282248020172119
276	0.4888648986816406
277	0.551476240158081
278	0.4963892102241516
279	0.6539950370788574
280	0.5109133124351501
281	0.6371567249298096
282	0.7093721628189087
283	0.5767309069633484
284	0.648804783821106
285	0.6970230937004089
286	0.6625027656555176
287	0.6638302206993103
288	0.615454375743866
289	0.7481274604797363
290	0.7412377595901489
291	0.7901319265365601
292	0.6562539935112
293	0.7763693332672119
294	0.8052763938903809
295	0.7000014185905457
296	0.6384696364402771
297	0.726722240447998
298	0.6895416378974915
299	0.7836747169494629
300	0.6416560411453247
301	0.5824697613716125
302	0.604565441608429
303	0.5065444111824036
304	0.4692859351634979
305	0.38803449273109436
306	0.2658199369907379
307	0.436148464679718
308	0.2429174929857254
309	0.3034924268722534
310	0.21671123802661896
311	0.41021499037742615
312	0.42822399735450745
313	0.4526612460613251
314	0.392960786819458
315	0.47181200981140137
316	0.4580816328525543
317	0.6542203426361084
318	0.6577260494232178
319	0.5900583267211914
320	0.35134419798851013
321	0.012573408894240856
322	0.010488258674740791
323	0.012929963879287243
324	0.01073601096868515
325	0.00915894191712141
326	0.01183230895549059
327	0.013642593286931515
328	0.014134553261101246
329	0.014054941944777966
330	0.011580831371247768
331	0.011983956210315228
332	0.011602683924138546
333	0.04175848513841629
334	0.017979217693209648
335	0.026715297251939774
336	0.017682071775197983
337	0.01842000149190426
338	0.017567602917551994
339	0.031843848526477814
340	0.01957697793841362
341	0.01661590114235878
342	0.02281237207353115
343	0.014166942797601223
344	0.014762003906071186
345	0.013193733058869839
346	0.013800104148685932
347	0.014757883735001087
348	0.01685195043683052
349	0.017757851630449295
350	0.01606193743646145
351	0.01859627105295658
352	0.016475193202495575
353	0.021425334736704826
354	0.018804881721735
355	0.019768139347434044
356	0.016562320291996002
357	0.013993796892464161
358	0.011857094243168831
359	0.014685546047985554
360	0.020972711965441704
361	0.026281112805008888
362	0.02422887086868286
363	0.017826834693551064
364	0.013429844751954079
365	0.012778311967849731
366	0.01123883482068777
367	0.01129673607647419
368	0.011685581877827644
369	0.012570077553391457
370	0.01293213665485382
371	0.01564789190888405
372	0.014960059896111488
373	0.014713242650032043
374	0.01790323294699192
375	0.01736539602279663
376	0.015088895335793495
377	0.0183398574590683
378	0.02061648666858673
379	0.01492804754525423
380	0.009664169512689114
381	0.013250934891402721
382	0.013678277842700481
383	0.014917521737515926
384	0.01610920950770378
385	0.013314778916537762
386	0.011571302078664303
387	0.012331296689808369
388	0.011868497356772423
389	0.013569438830018044
390	0.013002959080040455
391	0.013231140561401844
392	0.010901344008743763
393	0.013352910056710243
394	0.012851300649344921
395	0.018040461465716362
396	0.016386503353714943
397	0.019786616787314415
398	0.013784303329885006
399	0.01427493430674076
400	0.016147581860423088
401	0.0144345136359334
402	0.010085799731314182
403	0.012381480075418949
404	0.012295144610106945
405	0.013986286707222462
406	0.01119417604058981
407	0.013421130366623402
408	0.012924179434776306
409	0.009206474758684635
410	0.006653896998614073
411	0.009279419668018818
412	0.008129836991429329
413	0.007529925089329481
414	0.008415929041802883
415	0.007878405041992664
416	0.008986442349851131
417	0.01079446543008089
418	0.012620381079614162
419	0.009611821733415127
420	0.009807086549699306
421	0.0091197295114398
422	0.007666802499443293
423	0.007871285080909729
424	0.005562199745327234
425	0.009818469174206257
426	0.005742221605032682
427	0.005832729395478964
428	0.005566099658608437
429	0.006396752782166004
430	0.005186696071177721
431	0.00542265921831131
432	0.005685341544449329
433	0.007810392417013645
434	0.0034737081732600927
435	0.003455082420259714
436	0.0058036488480865955
437	0.00443780655041337
438	0.0039923423901200294
439	0.004694792442023754
440	0.0063318246975541115
441	0.007503937464207411
442	0.0057752374559640884
443	0.0060075209476053715
444	0.006559722125530243
445	0.006579720880836248
446	0.00581367826089263
447	0.00706739304587245
448	0.0070670838467776775
449	0.0060994927771389484
450	0.006593558471649885
451	0.00637798011302948
452	0.008630131371319294
453	0.008605151437222958
454	0.007148706819862127
455	0.00754668889567256
456	0.007166437339037657
457	0.008333497680723667
458	0.007101255934685469
459	0.006017661187797785
460	0.006359306164085865
461	0.004927256144583225
462	0.00592002971097827
463	0.006148496177047491
464	0.005681090988218784
465	0.0065756067633628845
466	0.005411827005445957
467	0.00594717264175415
468	0.0062148901633918285
469	0.007091596722602844
470	0.0059802234172821045
471	0.006903916597366333
472	0.006962812040001154
473	0.006360839586704969
474	0.007854267954826355
475	0.007382508367300034
476	0.0064355540089309216
477	0.0068576098419725895
478	0.005992541555315256
479	0.007238635327666998
480	0.008656243793666363
481	0.007291484158486128
482	0.007362936623394489
483	0.007279515266418457
484	0.006757505238056183
485	0.007339215371757746
486	0.0058221155777573586
487	0.007259456906467676
488	0.007397137116640806
489	0.005831852555274963
490	0.008930209092795849
491	0.007697913330048323
492	0.006862386595457792
493	0.00880896020680666
494	0.007104955613613129
495	0.009174518287181854
496	0.007841522805392742
497	0.00753138680011034
498	0.005846127867698669
499	0.0058673168532550335
500	0.00603279285132885
501	0.006238717120140791
502	0.006673302035778761
503	0.006479816045612097
504	0.007834152318537235
505	0.004898713435977697
506	0.004136734642088413
507	0.004495216067880392
508	0.004344561602920294
509	0.004014217760413885
510	0.003354855580255389
511	0.004343056585639715
512	0.004963248502463102
513	0.005426326300948858
514	0.006439166609197855
515	0.006555091589689255
516	0.006411168724298477
517	0.006517104338854551
518	0.006848716642707586
519	0.008121544495224953
520	0.008844438008964062
521	0.007726210635155439
522	0.006697808392345905
523	0.01646585762500763
524	0.013098550029098988
525	0.012279815040528774
526	0.011942707933485508
527	0.010856477543711662
528	0.006011041346937418
529	0.005571973510086536
530	0.004962978418916464
531	0.0058586979284882545
532	0.004960246849805117
533	0.005806111730635166
534	0.005432639736682177
535	0.005226937122642994
536	0.0051028067246079445
537	0.004318797029554844
538	0.005422172136604786
539	0.0049934061244130135
540	0.006448607891798019
541	0.004265485797077417
542	0.0051829335279762745
543	0.0041448636911809444
544	0.004578199703246355
545	0.0040541114285588264
546	0.0032411813735961914
547	0.0030225494410842657
548	0.005934273824095726
549	0.0055092861875891685
550	0.006587902549654245
551	0.007721310947090387
552	0.007183200214058161
553	0.006641377694904804
554	0.005227881483733654
555	0.004849473480135202
556	0.0046753184869885445
557	0.0035295889247208834
558	0.004654187709093094
559	0.004489206243306398
560	0.004454712383449078
561	0.004878921899944544
562	0.005435724277049303
563	0.005985305644571781
564	0.006806664168834686
565	0.005121379625052214
566	0.005293950438499451
567	0.004903172142803669
568	0.005748901050537825
569	0.006857064552605152
570	0.007805994246155024
571	0.00764863658696413
572	0.00644369563087821
573	0.005798775237053633
574	0.004133489914238453
575	0.003817447228357196
576	0.005839418154209852
577	0.0052549042738974094
578	0.0043148077093064785
579	0.0034090429544448853
580	0.003408958436921239
581	0.006319385953247547
582	0.007609687279909849
583	0.008400293067097664
584	0.008595908991992474
585	0.008594742976129055
586	0.006646751891821623
587	0.009189823642373085
588	0.009248576126992702
589	0.008653315715491772
590	0.008529217913746834
591	0.006369706243276596
592	0.004949925933033228
593	0.00748904375359416
594	0.00971674919128418
595	0.006117186043411493
596	0.00639839842915535
597	0.006090505514293909
598	0.004891947843134403
599	0.004611364100128412
600	0.003987612668424845
601	0.0052898237481713295
602	0.003985927905887365
603	0.005513048730790615
604	0.004972903523594141
605	0.004485029261559248
606	0.005146929528564215
607	0.005194769240915775
608	0.004123686347156763
609	0.0044920132495462894
610	0.004305325448513031
611	0.004849025513976812
612	0.0038006191607564688
613	0.004979306366294622
614	0.004853352438658476
615	0.00489870784804225
616	0.003867052961140871
617	0.004274857230484486
618	0.0036276669707149267
619	0.0034524269867688417
620	0.0033176508732140064
621	0.003945305477827787
622	0.004907443653792143
623	0.006871932186186314
624	0.0037325501907616854
625	0.004789160098880529
626	0.005962850991636515
627	0.006578011903911829
628	0.006872331257909536
629	0.007314709015190601
630	0.005510143470019102
631	0.007433235179632902
632	0.006795081775635481
633	0.005205979570746422
634	0.0064627486281096935
635	0.005437943618744612
636	0.006886133458465338
637	0.005638168193399906
638	0.007347013335675001
639	0.005698357243090868
640	0.005137685686349869
641	0.006525610573589802
642	0.006819641683250666
643	0.00757676362991333
644	0.009611038491129875
645	0.014148744754493237
646	0.01909736730158329
647	0.09947069734334946
648	0.13205337524414062
649	0.2604905068874359
650	0.33575567603111267
651	0.33041325211524963
652	0.3100838363170624
653	0.42682233452796936
654	0.4107798635959625
655	0.24234195053577423
656	0.10051615536212921
657	0.2283436805009842
658	0.6185542345046997
659	0.5975049138069153
660	0.8144710659980774
661	0.848972499370575
662	0.8518962264060974
663	0.8904504179954529
664	0.9182578325271606
665	0.9152259826660156
666	0.9244793057441711
667	0.9633651971817017
668	0.9661083221435547
669	0.9753196835517883
670	0.9379963278770447
671	0.9440721869468689
672	0.9579374194145203
673	0.9472187161445618
674	0.9317476153373718
675	0.9462780952453613
676	0.9260221719741821
677	0.945979118347168
678	0.8843044638633728
679	0.91558837890625
680	0.7728162407875061
681	0.7713920474052429
682	0.5517679452896118
683	0.6826130151748657
684	0.4242531359195709
685	0.5240618586540222
686	0.5481573939323425
687	0.69002765417099
688	0.7617027163505554
689	0.91730135679245
690	0.7943114638328552
691	0.8100409507751465
692	0.7684345841407776
693	0.8267292380332947
694	0.8686267733573914
695	0.8359811902046204
696	0.8437181711196899
697	0.7244245409965515
698	0.7186453938484192
699	0.798557698726654
700	0.8065174221992493
701	0.8199043273925781
702	0.575255811214447
703	0.8087318539619446
704	0.7378303408622742
705	0.5741010904312134
706	0.7210528254508972
707	0.7580044865608215
708	0.599252462387085
709	0.6609328389167786
710	0.688163697719574
711	0.7910134196281433
712	0.6428421139717102
713	0.8537434935569763
714	0.791967511177063
715	0.8048856854438782
716	0.7263847589492798
717	0.6013042330741882
718	0.2384067326784134
719	0.014416891150176525
720	0.010753946378827095
721	0.009127195924520493
722	0.010103156790137291
723	0.011275116354227066
724	0.009573645889759064
725	0.009278394281864166
726	0.008333760313689709
727	0.00872941967099905
728	0.006397929973900318
729	0.005242721177637577
730	0.009200661443173885
731	0.008310164324939251
732	0.009509935043752193
733	0.011512676253914833
734	0.01231828611344099
735	0.012855611741542816
736	0.012889744713902473
737	0.005196459591388702
738	0.004623104818165302
739	0.010937051847577095
740	0.005369936116039753
741	0.006640111096203327
742	0.008176836185157299
743	0.006212420295923948
744	0.008511877618730068
745	0.008109512738883495
746	0.011425645090639591
747	0.01612599566578865
748	0.018716886639595032
749	0.033562663942575455
750	0.02518433891236782
751	0.012975937686860561
752	0.014708215370774269
753	0.01046066265553236
754	0.011112126521766186
755	0.011208704672753811
756	0.009520551189780235
757	0.016172414645552635
758	0.01230812631547451
759	0.010282071307301521
760	0.00621483800932765
761	0.008794900961220264
762	0.007513266988098621
763	0.006283515598624945
764	0.009520123712718487
765	0.008602221496403217
766	0.005528924521058798
767	0.010344166308641434
768	0.009000293910503387
769	0.009305368177592754
770	0.018902216106653214
771	0.01181199960410595
772	0.01270441897213459
773	0.009592637419700623
774	0.007695595268160105
775	0.012040414847433567
776	0.006691599730402231
777	0.007184165995568037
778	0.010514430701732635
779	0.010390921495854855
780	0.011366183869540691
781	0.008869555778801441
782	0.00780309084802866
783	0.007946412079036236
784	0.01002786960452795
785	0.008765019476413727
786	0.007331443019211292
787	0.009823095053434372
788	0.007904506288468838
789	0.012535715475678444
790	0.014132106676697731
791	0.009291032329201698
792	0.007265029009431601
793	0.009533151052892208
794	0.012623128481209278
795	0.010281077586114407
796	0.01825057715177536
797	0.01733235828578472
798	0.01193585991859436
799	0.015564572997391224
800	0.012305005453526974
801	0.014614771120250225
802	0.012549474835395813
803	0.009260552935302258
804	0.006637664046138525
805	0.005434001330286264
806	0.009831372648477554
807	0.010776332579553127
808	0.0073883505538105965
809	0.00956336036324501
810	0.007830225862562656
811	0.010570920072495937
812	0.005927063059061766
813	0.004749029874801636
814	0.0042906394228339195
815	0.00673109432682395
816	0.006226097699254751
817	0.006234413478523493
818	0.007944134064018726
819	0.008574344217777252
820	0.01141310390084982
821	0.014743161387741566
822	0.012928149662911892
823	0.009481634013354778
824	0.007303317077457905
825	0.009216033853590488
826	0.009536185301840305
827	0.008442572318017483
828	0.009420761838555336
829	0.009811999276280403
830	0.007123585324734449
831	0.010243671014904976
832	0.007094164844602346
833	0.008821426890790462
834	0.012436051853001118
835	0.010301762260496616
836	0.014272982254624367
837	0.021323446184396744
838	0.018084123730659485
839	0.012912671081721783
840	0.011567381210625172
841	0.010797880589962006
842	0.010521943680942059
843	0.010662676766514778
844	0.008739653043448925
845	0.009121854789555073
846	0.012960544787347317
847	0.012075463309884071
848	0.009231115691363811
849	0.009287797845900059
850	0.006422785110771656
851	0.00752642098814249
852	0.005577466916292906
853	0.008145852945744991
854	0.006383263971656561
855	0.007341605611145496
856	0.008304825983941555
857	0.007818846963346004
858	0.008516774512827396
859	0.00974950660020113
860	0.00845667626708746
861	0.0078032128512859344
862	0.005987964104861021
863	0.006501922849565744
864	0.00633160350844264
865	0.005820497404783964
866	0.004295130725950003
867	0.004859820939600468
868	0.0070992144756019115
869	0.006875974126160145
870	0.00618093553930521
871	0.007258967962116003
872	0.0087784668430686
873	0.007767969276756048
874	0.006665980909019709
875	0.009524010121822357
876	0.006606720387935638
877	0.006998973432928324
878	0.006094638258218765
879	0.009636538103222847
880	0.00938349962234497
881	0.012287112884223461
882	0.008565783500671387
883	0.008900590240955353
884	0.007142842747271061
885	0.010180064477026463
886	0.007361121475696564
887	0.007021677680313587
888	0.0047057014890015125
889	0.005578489042818546
890	0.005826818291097879
891	0.008828354068100452
892	0.009293678216636181
893	0.008175078779459
894	0.006486693862825632
895	0.0077675990760326385
896	0.004831853788346052
897	0.006177477538585663
898	0.0067521147429943085
899	0.007021575700491667
900	0.008353049866855145
901	0.006676753517240286
902	0.00839424692094326
903	0.007131438702344894
904	0.007864867337048054
905	0.010742061771452427
906	0.010613790713250637
907	0.00811384804546833
908	0.012088082730770111
909	0.01389477588236332
910	0.013178459368646145
911	0.010320644825696945
912	0.010355924256145954
913	0.009578435681760311
914	0.008545605465769768
915	0.010710391215980053
916	0.007981858216226101
917	0.00891177263110876
918	0.009241207502782345
919	0.009345117025077343
920	0.008687188848853111
921	0.008066289126873016
922	0.00741588557139039
923	0.007929131388664246
924	0.009539143182337284
925	0.0073744431138038635
926	0.010917097330093384
927	0.010568647645413876
928	0.007530353497713804
929	0.009229781106114388
930	0.009602484293282032
931	0.011593184433877468
932	0.00730461860075593
933	0.008473558351397514
934	0.007095088250935078
935	0.005705920048058033
936	0.005613611079752445
937	0.007198165636509657
938	0.007679875940084457
939	0.007890353910624981
940	0.009900498203933239
941	0.01108274795114994
942	0.009142206981778145
943	0.00878091063350439
944	0.008972643874585629
945	0.0064313896000385284
946	0.0050118244253098965
947	0.008289741352200508
948	0.00439143180847168
949	0.00655939569696784
950	0.006329145282506943
951	0.010346573777496815
952	0.007067781873047352
953	0.00742407888174057
954	0.006620348896831274
955	0.004541359376162291
956	0.004809591453522444
957	0.008389055728912354
958	0.010741843841969967
959	0.011366172693669796
960	0.011305195279419422
961	0.015825504437088966
962	0.01283223181962967
963	0.012803039513528347
964	0.02105497382581234
965	0.018530918285250664
966	0.010266566649079323
967	0.010696797631680965
968	0.008757791481912136
969	0.012290652841329575
970	0.010566857643425465
971	0.010235326364636421
972	0.008314925245940685
973	0.009738536551594734
974	0.009747548960149288
975	0.01364666223526001
976	0.00706274202093482
977	0.012770742177963257
978	0.010466483421623707
979	0.007918484508991241
980	0.01009384822100401
981	0.01983926258981228
982	0.022785944864153862
983	0.02287091128528118
984	0.0243942029774189
985	0.04415733367204666
986	0.03854430094361305
987	0.029680771753191948
988	0.0434168241918087
989	0.03017178736627102
990	0.04310678690671921
991	0.02364005334675312
992	0.014296780340373516
993	0.012411950156092644
994	0.016985367983579636
995	0.019946886226534843
996	0.02103506401181221
997	0.009482447057962418
998	0.011822822503745556
999	0.009554910473525524
1000	0.0068693608045578
1001	0.014934795908629894
1002	0.006220883224159479
1003	0.017115427181124687
1004	0.006618446204811335
1005	0.0110973184928298
1006	0.014487705193459988
1007	0.0150988744571805
1008	0.021306324750185013
1009	0.014687891118228436
1010	0.01940802112221718
1011	0.013014587573707104
1012	0.011810146272182465
1013	0.013367237523198128
1014	0.02128683030605316
1015	0.015303201042115688
1016	0.014899978414177895
1017	0.009854641743004322
1018	0.014148587360978127
1019	0.016824064776301384
1020	0.014319779351353645
1021	0.01340532023459673
1022	0.010407778434455395
1023	0.011298700235784054
1024	0.012614728882908821
1025	0.012495138682425022
1026	0.015675140544772148
1027	0.010714798234403133
1028	0.015010294504463673
1029	0.016557905822992325
1030	0.013911634683609009
1031	0.010886852629482746
1032	0.01855168119072914
1033	0.010657667182385921
1034	0.01335976179689169
1035	0.01187873911112547
1036	0.014351082034409046
1037	0.019093019887804985
1038	0.014665409922599792
1039	0.01233960222452879
1040	0.010728105902671814
1041	0.015020838938653469
1042	0.01458750106394291
1043	0.007417653687298298
1044	0.007500778883695602
1045	0.007055969443172216
1046	0.007539440877735615
1047	0.015616443939507008
1048	0.010723235085606575
1049	0.010824299417436123
1050	0.006951786577701569
1051	0.006553955376148224
1052	0.012274635024368763
1053	0.014649308286607265
1054	0.019265083596110344
1055	0.013771812431514263
1056	0.008709314279258251
1057	0.01553864311426878
1058	0.01977459341287613
1059	0.0132270697504282
1060	0.017037419602274895
1061	0.018107205629348755
1062	0.01635853759944439
1063	0.011005730368196964
1064	0.009598643518984318
1065	0.017239626497030258
1066	0.010695084929466248
1067	0.010823645628988743
1068	0.017784440889954567
1069	0.017494941130280495
1070	0.019286442548036575
1071	0.02126096747815609
1072	0.02240706793963909
1073	0.023724419996142387
1074	0.013000291772186756
1075	0.009941219352185726
1076	0.013782654888927937
1077	0.011288835667073727
1078	0.007765583228319883
1079	0.008552875369787216
1080	0.009320861659944057
1081	0.01200817059725523
1082	0.013533464632928371
1083	0.01283301878720522
1084	0.014895162545144558
1085	0.01781645230948925
1086	0.015238970518112183
1087	0.01994488015770912
1088	0.01578189991414547
1089	0.012175389565527439
1090	0.01822977140545845
1091	0.01271307934075594
1092	0.007061643060296774
1093	0.008822527714073658
1094	0.0070104594342410564
1095	0.010375536978244781
1096	0.006776218302547932
1097	0.008593986742198467
1098	0.007489889860153198
1099	0.00926396157592535
1100	0.008088943548500538
1101	0.008326447568833828
1102	0.007359531708061695
1103	0.011218573898077011
1104	0.008477731607854366
1105	0.010545696131885052
1106	0.006112479139119387
1107	0.008367149159312248
1108	0.009947790764272213
1109	0.010188262909650803
1110	0.01614581234753132
1111	0.009449797682464123
1112	0.008081204257905483
1113	0.008561885915696621
1114	0.008800770156085491
1115	0.005988412071019411
1116	0.006215268280357122
1117	0.009549868293106556
1118	0.01928269863128662
1119	0.015233275480568409
1120	0.00715240091085434
1121	0.007410293910652399
1122	0.00525158504024148
1123	0.005074051674455404
1124	0.004488948732614517
1125	0.004308425821363926
1126	0.004147914703935385
1127	0.0038250337820500135
1128	0.003579596057534218
1129	0.002890014788135886
1130	0.0031577576883137226
1131	0.003261595731601119
1132	0.0033125372137874365
1133	0.003486350644379854
1134	0.0037827049382030964
1135	0.004183510784059763
1136	0.004091424401849508
1137	0.0033890109043568373
1138	0.004091246519237757
1139	0.0030411304906010628
1140	0.004286617040634155
1141	0.004447395447641611
1142	0.0033348079305142164
1143	0.0036950260400772095
1144	0.003543158760294318
1145	0.0036288679111748934
1146	0.0036286748945713043
1147	0.0037596982438117266
1148	0.0034839303698390722
1149	0.003233331022784114
1150	0.003812138456851244
1151	0.0031641684472560883
1152	0.0029234252870082855
1153	0.0031132344156503677
1154	0.003547457978129387
1155	0.004051821306347847
1156	0.0038065039552748203
1157	0.003433986334130168
1158	0.0033262420911341906
1159	0.004302754532545805
1160	0.004929999355226755
1161	0.005651518236845732
1162	0.006314268801361322
1163	0.004427250940352678
1164	0.00371902366168797
1165	0.0043538277968764305
1166	0.0043067303486168385
1167	0.004267634358257055
1168	0.003896062495186925
1169	0.002926185727119446
1170	0.0030043532606214285
1171	0.003819297766312957
1172	0.003712223144248128
1173	0.0030472876969724894
1174	0.004464636091142893
1175	0.00437011756002903
1176	0.003085436299443245
1177	0.0041123623959720135
1178	0.0036892560310661793
1179	0.0036481257993727922
1180	0.0028857593424618244
1181	0.0038509052246809006
1182	0.0032100901007652283
1183	0.003653931664302945
1184	0.003094902029260993
1185	0.004705771338194609
1186	0.0037320118863135576
1187	0.0042998227290809155
1188	0.0063900426030159
1189	0.008859485387802124
1190	0.007007233798503876
1191	0.007039421703666449
1192	0.007267424371093512
1193	0.00884262751787901
1194	0.008321001194417477
1195	0.006162617821246386
1196	0.007263424340635538
1197	0.011578251607716084
1198	0.025614917278289795
1199	0.022437801584601402
1200	0.01728781871497631
1201	0.009863159619271755
1202	0.027373893186450005
1203	0.08202847838401794
1204	0.08466001600027084
1205	0.07371317595243454
1206	0.15440762042999268
1207	0.3868364989757538
1208	0.07706087827682495
1209	0.08471709489822388
1210	0.21125106513500214
1211	0.2475418895483017
1212	0.09060249477624893
1213	0.25321099162101746
1214	0.4103139042854309
1215	0.5299087762832642
1216	0.49939385056495667
1217	0.20055575668811798
1218	0.6135954260826111
1219	0.6404950022697449
1220	0.3985353112220764
1221	0.6620333790779114
1222	0.6908748745918274
1223	0.30041179060935974
1224	0.1618284434080124
1225	0.4264391362667084
1226	0.4483169615268707
1227	0.3169165551662445
1228	0.3427790403366089
1229	0.43032199144363403
1230	0.5959245562553406
1231	0.7078940272331238
1232	0.7829188108444214
1233	0.8782501220703125
1234	0.823878288269043
1235	0.8350601196289062
1236	0.5930113792419434
1237	0.5950498580932617
1238	0.7436227202415466
1239	0.48288699984550476
1240	0.43161359429359436
1241	0.45330196619033813
1242	0.3000960350036621
1243	0.0808173343539238
1244	0.20569360256195068
1245	0.3530452251434326
1246	0.4792184829711914
1247	0.5228317975997925
1248	0.5955398678779602
1249	0.46828147768974304
1250	0.4665907025337219
1251	0.5062352418899536
1252	0.4138304889202118
1253	0.17993880808353424
1254	0.34145981073379517
1255	0.7102087140083313
1256	0.6551997065544128
1257	0.6125572323799133
1258	0.7533524632453918
1259	0.6949488520622253
1260	0.39782676100730896
1261	0.5276589393615723
1262	0.669197678565979
1263	0.5495206117630005
1264	0.2246631383895874
1265	0.08807464689016342
1266	0.05701097473502159
1267	0.14467556774616241
1268	0.14083360135555267
1269	0.024644916877150536
1270	0.045626863837242126
1271	0.0347750298678875
1272	0.017735330387949944
1273	0.012838548980653286
1274	0.008591185323894024
1275	0.012299511581659317
1276	0.01254503708332777
1277	0.012190992943942547
1278	0.020296836271882057
1279	0.011980538256466389
1280	0.015004266984760761
1281	0.013805408962070942
1282	0.010815245099365711
1283	0.013763928785920143
1284	0.01577630639076233
1285	0.0191204696893692
1286	0.03810086473822594
1287	0.020806485787034035
1288	0.01636931486427784
1289	0.025953609496355057
1290	0.011518842540681362
1291	0.010442649014294147
1292	0.010662532411515713
1293	0.012572645209729671
1294	0.013865861110389233
1295	0.00991765409708023
1296	0.015623942017555237
1297	0.013676724396646023
1298	0.01120048202574253
1299	0.011290520429611206
1300	0.01042658556252718
1301	0.0091496417298913
1302	0.005800832994282246
1303	0.0059038447216153145
1304	0.006957522127777338
1305	0.006072932854294777
1306	0.007608553860336542
1307	0.00938763003796339
1308	0.009967761114239693
1309	0.008850990794599056
1310	0.019755452871322632
1311	0.011082510463893414
1312	0.006376905832439661
1313	0.011394782923161983
1314	0.008575594052672386
1315	0.006852501537650824
1316	0.007259430829435587
1317	0.006026712711900473
1318	0.0115004051476717
1319	0.012654236517846584
1320	0.008420675061643124
1321	0.009074276313185692
1322	0.006291739642620087
1323	0.010565337724983692
1324	0.007034476846456528
1325	0.009149384684860706
1326	0.012173445895314217
1327	0.01624918356537819
1328	0.011596149764955044
1329	0.015989739447832108
1330	0.018101979047060013
1331	0.018952704966068268
1332	0.0853932797908783
1333	0.32159969210624695
1334	0.2125132828950882
1335	0.20223203301429749
1336	0.13887625932693481
1337	0.09958012402057648
1338	0.2201799899339676
1339	0.20216500759124756
1340	0.11780184507369995
1341	0.1039179340004921
1342	0.12363570183515549
1343	0.10368724167346954
1344	0.1058206707239151
1345	0.060898758471012115
1346	0.024536004289984703
1347	0.019952978938817978
1348	0.05325965955853462
1349	0.0882335677742958
1350	0.23836059868335724
1351	0.2769883871078491
1352	0.45652779936790466
1353	0.5200053453445435
1354	0.6540798544883728
1355	0.7713029384613037
1356	0.5778732299804688
1357	0.8417907953262329
1358	0.6619846224784851
1359	0.5919784903526306
1360	0.5751635432243347
1361	0.5362924933433533
1362	0.7227367758750916
1363	0.4204733371734619
1364	0.3287961184978485
1365	0.20590229332447052
1366	0.273657888174057
1367	0.3264335095882416
1368	0.312909871339798
1369	0.3155460059642792
1370	0.43242931365966797
1371	0.48151570558547974
1372	0.7991897463798523
1373	0.8893585205078125
1374	0.9345987439155579
1375	0.8259767889976501
1376	0.8369865417480469
1377	0.5729162096977234
1378	0.7423039674758911
1379	0.7951653003692627
1380	0.6114889979362488
1381	0.5935335159301758
1382	0.6350080966949463
1383	0.6922522187232971
1384	0.7715463638305664
1385	0.7102693915367126
1386	0.5414377450942993
1387	0.7795306444168091
1388	0.6484118103981018
1389	0.8974913954734802
1390	0.6584975123405457
1391	0.7902856469154358
1392	0.7479302883148193
1393	0.7521228194236755
1394	0.8333227038383484
1395	0.7473128437995911
1396	0.8149469494819641
1397	0.6158815622329712
1398	0.6119219660758972
1399	0.7556561827659607
1400	0.7761827111244202
1401	0.6679761409759521
1402	0.6134560704231262
1403	0.7621493339538574
1404	0.7647764682769775
1405	0.6335713267326355
1406	0.7636098265647888
1407	0.7899754643440247
1408	0.7987684607505798
1409	0.7251216769218445
1410	0.8079466223716736
1411	0.7755947113037109
1412	0.7189826965332031
1413	0.7707241773605347
1414	0.4931579530239105
1415	0.7517906427383423
1416	0.30528122186660767
1417	0.12649285793304443
1418	0.03111441805958748
1419	0.051834750920534134
1420	0.07298410683870316
1421	0.04331985116004944
1422	0.01374721433967352
1423	0.015128823928534985
1424	0.0233644749969244
1425	0.013294495642185211
1426	0.01487636100500822
1427	0.016791237518191338
1428	0.012099211104214191
1429	0.012058067135512829
1430	0.008086730726063251
1431	0.006660775747150183
1432	0.006568425334990025
1433	0.009023444727063179
1434	0.006731802131980658
1435	0.009866396896541119
1436	0.006183079909533262
1437	0.005261995829641819
1438	0.010555063374340534
1439	0.01996101438999176
1440	0.01892165094614029
1441	0.01713256537914276
1442	0.01730371080338955
1443	0.009437214583158493
1444	0.009939858689904213
1445	0.008272835984826088
1446	0.013166739605367184
1447	0.009368709288537502
1448	0.012706990353763103
1449	0.01228525210171938
1450	0.015373810194432735
1451	0.012479913420975208
1452	0.011947236023843288
1453	0.014195049181580544
1454	0.011504219844937325
1455	0.015307635068893433
1456	0.009549050591886044
1457	0.018141578882932663
1458	0.013329627923667431
1459	0.015194944106042385
1460	0.014074796810746193
1461	0.014255702495574951
1462	0.012694423086941242
1463	0.011217521503567696
1464	0.013187206350266933
1465	0.00608058413490653
1466	0.013421242125332355
1467	0.011193456128239632
1468	0.008816950023174286
1469	0.012690163217484951
1470	0.009775335900485516
1471	0.015345838852226734
1472	0.01973273605108261
1473	0.00952138751745224
1474	0.00774209201335907
1475	0.012398618273437023
1476	0.010875997133553028
1477	0.014501355588436127
1478	0.009161698631942272
1479	0.010932261124253273
1480	0.0069242618046700954
1481	0.008347859606146812
1482	0.006506797857582569
1483	0.008085315115749836
1484	0.0075714560225605965
1485	0.004096015822142363
1486	0.007419362664222717
1487	0.00846472941339016
1488	0.006905949208885431
1489	0.006698247045278549
1490	0.004462212324142456
1491	0.0052948989905416965
1492	0.006752997171133757
1493	0.004926177207380533
1494	0.004781319294124842
1495	0.004257441498339176
1496	0.003882643533870578
1497	0.005580855533480644
1498	0.005447720177471638
1499	0.005592744797468185
1500	0.006663172040134668
1501	0.005449623800814152
1502	0.007245552726089954
1503	0.008628642186522484
1504	0.007293783128261566
1505	0.009573056362569332
1506	0.010118494741618633
1507	0.012650683522224426
1508	0.019286775961518288
1509	0.032295387238264084
1510	0.03700071573257446
1511	0.03319285437464714
1512	0.03490360826253891
1513	0.08144666254520416
1514	0.13257509469985962
1515	0.10786300152540207
1516	0.10218038409948349
1517	0.1453157514333725
1518	0.21897955238819122
1519	0.21803955733776093
1520	0.29437458515167236
1521	0.37265652418136597
1522	0.40748509764671326
1523	0.5453681945800781
1524	0.6616789698600769
1525	0.7850465178489685
1526	0.7129614949226379
1527	0.6850554347038269
1528	0.6270046234130859
1529	0.5776206851005554
1530	0.62049400806427
1531	0.8896075487136841
1532	0.7359929084777832
1533	0.8104984164237976
1534	0.7565996050834656
1535	0.6690759062767029
1536	0.8124418258666992
1537	0.8413058519363403
1538	0.7128862738609314
1539	0.7209679484367371
1540	0.5874805450439453
1541	0.6832023859024048
1542	0.34914538264274597
1543	0.22252880036830902
1544	0.1492481231689453
1545	0.08704360574483871
1546	0.023726841434836388
1547	0.012303078547120094
1548	0.009749575518071651
1549	0.013542383909225464
1550	0.012337915599346161
1551	0.015280271880328655
1552	0.010687130503356457
1553	0.012292884290218353
1554	0.010632905177772045
1555	0.012358035892248154
1556	0.008661191910505295
1557	0.00885414332151413
1558	0.007956471294164658
1559	0.007083156146109104
1560	0.010485166683793068
1561	0.012442352250218391
1562	0.013391206040978432
1563	0.019671550020575523
1564	0.016496915370225906
1565	0.015116973780095577
1566	0.010439607314765453
1567	0.01007130742073059
1568	0.01143504399806261
1569	0.00941805075854063
1570	0.009148015640676022
1571	0.00914047285914421
1572	0.009324118494987488
1573	0.024757735431194305
1574	0.01624070666730404
1575	0.012644569389522076
1576	0.008042422123253345
1577	0.008512021042406559
1578	0.021682066842913628
1579	0.024768156930804253
1580	0.060942210257053375
1581	0.03916960582137108
1582	0.03458279371261597
1583	0.013134866021573544
1584	0.02078435570001602
1585	0.022318199276924133
1586	0.010126471519470215
1587	0.010436223819851875
1588	0.0071236505173146725
1589	0.0069208405911922455
1590	0.00828599650412798
1591	0.010935867205262184
1592	0.0113643454387784
1593	0.012141312472522259
1594	0.018366757780313492
1595	0.017123719677329063
1596	0.01104170735925436
1597	0.013798265717923641
1598	0.012171268463134766
1599	0.011472963728010654
1600	0.008792094886302948
1601	0.00784956943243742
1602	0.009185301139950752
1603	0.0072164214216172695
1604	0.005682479124516249
1605	0.006197380367666483
1606	0.005439768545329571
1607	0.005385709460824728
1608	0.0075431871227920055
1609	0.006489653140306473
1610	0.008050522767007351
1611	0.0074377222917973995
1612	0.005629096180200577
1613	0.0054380702786147594
1614	0.0051253605633974075
1615	0.00684502674266696
1616	0.006906872149556875
1617	0.005508581642061472
1618	0.00579575402662158
1619	0.0065430887043476105
1620	0.005926332902163267
1621	0.008318806998431683
1622	0.008727960288524628
1623	0.004781642463058233
1624	0.004790319595485926
1625	0.006405434105545282
1626	0.008148911409080029
1627	0.005101463291794062
1628	0.0062265763990581036
1629	0.006245169322937727
1630	0.004520933143794537
1631	0.004000964108854532
1632	0.004326622001826763
1633	0.005288145039230585
1634	0.005117044784128666
1635	0.005086391698569059
1636	0.0043344646692276
1637	0.004911694210022688
1638	0.0054183416068553925
1639	0.0052196308970451355
1640	0.004435771144926548
1641	0.005495365243405104
1642	0.0046479180455207825
1643	0.0060850693844258785
1644	0.006846047472208738
1645	0.013962469063699245
1646	0.013723223470151424
1647	0.03704562410712242
1648	0.026626983657479286
1649	0.0564735047519207
1650	0.03917108103632927
1651	0.024648301303386688
1652	0.04712436720728874
1653	0.18572545051574707
1654	0.6305992603302002
1655	0.7315066456794739
1656	0.5841165781021118
1657	0.13721346855163574
1658	0.26764050126075745
1659	0.47454434633255005
1660	0.2809285521507263
1661	0.46388253569602966
1662	0.4403797686100006
1663	0.782037615776062
1664	0.7383440136909485
1665	0.9580448269844055
1666	0.938134491443634
1667	0.9269312024116516
1668	0.9690436720848083
1669	0.9701486825942993
1670	0.9247146844863892
1671	0.9557443857192993
1672	0.8835397958755493
1673	0.8695449829101562
1674	0.8420186042785645
1675	0.7628035545349121
1676	0.6622727513313293
1677	0.7560890316963196
1678	0.6314441561698914
1679	0.6838462948799133
1680	0.5469952821731567
1681	0.5097212195396423
1682	0.7295904159545898
1683	0.6701919436454773
1684	0.5264175534248352
1685	0.5665573477745056
1686	0.7352007627487183
1687	0.9433287978172302
1688	0.8564260601997375
1689	0.8474513292312622
1690	0.9544259905815125
1691	0.8843675851821899
1692	0.9377861022949219
1693	0.914519727230072
1694	0.9642440676689148
1695	0.9641497731208801
1696	0.9552968144416809
1697	0.9427362680435181
1698	0.9334059953689575
1699	0.9487845301628113
1700	0.9143722653388977
1701	0.835239052772522
1702	0.8710659146308899
1703	0.7419285774230957
1704	0.8011283278465271
1705	0.931032121181488
1706	0.8865041732788086
1707	0.8884531259536743
1708	0.9190446138381958
1709	0.7022205591201782
1710	0.7069022059440613
1711	0.9479913711547852
1712	0.9683074355125427
1713	0.10620158910751343
1714	0.022664474323391914
1715	0.01585184969007969
1716	0.008618258871138096
1717	0.007799934130162001
1718	0.009827877394855022
1719	0.00983825046569109
1720	0.008693821728229523
1721	0.010069822892546654
1722	0.008166203275322914
1723	0.010760162957012653
1724	0.008940271101891994
1725	0.015233024023473263
1726	0.010964496992528439
1727	0.012393795885145664
1728	0.009713280014693737
1729	0.008781147189438343
1730	0.00929232593625784
1731	0.012127573601901531
1732	0.011806092225015163
1733	0.01033399160951376
1734	0.00875235814601183
1735	0.011421374045312405
1736	0.008756931871175766
1737	0.008718947879970074
1738	0.009092061780393124
1739	0.007309939246624708
1740	0.008760198950767517
1741	0.008412862196564674
1742	0.007548454683274031
1743	0.006926441099494696
1744	0.006388431880623102
1745	0.01083055417984724
1746	0.007197170052677393
1747	0.007214535027742386
1748	0.010574853979051113
1749	0.01368030346930027
1750	0.00812954269349575
1751	0.01265362836420536
1752	0.01250640582293272
1753	0.01408243179321289
1754	0.01491174753755331
1755	0.012992058880627155
1756	0.01301391702145338
1757	0.014368283562362194
1758	0.01006037462502718
1759	0.010498630814254284
1760	0.011486372910439968
1761	0.008008859120309353
1762	0.007839307188987732
1763	0.006688326597213745
1764	0.007514358498156071
1765	0.0088484026491642
1766	0.008875176310539246
1767	0.010754158720374107
1768	0.01223575510084629
1769	0.011749564670026302
1770	0.015164325013756752
1771	0.015726087614893913
1772	0.0103355897590518
1773	0.01614592783153057
1774	0.009308192878961563
1775	0.009271061979234219
1776	0.00997712928801775
1777	0.009436922147870064
1778	0.00708317756652832
1779	0.01000088732689619
1780	0.011983240954577923
1781	0.022934282198548317
1782	0.011774604208767414
1783	0.015136403031647205
1784	0.010218673385679722
1785	0.01018477138131857
1786	0.008475370705127716
1787	0.006778791546821594
1788	0.006191750522702932
1789	0.005801767576485872
1790	0.00481136329472065
1791	0.005789263639599085
1792	0.005898687988519669
1793	0.005771282594650984
1794	0.006144857499748468
1795	0.005276442971080542
1796	0.006877990905195475
1797	0.006625722628086805
1798	0.0040465593338012695
1799	0.004067504312843084
1800	0.004531779792159796
1801	0.005008793901652098
1802	0.004226324148476124
1803	0.005086593329906464
1804	0.0037085332442075014
1805	0.0033697697799652815
1806	0.0035815516021102667
1807	0.004660330712795258
1808	0.004260137677192688
1809	0.005183137953281403
1810	0.004649019334465265
1811	0.00543416291475296
1812	0.004431436304003
1813	0.004326509311795235
1814	0.0046063815243542194
1815	0.005885579623281956
1816	0.004527113866060972
1817	0.005845036823302507
1818	0.006313207093626261
1819	0.0059924377128481865
1820	0.006411378737539053
1821	0.004993222188204527
1822	0.005525439511984587
1823	0.005495366640388966
1824	0.004891782999038696
1825	0.00575397489592433
1826	0.00533024687319994
1827	0.006599132902920246
1828	0.006681456696242094
1829	0.007853352464735508
1830	0.006324164569377899
1831	0.008713646791875362
1832	0.016388872638344765
1833	0.11640139669179916
1834	0.09251152724027634
1835	0.0881921574473381
1836	0.025750556960701942
1837	0.047503575682640076
1838	0.07241538912057877
1839	0.05293957516551018
1840	0.08712397515773773
1841	0.08055736869573593
1842	0.13737741112709045
1843	0.19243577122688293
1844	0.22066164016723633
1845	0.24820828437805176
1846	0.18122892081737518
1847	0.40780606865882874
1848	0.54069584608078
1849	0.6132753491401672
1850	0.3192451596260071
1851	0.39203599095344543
1852	0.46662020683288574
1853	0.4475487768650055
1854	0.6491959095001221
1855	0.34884461760520935
1856	0.5192697048187256
1857	0.3927576243877411
1858	0.26461392641067505
1859	0.5037140250205994
1860	0.37930330634117126
1861	0.5480273365974426
1862	0.5102359652519226
1863	0.7229254245758057
1864	0.7011032104492188
1865	0.6950485110282898
1866	0.8307644724845886
1867	0.6985527873039246
1868	0.7455931901931763
1869	0.7977132201194763
1870	0.7880797386169434
1871	0.7503523230552673
1872	0.488588809967041
1873	0.28800785541534424
1874	0.22567634284496307
1875	0.2273528128862381
1876	0.1363070011138916
1877	0.17786356806755066
1878	0.09785854071378708
1879	0.030337238684296608
1880	0.04201584681868553
1881	0.05242570862174034
1882	0.07017894089221954
1883	0.13270080089569092
1884	0.08352910727262497
1885	0.3470381200313568
1886	0.5337150692939758
1887	0.7059752345085144
1888	0.5197952389717102
1889	0.2352716028690338
1890	0.029508614912629128
1891	0.0074287704192101955
1892	0.005739354062825441
1893	0.005096194334328175
1894	0.010031069628894329
1895	0.0099591463804245
1896	0.007372452411800623
1897	0.00729346601292491
1898	0.007129558827728033
1899	0.009560187347233295
1900	0.013736531138420105
1901	0.007662078831344843
1902	0.006965395994484425
1903	0.008470775559544563
1904	0.01352018117904663
1905	0.005054702050983906
1906	0.005427599884569645
1907	0.006551037076860666
1908	0.010115970857441425
1909	0.01177338045090437
1910	0.012237983755767345
1911	0.022095052525401115
1912	0.014131516218185425
1913	0.021803414449095726
1914	0.013461667113006115
1915	0.013148210942745209
1916	0.010564197786152363
1917	0.01316891610622406
1918	0.010702784173190594
1919	0.024008063599467278
1920	0.01940963789820671
1921	0.023257175460457802
1922	0.017786437645554543
1923	0.016415780410170555
1924	0.012366500683128834
1925	0.013970795087516308
1926	0.012331838719546795
1927	0.010117796249687672
1928	0.010474896058440208
1929	0.030561748892068863
1930	0.021513795480132103
1931	0.04530097916722298
1932	0.033091988414525986
1933	0.03305331990122795
1934	0.05067833885550499
1935	0.08766422420740128
1936	0.08210178464651108
1937	0.03631201013922691
1938	0.0424983911216259
1939	0.06370279937982559
1940	0.032025374472141266
1941	0.02809864655137062
1942	0.012890866957604885
1943	0.016112878918647766
1944	0.01208687573671341
1945	0.017326420173048973
1946	0.016507232561707497
1947	0.011615271680057049
1948	0.00985855795443058
1949	0.008177238516509533
1950	0.010523632168769836
1951	0.008641798049211502
1952	0.010199866257607937
1953	0.01041711587458849
1954	0.01019656378775835
1955	0.008900011889636517
1956	0.005313274450600147
1957	0.008024281822144985
1958	0.00843969639390707
1959	0.007101004011929035
1960	0.004859115928411484
1961	0.004866877105087042
1962	0.004294866696000099
1963	0.0052720122039318085
1964	0.0047695511020720005
1965	0.006471242289990187
1966	0.006420263554900885
1967	0.007465527858585119
1968	0.008573238737881184
1969	0.007691278588026762
1970	0.004956133663654327
1971	0.004581514745950699
1972	0.006788779981434345
1973	0.00835583545267582
1974	0.006921691354364157
1975	0.006150973029434681
1976	0.005761267617344856
1977	0.013631504960358143
1978	0.007906158454716206
1979	0.007639526855200529
1980	0.010381433181464672
1981	0.011385075747966766
1982	0.009179464541375637
1983	0.013271095231175423
1984	0.016763318330049515
1985	0.01321398001164198
1986	0.010301751084625721
1987	0.004343185108155012
1988	0.006266868207603693
1989	0.010869338177144527
1990	0.011192956008017063
1991	0.008786387741565704
1992	0.009630165994167328
1993	0.007622663863003254
1994	0.010179951786994934
1995	0.010312730446457863
1996	0.008887503296136856
1997	0.006378408055752516
1998	0.008018523454666138
1999	0.009919668547809124
2000	0.011630331166088581
2001	0.009574062190949917
2002	0.006732745561748743
2003	0.003832792630419135
2004	0.00464360136538744
2005	0.005401951726526022
2006	0.011471294797956944
2007	0.009931683540344238
2008	0.006380879320204258
2009	0.00616075424477458
2010	0.007279065903276205
2011	0.00957497302442789
2012	0.009440280497074127
2013	0.00885857455432415
2014	0.012420475482940674
2015	0.011222468689084053
2016	0.012788556516170502
2017	0.011629482731223106
2018	0.010341032408177853
2019	0.010771943256258965
2020	0.011739261448383331
2021	0.007942709140479565
2022	0.00884113647043705
2023	0.008244018070399761
2024	0.010942379012703896
2025	0.012069933116436005
2026	0.008575144223868847
2027	0.008660872466862202
2028	0.008755411021411419
2029	0.008471383713185787
2030	0.009778550826013088
2031	0.009753967635333538
2032	0.007370670326054096
2033	0.00989464484155178
2034	0.008688090369105339
2035	0.008083143271505833
2036	0.008459338918328285
2037	0.010507362894713879
2038	0.009921535849571228
2039	0.010105705820024014
2040	0.009064165875315666
2041	0.009006218053400517
2042	0.007031801622360945
2043	0.009007525630295277
2044	0.00852743536233902
2045	0.005318181123584509
2046	0.005987720564007759
2047	0.007676463108509779
2048	0.00841520819813013
2049	0.00773491570726037
2050	0.005889305844902992
2051	0.008260139264166355
2052	0.005546805448830128
2053	0.007821397855877876
2054	0.010004828684031963
2055	0.0075017595663666725
2056	0.008994484320282936
2057	0.006772048771381378
2058	0.005501914769411087
2059	0.0054155923426151276
2060	0.004978581797331572
2061	0.0054797022603452206
2062	0.008151735179126263
2063	0.006310117430984974
2064	0.00456845061853528
2065	0.005167654249817133
2066	0.004986398387700319
2067	0.005601274315267801
2068	0.005243751686066389
2069	0.004777153022587299
2070	0.004873813129961491
2071	0.0059639764949679375
2072	0.003895924659445882
2073	0.004183877259492874
2074	0.00359838898293674
2075	0.0042096092365682125
2076	0.0049178749322891235
2077	0.004855270963162184
2078	0.0024436169769614935
2079	0.005339391529560089
2080	0.007587565574795008
2081	0.007766716182231903
2082	0.006943042855709791
2083	0.00919091235846281
2084	0.009306947700679302
2085	0.008530366234481335
2086	0.00822791364043951
2087	0.008847336284816265
2088	0.01599268615245819
2089	0.01050475612282753
2090	0.011429308913648129
2091	0.006419615354388952
2092	0.004666186403483152
2093	0.005224811378866434
2094	0.004496922250837088
2095	0.004847401287406683
2096	0.004168457817286253
2097	0.0049073523841798306
2098	0.004704303573817015
2099	0.004452581983059645
2100	0.0052918619476258755
2101	0.004638058133423328
2102	0.005246952176094055
2103	0.0049074674025177956
2104	0.003941802773624659
2105	0.005011823959648609
2106	0.004755389876663685
2107	0.006079067941755056
2108	0.005787721369415522
2109	0.004618560429662466
2110	0.004257094580680132
2111	0.005402812268584967
2112	0.004238718189299107
2113	0.003910146187990904
2114	0.0037871666718274355
2115	0.00456734374165535
2116	0.004366673529148102
2117	0.0038464863318949938
2118	0.004646422807127237
2119	0.00621055206283927
2120	0.004230608697980642
2121	0.004666590131819248
2122	0.003913767635822296
2123	0.0033280157949775457
2124	0.004012398887425661
2125	0.004131262190639973
2126	0.004799192305654287
2127	0.0035055801272392273
2128	0.0062731727957725525
2129	0.009557484649121761
2130	0.09692656248807907
2131	0.04056866094470024
2132	0.030489761382341385
2133	0.03637395426630974
2134	0.031440556049346924
2135	0.08331219106912613
2136	0.05899801850318909
2137	0.09475847333669662
2138	0.2800901532173157
2139	0.36664921045303345
2140	0.2182925045490265
2141	0.1526964157819748
2142	0.139475017786026
2143	0.2797468602657318
2144	0.2916359603404999
2145	0.4289092719554901
2146	0.4193277955055237
2147	0.6190585494041443
2148	0.6508005261421204
2149	0.6768856048583984
2150	0.6206590533256531
2151	0.6335636973381042
2152	0.5018274188041687
2153	0.6161180734634399
2154	0.5812620520591736
2155	0.642071008682251
2156	0.6324867606163025
2157	0.8902490735054016
2158	0.5049024820327759
2159	0.671125590801239
2160	0.41848260164260864
2161	0.5124143958091736
2162	0.6743196845054626
2163	0.6450589299201965
2164	0.6053988933563232
2165	0.7268399596214294
2166	0.7425516247749329
2167	0.6109358668327332
2168	0.35328981280326843
2169	0.7615479826927185
2170	0.6674396395683289
2171	0.7408000826835632
2172	0.6929686665534973
2173	0.7241293787956238
2174	0.5516376495361328
2175	0.4744744896888733
2176	0.3253849446773529
2177	0.6067959070205688
2178	0.3514736592769623
2179	0.5206343531608582
2180	0.42734336853027344
2181	0.7162484526634216
2182	0.46276769042015076
2183	0.5698930621147156
2184	0.3673115372657776
2185	0.719818651676178
2186	0.02625732682645321
2187	0.00833092164248228
2188	0.014466318301856518
2189	0.015159542672336102
2190	0.01138375699520111
2191	0.012490381486713886
2192	0.013639201410114765
2193	0.01384719368070364
2194	0.01006257999688387
2195	0.015221729874610901
2196	0.013422521762549877
2197	0.015097922645509243
2198	0.013561914674937725
2199	0.01802305318415165
2200	0.015145805664360523
2201	0.0171132180839777
2202	0.017824426293373108
2203	0.01715286634862423
2204	0.014820324257016182
2205	0.017303312197327614
2206	0.015183920040726662
2207	0.014951902441680431
2208	0.01621253229677677
2209	0.014128722250461578
2210	0.014364833012223244
2211	0.020227208733558655
2212	0.015836063772439957
2213	0.01586141064763069
2214	0.018462497740983963
2215	0.012914723716676235
2216	0.01150419283658266
2217	0.016009721904993057
2218	0.014330304227769375
2219	0.018554512411355972
2220	0.02598600648343563
2221	0.02346210926771164
2222	0.013263801112771034
2223	0.014300725422799587
2224	0.01231024693697691
2225	0.011485181748867035
2226	0.011478726752102375
2227	0.011634196154773235
2228	0.011435850523412228
2229	0.01837041974067688
2230	0.014886449091136456
2231	0.020572617650032043
2232	0.01624983362853527
2233	0.016273250803351402
2234	0.011002675630152225
2235	0.016337936744093895
2236	0.014703976921737194
2237	0.010610319674015045
2238	0.009654507040977478
2239	0.010540232062339783
2240	0.009816054254770279
2241	0.005459820386022329
2242	0.010071084834635258
2243	0.011486738920211792
2244	0.01106207724660635
2245	0.009379573166370392
2246	0.01059610117226839
2247	0.014142702333629131
2248	0.013211687095463276
2249	0.01696450635790825
2250	0.03444962576031685
2251	0.038064513355493546
2252	0.014936715364456177
2253	0.015751007944345474
2254	0.016833288595080376
2255	0.014680382795631886
2256	0.017809031531214714
2257	0.012703195214271545
2258	0.014891649596393108
2259	0.012865391559898853
2260	0.014385205693542957
2261	0.01756206713616848
2262	0.014841086231172085
2263	0.014878167770802975
2264	0.014803609810769558
2265	0.012556135654449463
2266	0.011741962283849716
2267	0.019574139267206192
2268	0.015533643774688244
2269	0.031025851145386696
2270	0.030823964625597
2271	0.17874963581562042
2272	0.20769309997558594
2273	0.09737765043973923
2274	0.0627070888876915
2275	0.024597197771072388
2276	0.019227592274546623
2277	0.01877892017364502
2278	0.01874081790447235
2279	0.02501019649207592
2280	0.023601625114679337
2281	0.02010093256831169
2282	0.021324537694454193
2283	0.02457098662853241
2284	0.01862676627933979
2285	0.018360309302806854
2286	0.015612843446433544
2287	0.021665414795279503
2288	0.019189076498150826
2289	0.017741892486810684
2290	0.019695743918418884
2291	0.03578314185142517
2292	0.01371218916028738
2293	0.025642991065979004
2294	0.0146509800106287
2295	0.01565929688513279
2296	0.012514153495430946
2297	0.018913080915808678
2298	0.02056857757270336
2299	0.01560430508106947
2300	0.011920510791242123
2301	0.01277832966297865
2302	0.012461015954613686
2303	0.016735300421714783
2304	0.011633540503680706
2305	0.014839506708085537
2306	0.011531630530953407
2307	0.013866397552192211
2308	0.01820390485227108
2309	0.01864824816584587
2310	0.02302744798362255
2311	0.017241505905985832
2312	0.01610797457396984
2313	0.01794717274606228
2314	0.017392678186297417
2315	0.017001185566186905
2316	0.014062476344406605
2317	0.01801515929400921
2318	0.06543833762407303
2319	0.030990634113550186
2320	0.029601741582155228
2321	0.022961637005209923
2322	0.015341433696448803
2323	0.016033483669161797
2324	0.011747985146939754
2325	0.012329721823334694
2326	0.011409682221710682
2327	0.011039081029593945
2328	0.014291512779891491
2329	0.012335754930973053
2330	0.021521223708987236
2331	0.025719061493873596
2332	0.01325829979032278
2333	0.01730997860431671
2334	0.01349775493144989
2335	0.014948504976928234
2336	0.016727164387702942
2337	0.011733299121260643
2338	0.013866178691387177
2339	0.014367382042109966
2340	0.013025461696088314
2341	0.014110702089965343
2342	0.014361239969730377
2343	0.02587185800075531
2344	0.04572194814682007
2345	0.1679563671350479
2346	0.5496578216552734
2347	0.6621658205986023
2348	0.7447575330734253
2349	0.7316696047782898
2350	0.4501693844795227
2351	0.4820157587528229
2352	0.368455171585083
2353	0.16669678688049316
2354	0.05562543869018555
2355	0.14630146324634552
2356	0.160898357629776
2357	0.1800244301557541
2358	0.23262062668800354
2359	0.4383563697338104
2360	0.13078437745571136
2361	0.07235696166753769
2362	0.027705490589141846
2363	0.016597352921962738
2364	0.013156791217625141
2365	0.013650861568748951
2366	0.013187999837100506
2367	0.012470071204006672
2368	0.014737868681550026
2369	0.011937708593904972
2370	0.011378401890397072
2371	0.01570562832057476
2372	0.01409295853227377
2373	0.012920773588120937
2374	0.014342007227241993
2375	0.014387172646820545
2376	0.009346984326839447
2377	0.013031372800469398
2378	0.010978019796311855
2379	0.009938082657754421
2380	0.009515682235360146
2381	0.009182433597743511
2382	0.007513006217777729
2383	0.009144148789346218
2384	0.009369772858917713
2385	0.010932589881122112
2386	0.015324498526751995
2387	0.016444915905594826
2388	0.01068291999399662
2389	0.01845712400972843
2390	0.020534146577119827
2391	0.02250429429113865
2392	0.028892403468489647
2393	0.016716836020350456
2394	0.011229674331843853
2395	0.012811473570764065
2396	0.016471773386001587
2397	0.012840273790061474
2398	0.01649382896721363
2399	0.029735391959547997
2400	0.06617657095193863
2401	0.11760810762643814
2402	0.16830985248088837
2403	0.2047036737203598
2404	0.20909146964550018
2405	0.26018786430358887
2406	0.22264571487903595
2407	0.2736890912055969
2408	0.16694886982440948
2409	0.04238216578960419
2410	0.011465552262961864
2411	0.027665385976433754
2412	0.005613790359348059
2413	0.00807188730686903
2414	0.011579974554479122
2415	0.006023004185408354
2416	0.007334258407354355
2417	0.007654211018234491
2418	0.009619212709367275
2419	0.005880298558622599
2420	0.007140167057514191
2421	0.01117012184113264
2422	0.010473969392478466
2423	0.016588134691119194
2424	0.008543646894395351
2425	0.013517670333385468
2426	0.02018764056265354
2427	0.018017331138253212
2428	0.03204524517059326
2429	0.013908145017921925
2430	0.011916937306523323
2431	0.013920537196099758
2432	0.018964264541864395
2433	0.013240623287856579
2434	0.010932520031929016
2435	0.01207218412309885
2436	0.015609127469360828
2437	0.016194114461541176
2438	0.02155729942023754
2439	0.012486681342124939
2440	0.006288276519626379
2441	0.011239898391067982
2442	0.009005305357277393
2443	0.012152965180575848
2444	0.009900446981191635
2445	0.007280382793396711
2446	0.013021498918533325
2447	0.007335474248975515
2448	0.005972527898848057
2449	0.011176511645317078
2450	0.010260465554893017
2451	0.009681351482868195
2452	0.00630829855799675
2453	0.010855622589588165
2454	0.010818584822118282
2455	0.00921992864459753
2456	0.010920315980911255
2457	0.0065898350439965725
2458	0.005524993874132633
2459	0.005796439945697784
2460	0.0053118146024644375
2461	0.0072759524919092655
2462	0.0043202415108680725
2463	0.008453221060335636
2464	0.012039951048791409
2465	0.008330615237355232
2466	0.008078145794570446
2467	0.009389856830239296
2468	0.009592970833182335
2469	0.010082061402499676
2470	0.009313208051025867
2471	0.008224844001233578
2472	0.007579060737043619
2473	0.01002607773989439
2474	0.014478236436843872
2475	0.011422421783208847
2476	0.00879835244268179
2477	0.009082930162549019
2478	0.006490110885351896
2479	0.01189752109348774
2480	0.010855946689844131
2481	0.01007593609392643
2482	0.009763198904693127
2483	0.016161028295755386
2484	0.007760659791529179
2485	0.006955315358936787
2486	0.01352702546864748
2487	0.004708686377853155
2488	0.007627404760569334
2489	0.014186869375407696
2490	0.00805005431175232
2491	0.005317640956491232
2492	0.007572677917778492
2493	0.010416168719530106
2494	0.013528040610253811
2495	0.013582157902419567
2496	0.012529171071946621
2497	0.007280789315700531
2498	0.011256176047027111
2499	0.01235741376876831
2500	0.008545155636966228
2501	0.007664478849619627
2502	0.01153508946299553
2503	0.012423480860888958
2504	0.009832828305661678
2505	0.013830296695232391
2506	0.010237335227429867
2507	0.009854110889136791
2508	0.006700083613395691
2509	0.01229756511747837
2510	0.007075571455061436
2511	0.005620480515062809
2512	0.006683745887130499
2513	0.007106761913746595
2514	0.007051710970699787
2515	0.00841356348246336
2516	0.008031344972550869
2517	0.008396717719733715
2518	0.005848063621670008
2519	0.006021596025675535
2520	0.005183609668165445
2521	0.00819795485585928
2522	0.008111659437417984
2523	0.00568747753277421
2524	0.005316757597029209
2525	0.004830088000744581
2526	0.0038246531039476395
2527	0.006094233598560095
2528	0.004625838715583086
2529	0.007501606829464436
2530	0.00647885724902153
2531	0.006202987860888243
2532	0.0066704945638775826
2533	0.0071744658052921295
2534	0.0057584927417337894
2535	0.005298066884279251
2536	0.006037531420588493
2537	0.008085263893008232
2538	0.007791526615619659
2539	0.00611497089266777
2540	0.0061052339151501656
2541	0.008702250197529793
2542	0.014110135845839977
2543	0.009322397410869598
2544	0.010930216871201992
2545	0.010994543321430683
2546	0.007704066578298807
2547	0.011248001828789711
2548	0.004453747998923063
2549	0.004971260670572519
2550	0.005192229058593512
2551	0.003821280552074313
2552	0.002295995829626918
2553	0.003389520337805152
2554	0.002620347309857607
2555	0.004347268026322126
2556	0.004557774402201176
2557	0.004299929365515709
2558	0.004572080913931131
2559	0.004792062100023031
2560	0.00472639873623848
2561	0.00558412866666913
2562	0.004323814995586872
2563	0.004091454204171896
2564	0.003748070215806365
2565	0.0038096406497061253
2566	0.004215750843286514
2567	0.0030165477655828
2568	0.003335534129291773
2569	0.0028266077861189842
2570	0.0034672170877456665
2571	0.0037082608323544264
2572	0.003310202853754163
2573	0.0034196858759969473
2574	0.0028566073160618544
2575	0.00361566967330873
2576	0.0036788370925933123
2577	0.00468156673014164
2578	0.003995019476860762
2579	0.004411644767969847
2580	0.0043853637762367725
2581	0.0045952158980071545
2582	0.005119243636727333
2583	0.004226046148687601
2584	0.0032894969917833805
2585	0.0031933418940752745
2586	0.0033908875193446875
2587	0.003792282659560442
2588	0.003478140104562044
2589	0.003936090972274542
2590	0.0037068978417664766
2591	0.005411943886429071
2592	0.006027739029377699
2593	0.007699993439018726
2594	0.007205251604318619
2595	0.0036603049375116825
2596	0.004341853782534599
2597	0.005810089875012636
2598	0.004497911315411329
2599	0.004968033637851477
2600	0.004362943582236767
2601	0.0044089448638260365
2602	0.006006473209708929
2603	0.004738449584692717
2604	0.003964955452829599
2605	0.004228697158396244
2606	0.0039384327828884125
2607	0.008976410143077374
2608	0.009592488408088684
2609	0.009274634532630444
2610	0.03848345950245857
2611	0.028979135677218437
2612	0.019021639600396156
2613	0.08958685398101807
2614	0.01582539640367031
2615	0.026374174281954765
2616	0.09204725921154022
2617	0.22564075887203217
2618	0.2426992505788803
2619	0.10234979540109634
2620	0.06340520828962326
2621	0.062126751989126205
2622	0.09745600074529648
2623	0.15703539550304413
2624	0.3127792775630951
2625	0.5238179564476013
2626	0.5326334834098816
2627	0.8634276390075684
2628	0.90777987241745
2629	0.9491850137710571
2630	0.9294824004173279
2631	0.939887523651123
2632	0.8368703722953796
2633	0.8845747113227844
2634	0.8857054710388184
2635	0.8708273768424988
2636	0.7992653250694275
2637	0.806402325630188
2638	0.7792586088180542
2639	0.8199487924575806
2640	0.6892872452735901
2641	0.6376157999038696
2642	0.4936068654060364
2643	0.6899288296699524
2644	0.6406522989273071
2645	0.7051405310630798
2646	0.31841006875038147
2647	0.29876142740249634
2648	0.09214850515127182
2649	0.05480055883526802
2650	0.012760362587869167
2651	0.01322848815470934
2652	0.00899919867515564
2653	0.009314864873886108
2654	0.009238500148057938
2655	0.009609070606529713
2656	0.008963095024228096
2657	0.008997862227261066
2658	0.009088833816349506
2659	0.010668380185961723
2660	0.009913786314427853
2661	0.011272837407886982
2662	0.009418207220733166
2663	0.014093822799623013
2664	0.014615229330956936
2665	0.010533355176448822
2666	0.00935472920536995
2667	0.011011198163032532
2668	0.01016912143677473
2669	0.016127226874232292
2670	0.013517364859580994
2671	0.014599229209125042
2672	0.014218750409781933
2673	0.010044801980257034
2674	0.013121840544044971
2675	0.020183509215712547
