frame	prob
0	0.38626399636268616
1	0.3698446452617645
2	0.8940113186836243
3	0.894874095916748
4	0.9392871856689453
5	0.9289129376411438
6	0.9170719981193542
7	0.8126772046089172
8	0.6743719577789307
9	0.7564526796340942
10	0.9163686633110046
11	0.9299371838569641
12	0.8951590657234192
13	0.8939981460571289
14	0.9630617499351501
15	0.9565841555595398
16	0.9352321624755859
17	0.8388862609863281
18	0.9734987616539001
19	0.8898779153823853
20	0.9638752937316895
21	0.924136757850647
22	0.9443843960762024
23	0.9164108633995056
24	0.9714617133140564
25	0.9628705978393555
26	0.9625011682510376
27	0.9471138119697571
28	0.9386741518974304
29	0.9479392170906067
30	0.9595707058906555
31	0.9555067420005798
32	0.9544572830200195
33	0.9592182040214539
34	0.848106324672699
35	0.9193486571311951
36	0.961874783039093
37	0.907058835029602
38	0.9311148524284363
39	0.9460691809654236
40	0.9169354438781738
41	0.963667094707489
42	0.9693672060966492
43	0.9700130820274353
44	0.9766862988471985
45	0.9665250778198242
46	0.9395689368247986
47	0.9715160727500916
48	0.9713099598884583
49	0.9605283737182617
50	0.9734183549880981
51	0.964224636554718
52	0.9776105880737305
53	0.942232072353363
54	0.9689623117446899
55	0.9460986256599426
56	0.9572124481201172
57	0.9481784105300903
58	0.9640626907348633
59	0.8835338950157166
60	0.9469113349914551
61	0.965302586555481
62	0.9488755464553833
63	0.9671362042427063
64	0.9640962481498718
65	0.7817448973655701
66	0.9389793276786804
67	0.9565807580947876
68	0.970836341381073
69	0.9606961607933044
70	0.967839241027832
71	0.9826062321662903
72	0.9510266184806824
73	0.9685603976249695
74	0.9347845315933228
75	0.9574849009513855
76	0.931313157081604
77	0.9433826804161072
78	0.8962468504905701
79	0.9059314727783203
80	0.9258581399917603
81	0.9758655428886414
82	0.9631329774856567
83	0.9448927044868469
84	0.9813701510429382
85	0.9761896133422852
86	0.9586805701255798
87	0.962802529335022
88	0.9755989909172058
89	0.9635741114616394
90	0.9867885708808899
91	0.974327564239502
92	0.9730929732322693
93	0.9408424496650696
94	0.9458714723587036
95	0.9400162100791931
96	0.9111477732658386
97	0.6841128468513489
98	0.4035072922706604
99	0.04000120237469673
100	0.01641373336315155
101	0.018928740173578262
102	0.010764272883534431
103	0.008592543192207813
104	0.009899991564452648
105	0.0092533053830266
106	0.009258008562028408
107	0.011147948913276196
108	0.011589246802031994
109	0.01150410808622837
110	0.009679150767624378
111	0.009122306481003761
112	0.009981553070247173
113	0.008304593153297901
114	0.010119499638676643
115	0.009217371232807636
116	0.010114789009094238
117	0.008736622519791126
118	0.010158451274037361
119	0.008842994458973408
120	0.011322880163788795
121	0.011472160927951336
122	0.012704111635684967
123	0.010418534278869629
124	0.011211673729121685
125	0.011125321500003338
126	0.010810323059558868
127	0.010731354355812073
128	0.010906714014708996
129	0.010630331933498383
130	0.007532245945185423
131	0.012118230573832989
132	0.012023566290736198
133	0.012437633238732815
134	0.013332068920135498
135	0.011494805105030537
136	0.00965595617890358
137	0.0077541284263134
138	0.006080591585487127
139	0.005555111449211836
140	0.004860508721321821
141	0.004993104841560125
142	0.004401371814310551
143	0.0052427733317017555
144	0.00518070301041007
145	0.005293776746839285
146	0.00809959415346384
147	0.004645899403840303
148	0.0038254247047007084
149	0.00454620411619544
150	0.004096602089703083
151	0.006834702100604773
152	0.004734646063297987
153	0.0053666033782064915
154	0.004114416893571615
155	0.0038996636867523193
156	0.004429895430803299
157	0.004801429342478514
158	0.003595758229494095
159	0.00481346994638443
160	0.0038162439595907927
161	0.0035872478038072586
162	0.0045294868759810925
163	0.004724796861410141
164	0.005056950729340315
165	0.005100731272250414
166	0.003797907382249832
167	0.006061501335352659
168	0.005290592554956675
169	0.0049637695774436
170	0.005127639509737492
171	0.0051152207888662815
172	0.005216375924646854
173	0.004367833025753498
174	0.005088027101010084
175	0.005319550633430481
176	0.004758930765092373
177	0.004417626652866602
178	0.004523989744484425
179	0.007202748209238052
180	0.004892822355031967
181	0.005346427205950022
182	0.003974040504544973
183	0.0048715644516050816
184	0.003848765743896365
185	0.005502619314938784
186	0.004558331798762083
187	0.0071279690600931644
188	0.004811745136976242
189	0.006045629736036062
190	0.005762211512774229
191	0.004764494951814413
192	0.0050104642286896706
193	0.004833932500332594
194	0.005497698672115803
195	0.005480324383825064
196	0.005153558682650328
197	0.004770986270159483
198	0.003906480967998505
199	0.003721956629306078
200	0.004278079606592655
201	0.003848826978355646
202	0.0036908418405801058
203	0.004270824138075113
204	0.004038728307932615
205	0.0034325935412198305
206	0.003612773260101676
207	0.005305188242346048
208	0.005828884430229664
209	0.004804730881005526
210	0.005379693582653999
211	0.00519567308947444
212	0.00627551693469286
213	0.004565633367747068
214	0.004778547678142786
215	0.0054635778069496155
216	0.005997401662170887
217	0.0067865424789488316
218	0.006994049996137619
219	0.007386790122836828
220	0.006549638696014881
221	0.0053278193809092045
222	0.006022983696311712
223	0.0054424721747636795
224	0.005318731069564819
225	0.005359487142413855
226	0.005484023131430149
227	0.004198230803012848
228	0.0042133452370762825
229	0.004337884020060301
230	0.004888822324573994
231	0.004648470785468817
232	0.004748620092868805
233	0.005288626533001661
234	0.005458557978272438
235	0.0054490030743181705
236	0.005564765073359013
237	0.0051277875900268555
238	0.006235259119421244
239	0.005770390387624502
240	0.005172488279640675
241	0.006372667849063873
242	0.0055708736181259155
243	0.00619089137762785
244	0.005986854434013367
245	0.0062708742916584015
246	0.005781092680990696
247	0.0071384781040251255
248	0.0055435639806091785
249	0.006360569503158331
250	0.006760326214134693
251	0.006047149654477835
252	0.0063556404784321785
253	0.006018378771841526
254	0.006497986614704132
255	0.006296041887253523
256	0.0067991698160767555
257	0.007813379168510437
258	0.006494756322354078
259	0.008103825151920319
260	0.01031375303864479
261	0.008247027173638344
262	0.009210928343236446
263	0.00921360682696104
264	0.008064374327659607
265	0.011528301052749157
266	0.008335649035871029
267	0.011772221885621548
268	0.009702828712761402
269	0.012942701578140259
270	0.007372857071459293
271	0.010571925900876522
272	0.010033330880105495
273	0.00898886937648058
274	0.00859774649143219
275	0.009944090619683266
276	0.009653215296566486
277	0.008595794439315796
278	0.009151111356914043
279	0.00998329184949398
280	0.01116762962192297
281	0.008866342715919018
282	0.011559395119547844
283	0.010961756110191345
284	0.008164498023688793
285	0.007636623922735453
286	0.00834379717707634
287	0.015658283606171608
288	0.017048304900527
289	0.012152505107223988
290	0.009426784701645374
291	0.010213379748165607
292	0.00935011450201273
293	0.007993984036147594
294	0.009649275802075863
295	0.010722452774643898
296	0.010207854211330414
297	0.008959397673606873
298	0.009142863564193249
299	0.009148037992417812
300	0.006778091192245483
301	0.005232521798461676
302	0.005772080272436142
303	0.007063537836074829
304	0.008579911664128304
305	0.006791061256080866
306	0.005445022601634264
307	0.00759923318400979
308	0.0055811479687690735
309	0.006561582442373037
310	0.006326810922473669
311	0.006106334272772074
312	0.003883145749568939
313	0.0044510154984891415
314	0.006113049574196339
315	0.006406435277312994
316	0.005081214942038059
317	0.004088322166353464
318	0.004510158207267523
319	0.005386254284530878
320	0.0050535076297819614
321	0.004770193248987198
322	0.004425399005413055
323	0.004423551727086306
324	0.00532039487734437
325	0.005824132356792688
326	0.005947522819042206
327	0.006308588664978743
328	0.00654414389282465
329	0.00598121527582407
330	0.004755416419357061
331	0.0049984087236225605
332	0.0046074832789599895
333	0.005281414370983839
334	0.004592782352119684
335	0.005560833960771561
336	0.004823530558496714
337	0.0036660877522081137
338	0.003214955097064376
339	0.0039511737413704395
340	0.004944253247231245
341	0.004170028027147055
342	0.003843856742605567
343	0.0045817396603524685
344	0.004180929157882929
345	0.00533658592030406
346	0.004544760566204786
347	0.004367956425994635
348	0.004641999490559101
349	0.0059085870161652565
350	0.005953351967036724
351	0.005275148432701826
352	0.0050126961432397366
353	0.006934651639312506
354	0.006159796845167875
355	0.007708607707172632
356	0.005617731716483831
357	0.0045461799018085
358	0.0038944396656006575
359	0.004068202804774046
360	0.004626904614269733
361	0.006337620317935944
362	0.0050352513790130615
363	0.0063996571116149426
364	0.00532686710357666
365	0.004846529103815556
366	0.004759085830301046
367	0.007047823164612055
368	0.0062028104439377785
369	0.006586781237274408
370	0.006621226202696562
371	0.0067564635537564754
372	0.0068432921543717384
373	0.00532808993011713
374	0.005353867541998625
375	0.005336885806173086
376	0.0054205432534217834
377	0.004050978925079107
378	0.003922642674297094
379	0.003883091500028968
380	0.003199554979801178
381	0.004005109425634146
382	0.003960009198635817
383	0.004101541358977556
384	0.0039004520513117313
385	0.005036397371441126
386	0.004652743227779865
387	0.0054788230918347836
388	0.005771823227405548
389	0.005155857652425766
390	0.0053327023051679134
391	0.008913381956517696
392	0.007546575274318457
393	0.007968191057443619
394	0.010435463860630989
395	0.011479564011096954
396	0.012020350433886051
397	0.017003875225782394
398	0.01829797960817814
399	0.012979465536773205
400	0.010967199690639973
401	0.009241292253136635
402	0.011420005932450294
403	0.011399286799132824
404	0.01243367325514555
405	0.016517972573637962
406	0.010485228151082993
407	0.007991606369614601
408	0.007248987443745136
409	0.011200081557035446
410	0.012706113047897816
411	0.009370599873363972
412	0.006865182425826788
413	0.00826571136713028
414	0.007832507602870464
415	0.00863360520452261
416	0.011531797237694263
417	0.007825181819498539
418	0.007021985948085785
419	0.007055644877254963
420	0.007929818704724312
421	0.006731316447257996
422	0.009431538172066212
423	0.00758763263002038
424	0.011124801822006702
425	0.0076184398494660854
426	0.0073829516768455505
427	0.008288437500596046
428	0.007887030020356178
429	0.006101579871028662
430	0.006012349855154753
431	0.006069535855203867
432	0.005338925402611494
433	0.005427508614957333
434	0.005349963437765837
435	0.005163329187780619
436	0.005292465444654226
437	0.005506088491529226
438	0.005529420915991068
439	0.005536739714443684
440	0.004723265767097473
441	0.004656806588172913
442	0.006299546454101801
443	0.00643187016248703
444	0.008833575993776321
445	0.009356299415230751
446	0.010566621087491512
447	0.007418781518936157
448	0.010557286441326141
449	0.011564038693904877
450	0.010976850055158138
451	0.00963789876550436
452	0.007462605834007263
453	0.0082458620890975
454	0.009808922186493874
455	0.010241999290883541
456	0.012204754166305065
457	0.010140943340957165
458	0.010551567189395428
459	0.012132261879742146
460	0.012416616082191467
461	0.009761687368154526
462	0.007466878276318312
463	0.007387725170701742
464	0.008586435578763485
465	0.007812746800482273
466	0.008599060587584972
467	0.007883368991315365
468	0.007576250471174717
469	0.006324562709778547
470	0.007398094981908798
471	0.00728105753660202
472	0.007020808756351471
473	0.006395241711288691
474	0.007916279137134552
475	0.007528216578066349
476	0.009166574105620384
477	0.00814890582114458
478	0.010329389944672585
479	0.01149094756692648
480	0.010821550153195858
481	0.013895804062485695
482	0.011820661835372448
483	0.01299534272402525
484	0.010828140191733837
485	0.012444763444364071
486	0.012706550769507885
487	0.019281884655356407
488	0.012690283358097076
489	0.022824229672551155
490	0.022020000964403152
491	0.04252321645617485
492	0.03012942150235176
493	0.06923165917396545
494	0.10150736570358276
495	0.06605806201696396
496	0.16392910480499268
497	0.20732684433460236
498	0.16579662263393402
499	0.2445245087146759
500	0.2247171849012375
501	0.3597569167613983
502	0.41370734572410583
503	0.41222071647644043
504	0.38534805178642273
505	0.5217962265014648
506	0.5349715352058411
507	0.45349302887916565
508	0.43612295389175415
509	0.21254213154315948
510	0.2304694503545761
511	0.5464484691619873
512	0.5120886564254761
513	0.5750688910484314
514	0.6195542216300964
515	0.42106881737709045
516	0.4489283561706543
517	0.21902243793010712
518	0.2573406994342804
519	0.18568384647369385
520	0.07241644710302353
521	0.10639816522598267
522	0.1023552194237709
523	0.13249175250530243
524	0.026412224397063255
525	0.010542143136262894
526	0.010255523025989532
527	0.010510778985917568
528	0.009904502891004086
529	0.00800845306366682
530	0.01011361088603735
531	0.013831856660544872
532	0.010774048045277596
533	0.013014537282288074
534	0.01099330373108387
535	0.010471143759787083
536	0.01298014260828495
537	0.010894852690398693
538	0.010201319120824337
539	0.011828030459582806
540	0.009810763411223888
541	0.012806542217731476
542	0.011555545032024384
543	0.011661897413432598
544	0.012388777919113636
545	0.00929953157901764
546	0.0092151565477252
547	0.010145093314349651
548	0.007973655126988888
549	0.007147412747144699
550	0.0068406299687922
551	0.006785397417843342
552	0.008195500820875168
553	0.013481753878295422
554	0.01259523630142212
555	0.0154373524710536
556	0.01624472439289093
557	0.017900196835398674
558	0.022550104185938835
559	0.02056986652314663
560	0.029007872566580772
561	0.0195454154163599
562	0.024330824613571167
563	0.024838941171765327
564	0.020635517314076424
565	0.022993646562099457
566	0.015460041351616383
567	0.02016121707856655
568	0.009015606716275215
569	0.008976836688816547
570	0.0070661217905581
571	0.005791132804006338
572	0.0065468186512589455
573	0.0076080323196947575
574	0.006746395956724882
575	0.00788157619535923
576	0.009229701943695545
577	0.010257168672978878
578	0.007819580845534801
579	0.009770802222192287
580	0.00831545889377594
581	0.009134872816503048
582	0.006739073898643255
583	0.007386352401226759
584	0.008908719755709171
585	0.013726301491260529
586	0.010297450236976147
587	0.015314643271267414
588	0.01423564087599516
589	0.01088335644453764
590	0.016665970906615257
591	0.015871046110987663
592	0.015818262472748756
593	0.019207706674933434
594	0.019302500411868095
595	0.01487093884497881
596	0.013270772993564606
597	0.017119884490966797
598	0.014897502027451992
599	0.021146420389413834
600	0.037660155445337296
601	0.19879204034805298
602	0.28364500403404236
603	0.34295669198036194
604	0.41820278763771057
605	0.4087265133857727
606	0.3766319453716278
607	0.18910856544971466
608	0.25954577326774597
609	0.16860418021678925
610	0.11662359535694122
611	0.2564082443714142
612	0.48506051301956177
613	0.422856867313385
614	0.31556183099746704
615	0.4380222260951996
616	0.37468820810317993
617	0.4730096757411957
618	0.6364758014678955
619	0.6681628227233887
620	0.7359856963157654
621	0.4911070466041565
622	0.36286693811416626
623	0.47127220034599304
624	0.4218935966491699
625	0.06262866407632828
626	0.048516646027565
627	0.07587272673845291
628	0.08855066448450089
629	0.024779297411441803
630	0.23639468848705292
631	0.5419816374778748
632	0.5707972645759583
633	0.3358747661113739
634	0.15730033814907074
635	0.08245458453893661
636	0.08579371124505997
637	0.054140981286764145
638	0.02674858830869198
639	0.014047293923795223
640	0.019259458407759666
641	0.01770053245127201
642	0.011353202164173126
643	0.009684132412075996
644	0.00819340255111456
645	0.008412185125052929
646	0.006817411165684462
647	0.007475502789020538
648	0.008256730623543262
649	0.007987509481608868
650	0.008314556442201138
651	0.007716056890785694
652	0.009441042318940163
653	0.007860076613724232
654	0.010018049739301205
655	0.007381363306194544
656	0.009547109715640545
657	0.009718607179820538
658	0.010176224634051323
659	0.009073707275092602
660	0.01085798442363739
661	0.010380642488598824
662	0.008383926935493946
663	0.008889584802091122
664	0.009357024915516376
665	0.12537410855293274
666	0.34014567732810974
667	0.33150550723075867
668	0.46628236770629883
669	0.46497008204460144
670	0.32000932097435
671	0.23069773614406586
672	0.7465760111808777
673	0.7350056171417236
674	0.7706567645072937
675	0.061771418899297714
676	0.08004271239042282
677	0.4709636867046356
678	0.577875554561615
679	0.028859807178378105
680	0.3070150911808014
681	0.39008626341819763
682	0.007910124957561493
683	0.008283316157758236
684	0.007379859685897827
685	0.007359675597399473
686	0.006797100882977247
687	0.0073053278028965
688	0.006374641787260771
689	0.006387635599821806
690	0.005586015526205301
691	0.005847334861755371
692	0.006846012081950903
693	0.008582144975662231
694	0.008155523799359798
695	0.007752847857773304
696	0.00991058349609375
697	0.01252814568579197
698	0.010099663399159908
699	0.009791173040866852
700	0.008477949537336826
701	0.00914144329726696
702	0.01181908417493105
703	0.020851098001003265
704	0.05171186849474907
705	0.21554134786128998
706	0.04349082335829735
707	0.028472984209656715
708	0.06556471437215805
709	0.03288387134671211
710	0.019308673217892647
711	0.027705878019332886
712	0.012472516857087612
713	0.015341199934482574
714	0.010167381726205349
715	0.008715231902897358
716	0.006071159616112709
717	0.007862747646868229
718	0.011079268530011177
719	0.009708917699754238
720	0.008108428679406643
721	0.0108861168846488
722	0.010814647190272808
723	0.017499998211860657
724	0.01316461618989706
725	0.01926286332309246
726	0.020810993388295174
727	0.022152893245220184
728	0.019402433186769485
729	0.018326779827475548
730	0.012138718739151955
731	0.012150402180850506
732	0.012095308862626553
733	0.015105384401977062
734	0.010272490791976452
735	0.009391048923134804
736	0.010473686270415783
737	0.011152205988764763
738	0.009984935633838177
739	0.009210254065692425
740	0.011885429732501507
741	0.01045743003487587
742	0.014204380102455616
743	0.012885130010545254
744	0.021124225109815598
745	0.023670105263590813
746	0.01944875158369541
747	0.019311998039484024
748	0.018813544884324074
749	0.015055716037750244
750	0.012597632594406605
751	0.011735940352082253
752	0.01205557119101286
753	0.01749442331492901
754	0.025701327249407768
755	0.08237045258283615
756	0.06468643993139267
757	0.09828656911849976
758	0.05991677567362785
759	0.1488400548696518
760	0.22783266007900238
761	0.20932058990001678
762	0.1005738154053688
763	0.15926586091518402
764	0.09791459888219833
765	0.2671632468700409
766	0.06771716475486755
767	0.03308333829045296
768	0.015216769650578499
769	0.01202895026654005
770	0.017367321997880936
771	0.018418971449136734
772	0.014573464170098305
773	0.011790260672569275
774	0.009988287463784218
775	0.01271889265626669
776	0.009076841175556183
777	0.010315529070794582
778	0.010631714947521687
779	0.010730170644819736
780	0.008270594291388988
781	0.010323353111743927
782	0.008763566613197327
783	0.009810208342969418
784	0.011577549390494823
785	0.009810777381062508
786	0.011677018366754055
787	0.01014567818492651
788	0.010708517394959927
789	0.009069195948541164
790	0.010629202239215374
791	0.008075978606939316
792	0.008155216462910175
793	0.005776213016360998
794	0.005725912284106016
795	0.0070776804350316525
796	0.0052076405845582485
797	0.007589517626911402
798	0.011324794963002205
799	0.008680448867380619
800	0.008074908517301083
801	0.009937555529177189
802	0.005709536373615265
803	0.006652639713138342
804	0.0061824205331504345
805	0.0049680666998028755
806	0.011963032186031342
807	0.009117500856518745
808	0.006449053529649973
809	0.00780504522845149
810	0.004673766437917948
811	0.005868514534085989
812	0.005746809765696526
813	0.010455246083438396
814	0.011633193120360374
815	0.008074265904724598
816	0.006240231916308403
817	0.006227988284081221
818	0.009782860055565834
819	0.009449695236980915
820	0.008767557330429554
821	0.00668374914675951
822	0.006312091834843159
823	0.005454018246382475
824	0.00648398557677865
825	0.006265002768486738
826	0.007508465554565191
827	0.008018488995730877
828	0.009198728017508984
829	0.007934185676276684
830	0.007366745267063379
831	0.007535939104855061
832	0.009646526537835598
833	0.008518971502780914
834	0.009464732371270657
835	0.006734801921993494
836	0.010631549172103405
837	0.009983528405427933
838	0.011679585091769695
839	0.010272994637489319
840	0.008488690480589867
841	0.010253313928842545
842	0.010241752490401268
843	0.008475719951093197
844	0.009122596122324467
845	0.0075944759882986546
846	0.0066350409761071205
847	0.0066310144029557705
848	0.003773089963942766
849	0.005109348800033331
850	0.005100734531879425
851	0.006559289526194334
852	0.006573294289410114
853	0.0060886493884027
854	0.0062602185644209385
855	0.005508629139512777
856	0.0066978237591683865
857	0.006545511074364185
858	0.005696286913007498
859	0.008117537014186382
860	0.005987528711557388
861	0.009524773806333542
862	0.01213748287409544
863	0.01830625720322132
864	0.010691066272556782
865	0.01910187117755413
866	0.00911839958280325
867	0.013694769702851772
868	0.007144400384277105
869	0.014982238411903381
870	0.009073913097381592
871	0.0099659888073802
872	0.007183829788118601
873	0.009716383181512356
874	0.00896188523620367
875	0.00842095073312521
876	0.008302676491439342
877	0.00866477657109499
878	0.007416687440127134
879	0.008597293868660927
880	0.00904074963182211
881	0.010684526525437832
882	0.011325530707836151
883	0.009725655429065228
884	0.009459703229367733
885	0.010712607763707638
886	0.011815330944955349
887	0.010990813374519348
888	0.008536668494343758
889	0.006730412598699331
890	0.006660437677055597
891	0.00816937256604433
892	0.007250856142491102
893	0.006801885552704334
894	0.004865843802690506
895	0.004908657167106867
896	0.006098122335970402
897	0.004614426288753748
898	0.0054768528789281845
899	0.006131350994110107
900	0.004687131382524967
901	0.00513605447486043
902	0.0041350251995027065
903	0.005823570769280195
904	0.0061448561027646065
905	0.006101875565946102
906	0.005799200851470232
907	0.004986319690942764
908	0.005431503988802433
909	0.00523556349799037
910	0.006307304836809635
911	0.0039152177050709724
912	0.004447965882718563
913	0.005991027690470219
914	0.006198757328093052
915	0.004187105689197779
916	0.005770522635430098
917	0.005628860089927912
918	0.005401447415351868
919	0.005144430324435234
920	0.005126956384629011
921	0.0052032615058124065
922	0.004934628494083881
923	0.005283815320581198
924	0.005407474935054779
925	0.006755172740668058
926	0.006485593505203724
927	0.006247385870665312
928	0.00539362384006381
929	0.007342918310314417
930	0.008336623199284077
931	0.009301549755036831
932	0.026770351454615593
933	0.04302549362182617
934	0.09812972694635391
935	0.11082842200994492
936	0.17172622680664062
937	0.15437206625938416
938	0.0857342854142189
939	0.16200433671474457
940	0.26211485266685486
941	0.30288776755332947
942	0.3980422019958496
943	0.4930499494075775
944	0.43412765860557556
945	0.33710357546806335
946	0.41012126207351685
947	0.3587912917137146
948	0.2750951945781708
949	0.38644900918006897
950	0.5354213714599609
951	0.4685518741607666
952	0.5274300575256348
953	0.5412425398826599
954	0.6829150319099426
955	0.6620368957519531
956	0.6647107601165771
957	0.5307788252830505
958	0.4817741811275482
959	0.645178496837616
960	0.5715476274490356
961	0.731205403804779
962	0.6243902444839478
963	0.7960342168807983
964	0.5822311639785767
965	0.8628714680671692
966	0.8276950716972351
967	0.7537316083908081
968	0.8058698773384094
969	0.7872489094734192
970	0.8295467495918274
971	0.8910273909568787
972	0.9353473782539368
973	0.947173535823822
974	0.9000280499458313
975	0.9409955143928528
976	0.9169465899467468
977	0.9247598052024841
978	0.8980852365493774
979	0.8874241709709167
980	0.8690698742866516
981	0.8244721293449402
982	0.6541067361831665
983	0.2484864741563797
984	0.042144399136304855
985	0.17917101085186005
986	0.24570274353027344
987	0.170975923538208
988	0.03516826778650284
989	0.010338696651160717
990	0.011737257242202759
991	0.014627846889197826
992	0.012519394047558308
993	0.011304187588393688
994	0.010332277044653893
995	0.011141587980091572
996	0.010571048595011234
997	0.011901392601430416
998	0.009158431552350521
999	0.010611996054649353
1000	0.01069775689393282
1001	0.011349019594490528
1002	0.009426376782357693
1003	0.05296704173088074
1004	0.04231393337249756
1005	0.07428097724914551
1006	0.06846293061971664
1007	0.022937467321753502
1008	0.01912020705640316
1009	0.5727289319038391
1010	0.8855008482933044
1011	0.917794406414032
1012	0.7871367335319519
1013	0.6589634418487549
1014	0.28760847449302673
1015	0.2967046797275543
1016	0.36737266182899475
1017	0.25513097643852234
1018	0.4539808928966522
1019	0.08329770714044571
1020	0.2370566427707672
1021	0.07945158332586288
1022	0.1530630886554718
1023	0.22171619534492493
1024	0.15972435474395752
1025	0.3724305331707001
1026	0.40306147933006287
1027	0.6590054631233215
1028	0.7560147643089294
1029	0.7163862586021423
1030	0.8595095872879028
1031	0.8255336880683899
1032	0.7921422719955444
1033	0.8466610312461853
1034	0.7493025064468384
1035	0.7386250495910645
1036	0.7702495455741882
1037	0.7611882090568542
1038	0.8949422836303711
1039	0.9103830456733704
1040	0.9480911493301392
1041	0.9565772414207458
1042	0.8747426867485046
1043	0.9215311408042908
1044	0.9448815584182739
1045	0.8906130194664001
1046	0.8977711796760559
1047	0.93310546875
1048	0.8693931698799133
1049	0.8664236068725586
1050	0.8789036870002747
1051	0.8423164486885071
1052	0.8895349502563477
1053	0.7947192192077637
1054	0.7026983499526978
1055	0.6607844233512878
1056	0.5425389409065247
1057	0.421246200799942
1058	0.7473984956741333
1059	0.8447055220603943
1060	0.8724833726882935
1061	0.8976446986198425
1062	0.9452770352363586
1063	0.9730355143547058
1064	0.9826852083206177
1065	0.9518573880195618
1066	0.8523321151733398
1067	0.9496980905532837
1068	0.9387010931968689
1069	0.9347856640815735
1070	0.9465785026550293
1071	0.9772001504898071
1072	0.9664225578308105
1073	0.9753286242485046
1074	0.9847046136856079
1075	0.9721354842185974
1076	0.9674648642539978
1077	0.9598302841186523
1078	0.9429222941398621
1079	0.9511357545852661
1080	0.9680839776992798
1081	0.9610503315925598
1082	0.9504271745681763
1083	0.9313907623291016
1084	0.9317741394042969
1085	0.9419965744018555
1086	0.9163834452629089
1087	0.9378356337547302
1088	0.9738751649856567
1089	0.9588441252708435
1090	0.9744043350219727
1091	0.9804462790489197
1092	0.9832447171211243
1093	0.9542827606201172
1094	0.9703602194786072
1095	0.958931565284729
1096	0.9056760668754578
1097	0.930755078792572
1098	0.9153211712837219
1099	0.9576325416564941
1100	0.9354774355888367
1101	0.9680776000022888
1102	0.9569703340530396
1103	0.9751514792442322
1104	0.9546231627464294
1105	0.795648992061615
1106	0.8498916625976562
1107	0.8366975784301758
1108	0.6334477663040161
1109	0.5550623536109924
1110	0.6328560709953308
1111	0.19101932644844055
1112	0.16347207129001617
1113	0.40261879563331604
1114	0.05205022171139717
1115	0.006642330437898636
1116	0.003106018528342247
1117	0.004256931133568287
1118	0.0055635119788348675
1119	0.005483942572027445
1120	0.00575266731902957
1121	0.005524452310055494
1122	0.005640347488224506
1123	0.004797473084181547
1124	0.007419143803417683
1125	0.0074893939308822155
1126	0.008551998063921928
1127	0.008877321146428585
1128	0.010783195495605469
1129	0.010072196833789349
1130	0.012578164227306843
1131	0.011935001239180565
1132	0.008463007397949696
1133	0.011359100230038166
1134	0.010469691827893257
1135	0.011727196164429188
1136	0.01501839142292738
1137	0.01258112769573927
1138	0.0162038654088974
1139	0.014183178544044495
1140	0.015611717477440834
1141	0.012951801531016827
1142	0.01206074096262455
1143	0.012223265133798122
1144	0.015038320794701576
1145	0.016424864530563354
1146	0.011518937535583973
1147	0.012031014077365398
1148	0.009710964746773243
1149	0.011770854704082012
1150	0.01017577201128006
1151	0.012377876788377762
1152	0.015380007214844227
1153	0.015252827666699886
1154	0.012059979140758514
1155	0.012779313139617443
1156	0.016842534765601158
1157	0.013642615638673306
1158	0.0159382876008749
1159	0.015047739259898663
1160	0.0152366878464818
1161	0.015352665446698666
1162	0.013646273873746395
1163	0.016056638211011887
1164	0.012062758207321167
1165	0.017797289416193962
1166	0.016846776008605957
1167	0.013199284672737122
1168	0.014591701328754425
1169	0.015455889515578747
1170	0.021668169647455215
1171	0.015828724950551987
1172	0.014984391629695892
1173	0.017146898433566093
1174	0.014103218913078308
1175	0.012977182865142822
1176	0.012382952496409416
1177	0.012066371738910675
1178	0.012352016754448414
1179	0.011485609225928783
1180	0.012703308835625648
1181	0.014479205012321472
1182	0.011113910935819149
1183	0.012838169932365417
1184	0.008819827809929848
1185	0.01020902395248413
1186	0.00907647144049406
1187	0.009402148425579071
1188	0.008702026680111885
1189	0.009458919055759907
1190	0.008421545848250389
1191	0.008446553722023964
1192	0.007871478796005249
1193	0.008764643222093582
1194	0.008775844238698483
1195	0.009584661573171616
1196	0.010823647491633892
1197	0.011374615132808685
1198	0.007924099452793598
1199	0.011044151149690151
1200	0.012043875642120838
1201	0.012557019479572773
1202	0.010124331340193748
1203	0.012076972983777523
1204	0.01222789566963911
1205	0.012636999599635601
1206	0.010292604565620422
1207	0.010956649668514729
1208	0.011319644749164581
1209	0.008757272735238075
1210	0.009387543424963951
1211	0.010062667541205883
1212	0.010708248242735863
1213	0.010458012111485004
1214	0.009278140030801296
1215	0.013327578082680702
1216	0.011819666251540184
1217	0.010996304452419281
1218	0.010431108064949512
1219	0.011267040856182575
1220	0.011659801006317139
1221	0.012027371674776077
1222	0.010303602553904057
1223	0.009933745488524437
1224	0.008929573930799961
1225	0.011461125686764717
1226	0.009994152002036572
1227	0.009557116776704788
1228	0.010299579240381718
1229	0.009664444252848625
1230	0.008925038389861584
1231	0.01668451353907585
1232	0.006695365998893976
1233	0.007421163376420736
1234	0.006521482951939106
1235	0.0066655040718615055
1236	0.006716118659824133
1237	0.006304503884166479
1238	0.006844858173280954
1239	0.009423834271728992
1240	0.009478298015892506
1241	0.007117261178791523
1242	0.007709109224379063
1243	0.007169933523982763
1244	0.008986401371657848
1245	0.006909708958119154
1246	0.008899970911443233
1247	0.007496302481740713
1248	0.011551340110599995
1249	0.09215699136257172
1250	0.5322160720825195
1251	0.5811287760734558
1252	0.2836223542690277
1253	0.03793574124574661
1254	0.07031871378421783
1255	0.07799386978149414
1256	0.014861898496747017
1257	0.01727757416665554
1258	0.00924540963023901
1259	0.008432549424469471
1260	0.005750379990786314
1261	0.007931887172162533
1262	0.013909387402236462
1263	0.009641371667385101
1264	0.007261214312165976
1265	0.009062039665877819
1266	0.009849471040070057
1267	0.008572968654334545
1268	0.016969596967101097
1269	0.028936391696333885
1270	0.03147483617067337
1271	0.05494469404220581
1272	0.0342557430267334
1273	0.026386423036456108
1274	0.02241745963692665
1275	0.024597322568297386
1276	0.03202930465340614
1277	0.13568465411663055
1278	0.13128907978534698
1279	0.17704157531261444
1280	0.11265615373849869
1281	0.0513511560857296
1282	0.13294994831085205
1283	0.09809324145317078
1284	0.1846117079257965
1285	0.19785413146018982
1286	0.3052771985530853
1287	0.30301758646965027
1288	0.42127394676208496
1289	0.5339018106460571
1290	0.4471631646156311
1291	0.44919273257255554
1292	0.773106575012207
1293	0.7560771107673645
1294	0.7672107815742493
1295	0.7404475212097168
1296	0.7428087592124939
1297	0.7193741798400879
1298	0.805148720741272
1299	0.5481449961662292
1300	0.8427426218986511
1301	0.9051915407180786
1302	0.8607945442199707
1303	0.8441521525382996
1304	0.8392301797866821
1305	0.846817135810852
1306	0.8663831949234009
1307	0.8064177632331848
1308	0.8460497260093689
1309	0.7350041270256042
1310	0.7712790369987488
1311	0.6969001889228821
1312	0.7636035680770874
1313	0.738944947719574
1314	0.6286497116088867
1315	0.5528632998466492
1316	0.5320963263511658
1317	0.5844115018844604
1318	0.570537269115448
1319	0.6894053816795349
1320	0.7970288991928101
1321	0.6064490675926208
1322	0.7452410459518433
1323	0.8448177576065063
1324	0.7244006395339966
1325	0.724696159362793
1326	0.7390608787536621
1327	0.9138345122337341
1328	0.9103996157646179
1329	0.8578267097473145
1330	0.9029214978218079
1331	0.9369217157363892
1332	0.9160653948783875
1333	0.8859593272209167
1334	0.8602120280265808
1335	0.8453914523124695
1336	0.8989536166191101
1337	0.9069070816040039
1338	0.7939810156822205
1339	0.9022734761238098
1340	0.8297125101089478
1341	0.844586968421936
1342	0.7798629403114319
1343	0.7406155467033386
1344	0.6485615968704224
1345	0.36085477471351624
1346	0.5932843089103699
1347	0.5757299065589905
1348	0.27547359466552734
1349	0.010477256961166859
1350	0.006996423006057739
1351	0.006090895272791386
1352	0.007163648493587971
1353	0.005434395279735327
1354	0.005303237121552229
1355	0.005365703720599413
1356	0.005405934993177652
1357	0.006243113428354263
1358	0.00580858439207077
1359	0.007635833229869604
1360	0.00553683890029788
1361	0.005388119723647833
1362	0.004052845295518637
1363	0.007568648550659418
1364	0.007632225286215544
1365	0.007299521472305059
1366	0.005288958549499512
1367	0.009361790493130684
1368	0.007243142928928137
1369	0.007828486151993275
1370	0.009510327130556107
1371	0.011401933617889881
1372	0.013154600746929646
1373	0.017228353768587112
1374	0.012467870488762856
1375	0.01281963475048542
1376	0.025153299793601036
1377	0.015914877876639366
1378	0.03630944713950157
1379	0.03562408313155174
1380	0.0889313817024231
1381	0.03487750515341759
1382	0.025060677900910378
1383	0.026717498898506165
1384	0.02039651945233345
1385	0.022528043016791344
1386	0.029560288414359093
1387	0.021783927455544472
1388	0.01750689558684826
1389	0.030065948143601418
1390	0.030959004536271095
1391	0.028428947553038597
1392	0.030815690755844116
1393	0.037506457418203354
1394	0.04019659385085106
1395	0.02993232011795044
1396	0.06475650519132614
1397	0.04245324060320854
1398	0.057744741439819336
1399	0.05892961099743843
1400	0.03673822805285454
1401	0.04577062278985977
1402	0.03105025924742222
1403	0.04089295491576195
1404	0.05128249526023865
1405	0.07665129750967026
1406	0.03767715021967888
1407	0.037487126886844635
1408	0.04635930806398392
1409	0.042287230491638184
1410	0.04619070887565613
1411	0.055976200848817825
1412	0.04299696907401085
1413	0.05826370045542717
1414	0.049982476979494095
1415	0.06196555495262146
1416	0.050074975937604904
1417	0.04453745111823082
1418	0.05914565548300743
1419	0.028859416022896767
1420	0.023980313912034035
1421	0.06466454267501831
1422	0.059577565640211105
1423	0.03441111370921135
1424	0.03258698806166649
1425	0.038436006754636765
1426	0.05245644599199295
1427	0.04154251143336296
1428	0.037087541073560715
1429	0.029146913439035416
1430	0.02895755134522915
1431	0.0765891894698143
1432	0.03999590873718262
1433	0.01935177855193615
1434	0.018736522644758224
1435	0.01438046246767044
1436	0.012285768985748291
1437	0.015531808137893677
1438	0.015491971746087074
1439	0.012991532683372498
1440	0.018408525735139847
1441	0.011758719570934772
1442	0.008234369568526745
1443	0.009344285354018211
1444	0.009924188256263733
1445	0.00867108441889286
1446	0.009322402067482471
1447	0.00956097710877657
1448	0.012512917630374432
1449	0.008767294697463512
1450	0.0062179830856621265
1451	0.008464519865810871
1452	0.010257010348141193
1453	0.008853407576680183
1454	0.0064591155387461185
1455	0.008237254805862904
1456	0.00811993982642889
1457	0.007325595710426569
1458	0.008694693446159363
1459	0.009928137063980103
1460	0.0076723890379071236
1461	0.006586784031242132
1462	0.006646219175308943
1463	0.007896068505942822
1464	0.007677640300244093
1465	0.007835554890334606
1466	0.007202241104096174
1467	0.006084220949560404
1468	0.005552056711167097
1469	0.005680963862687349
1470	0.005065865349024534
1471	0.005321086384356022
1472	0.005173186305910349
1473	0.004812543746083975
1474	0.005523841828107834
1475	0.0044670263305306435
1476	0.0055849007330834866
1477	0.005047183483839035
1478	0.004956606775522232
1479	0.004646031651645899
1480	0.004501457791775465
1481	0.0047935498878359795
1482	0.005096118897199631
1483	0.004645812790840864
1484	0.005382348317652941
1485	0.00485369423404336
1486	0.006386210210621357
1487	0.004739538766443729
1488	0.004726628307253122
1489	0.005002567544579506
1490	0.004922176711261272
1491	0.00533696822822094
1492	0.004918326158076525
1493	0.0049278042279183865
1494	0.004228490870445967
1495	0.005982935894280672
1496	0.005665039177983999
1497	0.00515387300401926
1498	0.00690029701218009
1499	0.005851007532328367
1500	0.007106240838766098
1501	0.006095366086810827
1502	0.005065916571766138
1503	0.004986669402569532
1504	0.006041829939931631
1505	0.005354537162929773
1506	0.004962763283401728
1507	0.004434334579855204
1508	0.005752121564000845
1509	0.006034103222191334
1510	0.004821740090847015
1511	0.00556482607498765
1512	0.008617234416306019
1513	0.006736441049724817
1514	0.009713399223983288
1515	0.009717321954667568
1516	0.009210175834596157
1517	0.010115958750247955
1518	0.016078991815447807
1519	0.05127875879406929
1520	0.0265455674380064
1521	0.020422503352165222
1522	0.010980789549648762
1523	0.013534492813050747
1524	0.016693279147148132
1525	0.01448957622051239
1526	0.02770250476896763
1527	0.020655162632465363
1528	0.04167814180254936
1529	0.06923189014196396
1530	0.17361889779567719
1531	0.19282181560993195
1532	0.15612272918224335
1533	0.07721083611249924
1534	0.05938011035323143
1535	0.03534809499979019
1536	0.1202206164598465
1537	0.1310184746980667
1538	0.2941478192806244
1539	0.3343144357204437
1540	0.4000933766365051
1541	0.5393230319023132
1542	0.5908026099205017
1543	0.6461416482925415
1544	0.7618449330329895
1545	0.7418025135993958
1546	0.7897631525993347
1547	0.8131685256958008
1548	0.8300046920776367
1549	0.795353353023529
1550	0.8288532495498657
1551	0.7733462452888489
1552	0.8242103457450867
1553	0.7984640002250671
1554	0.8366895914077759
1555	0.7610217928886414
1556	0.6833212971687317
1557	0.6298792362213135
1558	0.4622563421726227
1559	0.42061081528663635
1560	0.634083092212677
1561	0.6887146830558777
1562	0.7192152142524719
1563	0.8881284594535828
1564	0.9169678092002869
1565	0.7126767039299011
1566	0.70374995470047
1567	0.6283828020095825
1568	0.7563612461090088
1569	0.4525957703590393
1570	0.5505760312080383
1571	0.4246639907360077
1572	0.5313610434532166
1573	0.4855915606021881
1574	0.5997424125671387
1575	0.5932309031486511
1576	0.6468415260314941
1577	0.7753161787986755
1578	0.7759978771209717
1579	0.6772173047065735
1580	0.9231740832328796
1581	0.9652778506278992
1582	0.9767290353775024
1583	0.9703428149223328
1584	0.9672741293907166
1585	0.9081341028213501
1586	0.654319703578949
1587	0.7469459772109985
1588	0.6609453558921814
1589	0.3073866069316864
1590	0.45871391892433167
1591	0.4677533209323883
1592	0.5521405339241028
1593	0.632533073425293
1594	0.6194612383842468
1595	0.745915949344635
1596	0.6252878308296204
1597	0.8590865135192871
1598	0.8011788725852966
1599	0.7261223793029785
1600	0.8335692286491394
1601	0.8521238565444946
1602	0.8410515189170837
1603	0.7870530486106873
1604	0.7981738448143005
1605	0.8438601493835449
1606	0.7820502519607544
1607	0.7321671843528748
1608	0.7843989729881287
1609	0.5242809653282166
1610	0.6705517172813416
1611	0.28145503997802734
1612	0.2682623267173767
1613	0.07922553271055222
1614	0.14509962499141693
1615	0.32841482758522034
1616	0.377831369638443
1617	0.36644846200942993
1618	0.4538497030735016
1619	0.27259156107902527
1620	0.45399075746536255
1621	0.5653629302978516
1622	0.44783902168273926
1623	0.2536773979663849
1624	0.43254509568214417
1625	0.2630285918712616
1626	0.5673144459724426
1627	0.6013340950012207
1628	0.7071882486343384
1629	0.8588436245918274
1630	0.7684479355812073
1631	0.8365412950515747
1632	0.7897585034370422
1633	0.7132142186164856
1634	0.6704394221305847
1635	0.6855849623680115
1636	0.4250302016735077
1637	0.3956185281276703
1638	0.29421791434288025
1639	0.27325859665870667
1640	0.17988121509552002
1641	0.18930459022521973
1642	0.17837445437908173
1643	0.0671578198671341
1644	0.09145718812942505
1645	0.14395791292190552
1646	0.06930927187204361
1647	0.12138371914625168
1648	0.18325288593769073
1649	0.1622857302427292
1650	0.11784346401691437
1651	0.22311830520629883
1652	0.20744405686855316
1653	0.296767920255661
1654	0.30985909700393677
1655	0.2788439393043518
1656	0.27021920680999756
1657	0.2003854364156723
1658	0.24611297249794006
1659	0.295003741979599
1660	0.27880164980888367
1661	0.4357976019382477
1662	0.24229216575622559
1663	0.28913530707359314
1664	0.6387321352958679
1665	0.7276973128318787
1666	0.49824419617652893
1667	0.6575426459312439
1668	0.6242938041687012
1669	0.6752699017524719
1670	0.5071725845336914
1671	0.6428977251052856
1672	0.671470582485199
1673	0.7187730073928833
1674	0.5168864130973816
1675	0.5087971091270447
1676	0.4007580876350403
1677	0.5559321641921997
1678	0.531966507434845
1679	0.5058342814445496
1680	0.45280423760414124
1681	0.582054078578949
1682	0.4512726962566376
1683	0.5336249470710754
1684	0.6859172582626343
1685	0.5130624771118164
1686	0.621954619884491
1687	0.743403434753418
1688	0.4756403863430023
1689	0.30040159821510315
1690	0.4522499144077301
1691	0.659171462059021
1692	0.5605444312095642
1693	0.7908461689949036
1694	0.7214703559875488
1695	0.893544614315033
1696	0.8290975689888
1697	0.8218963742256165
1698	0.8489667177200317
1699	0.8529918789863586
1700	0.9052015542984009
1701	0.8933822512626648
1702	0.7932996153831482
1703	0.854956328868866
1704	0.9176470637321472
1705	0.8940225839614868
1706	0.8076755404472351
1707	0.8085706830024719
1708	0.8397709727287292
1709	0.7195468544960022
1710	0.6393311023712158
1711	0.6531633734703064
1712	0.5592772364616394
1713	0.3890083432197571
1714	0.44441166520118713
1715	0.2887081801891327
1716	0.23712210357189178
1717	0.41253992915153503
1718	0.35240399837493896
1719	0.4724121689796448
1720	0.7982940077781677
1721	0.6804640889167786
1722	0.7992981672286987
1723	0.9006166458129883
1724	0.8938151597976685
1725	0.7894013524055481
1726	0.7348581552505493
1727	0.3639707565307617
1728	0.3339892327785492
1729	0.2901018559932709
1730	0.12107270956039429
1731	0.03222578763961792
1732	0.0445590503513813
1733	0.038436856120824814
1734	0.053571637719869614
1735	0.014797836542129517
1736	0.012930435128509998
1737	0.012170246802270412
1738	0.012613753788173199
1739	0.014848020859062672
1740	0.017072662711143494
1741	0.01396244764328003
1742	0.0262129008769989
1743	0.04830059036612511
1744	0.03716079145669937
1745	0.06173042207956314
1746	0.14647607505321503
1747	0.09504246711730957
1748	0.12202246487140656
1749	0.10515046119689941
1750	0.1128491684794426
1751	0.16675101220607758
1752	0.3142682611942291
1753	0.032481513917446136
1754	0.21887393295764923
1755	0.23738203942775726
1756	0.09119220823049545
1757	0.07498414069414139
1758	0.07882954925298691
1759	0.13213084638118744
1760	0.10437116771936417
1761	0.05761962756514549
1762	0.07893171161413193
1763	0.1336061805486679
1764	0.11818835884332657
1765	0.14000704884529114
1766	0.3196343779563904
1767	0.16416649520397186
1768	0.13852135837078094
1769	0.25298872590065
1770	0.1147032380104065
1771	0.10460083931684494
1772	0.24299836158752441
1773	0.2055576890707016
1774	0.03484977409243584
1775	0.14571888744831085
1776	0.12293276935815811
1777	0.14416228234767914
1778	0.21669523417949677
1779	0.20344515144824982
1780	0.26792973279953003
1781	0.17572779953479767
1782	0.21234726905822754
1783	0.1046937108039856
1784	0.14423008263111115
1785	0.15932007133960724
1786	0.09347596019506454
1787	0.07808676362037659
1788	0.07797148078680038
1789	0.05636720731854439
1790	0.051812149584293365
1791	0.09249662607908249
1792	0.11859571933746338
1793	0.15560655295848846
1794	0.1709667146205902
1795	0.13931922614574432
1796	0.16337524354457855
1797	0.29688772559165955
1798	0.4115832448005676
1799	0.2306659072637558
1800	0.041317667812108994
1801	0.1176527738571167
1802	0.11009999364614487
1803	0.025992540642619133
1804	0.00787607952952385
1805	0.009041362442076206
1806	0.010092671029269695
1807	0.006941243540495634
1808	0.008317221887409687
1809	0.008558823727071285
1810	0.007975012063980103
1811	0.0069452510215342045
1812	0.007794538047164679
1813	0.00814168993383646
1814	0.009425788186490536
1815	0.00891642551869154
1816	0.009640626609325409
1817	0.008987094275653362
1818	0.00853305496275425
1819	0.007686376105993986
1820	0.009343338198959827
1821	0.008284734562039375
1822	0.008701089769601822
1823	0.00861778948456049
1824	0.01071524154394865
1825	0.007464596536010504
1826	0.008566770702600479
1827	0.007654181215912104
1828	0.008568430319428444
1829	0.008115219883620739
1830	0.008495592512190342
1831	0.008875849656760693
1832	0.01114846020936966
1833	0.008995447307825089
1834	0.008142635226249695
1835	0.008906440809369087
1836	0.009359403513371944
1837	0.009311780333518982
1838	0.006654278840869665
1839	0.008645984344184399
1840	0.01164488960057497
1841	0.013822801411151886
1842	0.011744679883122444
1843	0.009499210864305496
1844	0.011023192666471004
1845	0.009580885991454124
1846	0.010765211656689644
1847	0.011136381886899471
1848	0.012916626408696175
1849	0.009824256412684917
1850	0.012830287218093872
1851	0.011933594010770321
1852	0.010722924955189228
1853	0.014771363697946072
1854	0.01032866258174181
1855	0.060998935252428055
1856	0.16167323291301727
1857	0.07421841472387314
1858	0.14317110180854797
1859	0.1703086942434311
1860	0.1597720831632614
1861	0.14873361587524414
1862	0.2243211716413498
1863	0.35837531089782715
1864	0.2824101746082306
1865	0.38061806559562683
1866	0.2093231976032257
1867	0.20505523681640625
1868	0.2320047914981842
1869	0.17971272766590118
1870	0.21662349998950958
1871	0.31816864013671875
1872	0.19923417270183563
1873	0.3254601061344147
1874	0.14083616435527802
1875	0.29682502150535583
1876	0.15699417889118195
1877	0.329679012298584
1878	0.5019347071647644
1879	0.4800663888454437
1880	0.5565711855888367
1881	0.6691665053367615
1882	0.6380874514579773
1883	0.5846347212791443
1884	0.6688602566719055
1885	0.5601086020469666
1886	0.46822047233581543
1887	0.5874646306037903
1888	0.7565104961395264
1889	0.5410507321357727
1890	0.6194663643836975
1891	0.5448989868164062
1892	0.441479355096817
1893	0.31844255328178406
1894	0.27358052134513855
1895	0.3897404968738556
1896	0.283632755279541
1897	0.5035101771354675
1898	0.33618101477622986
1899	0.32300588488578796
1900	0.32807543873786926
1901	0.5516570806503296
1902	0.42682862281799316
1903	0.5788738131523132
1904	0.5908063054084778
1905	0.34265246987342834
1906	0.4253547787666321
1907	0.30622124671936035
1908	0.36159777641296387
1909	0.37923505902290344
1910	0.42806893587112427
1911	0.4301963746547699
1912	0.5261792540550232
1913	0.5793150067329407
1914	0.4905654489994049
1915	0.5878893136978149
1916	0.605168342590332
1917	0.5720791220664978
1918	0.5140921473503113
1919	0.3846798539161682
1920	0.6411778330802917
1921	0.6959113478660583
1922	0.5239094495773315
1923	0.5346871018409729
1924	0.5529407858848572
1925	0.5760091543197632
1926	0.44953885674476624
1927	0.5780686736106873
1928	0.6300689578056335
1929	0.649543285369873
1930	0.6554854512214661
1931	0.5843674540519714
1932	0.665276050567627
1933	0.6648078560829163
1934	0.5991225242614746
1935	0.6734985709190369
1936	0.49282413721084595
1937	0.5986031889915466
1938	0.6453651785850525
1939	0.6582632064819336
1940	0.5612091422080994
1941	0.5028988718986511
1942	0.5060669183731079
1943	0.562541127204895
1944	0.495793879032135
1945	0.6040105223655701
1946	0.7246367931365967
1947	0.5154712200164795
1948	0.5506191253662109
1949	0.5992524027824402
1950	0.7372575402259827
1951	0.6451102495193481
1952	0.6419100165367126
1953	0.6661698222160339
1954	0.7460224032402039
1955	0.6335232257843018
1956	0.5611240267753601
1957	0.6337563395500183
1958	0.7927092909812927
1959	0.7044046521186829
1960	0.6973792910575867
1961	0.6767754554748535
1962	0.732193648815155
1963	0.623111367225647
1964	0.7125596404075623
1965	0.6482456922531128
1966	0.6849884390830994
1967	0.5774893760681152
1968	0.5828084945678711
1969	0.6063214540481567
1970	0.5779609680175781
1971	0.7281301617622375
1972	0.6268917918205261
1973	0.5712374448776245
1974	0.5168874263763428
1975	0.5143579840660095
1976	0.5567872524261475
1977	0.5104190707206726
1978	0.616487443447113
1979	0.5278320908546448
1980	0.44613581895828247
1981	0.4938379228115082
1982	0.3846026360988617
1983	0.5629734396934509
1984	0.5188214182853699
1985	0.5530158877372742
1986	0.3829914331436157
1987	0.44236668944358826
1988	0.5035391449928284
1989	0.41986075043678284
1990	0.40848952531814575
1991	0.5805457830429077
1992	0.56888347864151
1993	0.5254279971122742
1994	0.46341991424560547
1995	0.567619800567627
1996	0.45414724946022034
1997	0.47079944610595703
1998	0.3111511170864105
1999	0.2966608703136444
2000	0.1261613816022873
2001	0.09291964024305344
2002	0.2585638463497162
2003	0.1985522210597992
2004	0.20859575271606445
2005	0.030210742726922035
2006	0.00814917590469122
2007	0.008864790201187134
2008	0.008886556141078472
2009	0.011544005014002323
2010	0.010725629515945911
2011	0.011006462387740612
2012	0.009597934782505035
2013	0.011337244883179665
2014	0.012601773254573345
2015	0.010864202864468098
2016	0.013040668331086636
2017	0.009263955056667328
2018	0.01058979518711567
2019	0.008083892054855824
2020	0.00861738808453083
2021	0.006663333158940077
2022	0.006265273783355951
2023	0.007497704122215509
2024	0.006725827697664499
2025	0.006708831992000341
2026	0.008780795149505138
2027	0.008915952406823635
2028	0.010439708828926086
2029	0.012633590959012508
2030	0.013539910316467285
2031	0.008983409032225609
2032	0.006760012358427048
2033	0.005181254353374243
2034	0.004877995699644089
2035	0.005264002829790115
2036	0.006574546452611685
2037	0.009059639647603035
2038	0.012420271523296833
2039	0.007672787643969059
2040	0.006069544702768326
2041	0.006738575641065836
2042	0.013406028039753437
2043	0.010182797908782959
2044	0.008973955176770687
2045	0.008984672836959362
2046	0.00910731591284275
2047	0.008638205006718636
2048	0.00967289600521326
2049	0.009498079307377338
2050	0.009737315587699413
2051	0.023690206930041313
2052	0.01306887622922659
2053	0.01528893318027258
2054	0.01376260258257389
2055	0.018097814172506332
2056	0.02602207660675049
2057	0.06698933988809586
2058	0.059145737439394
2059	0.07574639469385147
2060	0.04002445563673973
2061	0.07764816284179688
2062	0.09551770985126495
2063	0.07964151352643967
2064	0.09966810047626495
2065	0.2576929032802582
2066	0.4204018712043762
2067	0.3234870731830597
2068	0.39041945338249207
2069	0.5068655014038086
2070	0.43356093764305115
2071	0.32213979959487915
2072	0.38590145111083984
2073	0.09463521838188171
2074	0.31253916025161743
2075	0.34046128392219543
2076	0.3013248145580292
2077	0.4347858428955078
2078	0.5556585788726807
2079	0.678734540939331
2080	0.3977131247520447
2081	0.481940358877182
2082	0.3728469908237457
2083	0.4194675385951996
2084	0.5224075317382812
2085	0.40841880440711975
2086	0.40985050797462463
2087	0.4243185222148895
2088	0.6001425981521606
2089	0.4169065058231354
2090	0.47124719619750977
2091	0.32889699935913086
2092	0.33322227001190186
2093	0.4621056020259857
2094	0.5290188193321228
2095	0.606071412563324
2096	0.4074977934360504
2097	0.2286798059940338
2098	0.37911590933799744
2099	0.3616786599159241
2100	0.5625684857368469
2101	0.41697654128074646
2102	0.3642347455024719
2103	0.6477552652359009
2104	0.6800054907798767
2105	0.47806110978126526
2106	0.3573228120803833
2107	0.237588033080101
2108	0.6564620137214661
2109	0.6373459100723267
2110	0.5918185114860535
2111	0.5350576639175415
2112	0.47256380319595337
2113	0.7064213156700134
2114	0.3835565745830536
2115	0.35714611411094666
2116	0.07304304838180542
2117	0.6843153834342957
2118	0.43407174944877625
2119	0.7050086259841919
2120	0.5732064247131348
2121	0.670712411403656
2122	0.7876841425895691
2123	0.5356835722923279
2124	0.5405448079109192
2125	0.6689303517341614
2126	0.5625882148742676
2127	0.06472676247358322
2128	0.3625076115131378
2129	0.4777300953865051
2130	0.7239966988563538
2131	0.6839766502380371
2132	0.6640457510948181
2133	0.5751315355300903
2134	0.5285359621047974
2135	0.6656743884086609
2136	0.3602871596813202
2137	0.12041424959897995
2138	0.2337181568145752
2139	0.3464980721473694
2140	0.4963996112346649
2141	0.5948271155357361
2142	0.7101936340332031
2143	0.6261429190635681
2144	0.599730908870697
2145	0.36509525775909424
2146	0.46027785539627075
2147	0.1167459711432457
2148	0.21515801548957825
2149	0.2849831283092499
2150	0.3278809189796448
2151	0.3827268183231354
2152	0.023817742243409157
2153	0.015265119262039661
2154	0.009124903939664364
2155	0.005635956767946482
2156	0.0066165621392428875
2157	0.007390000857412815
2158	0.008994929492473602
2159	0.008424988947808743
2160	0.009440915659070015
2161	0.00754140317440033
2162	0.009707443416118622
2163	0.008267362602055073
2164	0.007078943308442831
2165	0.007024821825325489
2166	0.006698869168758392
2167	0.00753693375736475
2168	0.00910300761461258
2169	0.010554488748311996
2170	0.00915226899087429
2171	0.008359122090041637
2172	0.007929814979434013
2173	0.006866786628961563
2174	0.005828194320201874
2175	0.007637565024197102
2176	0.008782075718045235
2177	0.007043282967060804
2178	0.006380134262144566
2179	0.006497716996818781
2180	0.0061878482811152935
2181	0.008728466928005219
2182	0.007562166545540094
2183	0.006910690572112799
2184	0.0049339341931045055
2185	0.006924312096089125
2186	0.007586675230413675
2187	0.005706452764570713
2188	0.005542263388633728
2189	0.005584563594311476
2190	0.006956763565540314
2191	0.007271816022694111
2192	0.006858758628368378
2193	0.0055115413852036
2194	0.006200482603162527
2195	0.007632000837475061
2196	0.008166174404323101
2197	0.01036792155355215
2198	0.006940094288438559
2199	0.006521814968436956
2200	0.0049045332707464695
2201	0.004621687810868025
2202	0.003920631017535925
2203	0.0040900628082454205
2204	0.004001172725111246
2205	0.004236452281475067
2206	0.003444256028160453
2207	0.003404066665098071
2208	0.005113193299621344
2209	0.005749136209487915
2210	0.01306682825088501
2211	0.018572181463241577
2212	0.015766596421599388
2213	0.026344895362854004
2214	0.03863272815942764
2215	0.032637495547533035
2216	0.022318048402667046
2217	0.024267245084047318
2218	0.02067616395652294
2219	0.032980047166347504
2220	0.02672330103814602
2221	0.022212093695998192
2222	0.021919647231698036
2223	0.017739364877343178
2224	0.018373997882008553
2225	0.013747802935540676
2226	0.01367514580488205
2227	0.01885162852704525
2228	0.012029680423438549
2229	0.014110803604125977
2230	0.009888127446174622
2231	0.013037914410233498
2232	0.01388595998287201
2233	0.010663257911801338
2234	0.013547412119805813
2235	0.008516221307218075
2236	0.009057863615453243
2237	0.00999851431697607
2238	0.00918593630194664
2239	0.01243988610804081
2240	0.010936236940324306
2241	0.011355520226061344
2242	0.013694144785404205
2243	0.012914803810417652
2244	0.011691517196595669
2245	0.005958691239356995
2246	0.007393996696919203
2247	0.011298377066850662
2248	0.011106441728770733
2249	0.008603616617619991
2250	0.008881814777851105
2251	0.009481465443968773
2252	0.008218133822083473
2253	0.006914816796779633
2254	0.0078086587600409985
2255	0.0076307132840156555
2256	0.009107653051614761
2257	0.009560657665133476
2258	0.009288537316024303
2259	0.00554410507902503
2260	0.0053242347203195095
2261	0.0048390403389930725
2262	0.004134511109441519
2263	0.003283575875684619
2264	0.004117839969694614
2265	0.004014304373413324
2266	0.004560762085020542
2267	0.003898149123415351
2268	0.004021552857011557
2269	0.0036794603802263737
2270	0.004449005238711834
2271	0.004920282866805792
2272	0.005148714408278465
2273	0.005738397594541311
2274	0.00592427933588624
2275	0.006245865952223539
2276	0.005825042258948088
2277	0.006747606676071882
2278	0.006155851762741804
2279	0.005155033897608519
2280	0.004004036076366901
2281	0.0040814015083014965
2282	0.0037943017669022083
2283	0.004334236960858107
2284	0.004182522185146809
2285	0.004545152187347412
2286	0.005158822517842054
2287	0.006770564708858728
2288	0.005490788258612156
2289	0.004589830990880728
2290	0.004544472321867943
2291	0.00411089276894927
2292	0.004132834263145924
2293	0.004229611251503229
2294	0.003994246479123831
2295	0.00428031524643302
2296	0.004429097753018141
2297	0.00437666941434145
2298	0.0040828026831150055
2299	0.004275745712220669
2300	0.004965861327946186
2301	0.005399490240961313
2302	0.007325624581426382
2303	0.0045149000361561775
2304	0.004933116026222706
2305	0.005150660406798124
2306	0.005763772409409285
2307	0.005917081609368324
2308	0.006928569171577692
2309	0.005893000867217779
2310	0.005734350066632032
2311	0.0057813250459730625
2312	0.006735810544341803
2313	0.007146933116018772
2314	0.005152746569365263
2315	0.005300669465214014
2316	0.00520417932420969
2317	0.0046530673280358315
2318	0.004606832750141621
2319	0.0049321274273097515
2320	0.004448805004358292
2321	0.004285075701773167
2322	0.005121181253343821
2323	0.005415609572082758
2324	0.004784047603607178
2325	0.004698566161096096
2326	0.0061813294887542725
2327	0.0060595376417040825
2328	0.006584594491869211
2329	0.006570613477379084
2330	0.006913505494594574
2331	0.007036555092781782
2332	0.0069643231108784676
2333	0.009159795939922333
2334	0.007300807628780603
2335	0.007483568973839283
2336	0.007831444032490253
2337	0.009683256037533283
2338	0.008036091923713684
2339	0.008453215472400188
2340	0.010673020966351032
2341	0.008865918964147568
2342	0.008209195919334888
2343	0.010334334336221218
2344	0.00842106994241476
2345	0.008598560467362404
2346	0.0075240484438836575
2347	0.01078698132187128
2348	0.011110027320683002
2349	0.013223621062934399
2350	0.010930745862424374
2351	0.011312906630337238
2352	0.010376706719398499
2353	0.013434496708214283
2354	0.011021479964256287
2355	0.01105386484414339
2356	0.0171437319368124
2357	0.015346014872193336
2358	0.011179952882230282
2359	0.013486250303685665
2360	0.012011689133942127
2361	0.012150167487561703
2362	0.009687460027635098
2363	0.011620387434959412
2364	0.011130203492939472
2365	0.009747877717018127
2366	0.009050550870597363
2367	0.010405506938695908
2368	0.009783380664885044
2369	0.008938043378293514
2370	0.010729006491601467
2371	0.010319479741156101
2372	0.012775120325386524
2373	0.013371193781495094
2374	0.01873614266514778
2375	0.018903696909546852
2376	0.041169244796037674
2377	0.017078951001167297
2378	0.01432802714407444
2379	0.013818308711051941
2380	0.01892363466322422
2381	0.01405857689678669
2382	0.0119944978505373
2383	0.015726489946246147
2384	0.046621184796094894
2385	0.023088084533810616
2386	0.03545401617884636
2387	0.04661799222230911
2388	0.04145548865199089
2389	0.04791521653532982
2390	0.05257144570350647
2391	0.01796726882457733
2392	0.02468881383538246
2393	0.014608464203774929
2394	0.016462406143546104
2395	0.056370653212070465
2396	0.04409022256731987
2397	0.036802854388952255
2398	0.02792779915034771
2399	0.040653571486473083
2400	0.1064053326845169
2401	0.04231899604201317
2402	0.06821151077747345
2403	0.0569191575050354
2404	0.03647454455494881
2405	0.03673070669174194
2406	0.06263813376426697
2407	0.06940671056509018
2408	0.04261855408549309
2409	0.08750908821821213
2410	0.12336864322423935
2411	0.07582912594079971
2412	0.044307511299848557
2413	0.0623316764831543
2414	0.043111514300107956
2415	0.04773835465312004
2416	0.03943939879536629
2417	0.0401904359459877
2418	0.025401217862963676
2419	0.03433486074209213
2420	0.06861367076635361
2421	0.034157462418079376
2422	0.04255061224102974
2423	0.023592142388224602
2424	0.018555400893092155
2425	0.01852802373468876
2426	0.02432623878121376
2427	0.01694609597325325
2428	0.019861513748764992
2429	0.01847779005765915
2430	0.018623366951942444
2431	0.016396645456552505
2432	0.008590104058384895
2433	0.007658629212528467
2434	0.007787697948515415
2435	0.00826833676546812
2436	0.006437511648982763
2437	0.005543755833059549
2438	0.006534113083034754
2439	0.006036670412868261
2440	0.007095766253769398
2441	0.007230677641928196
2442	0.006708653178066015
2443	0.006695907097309828
2444	0.007978648878633976
2445	0.008182101882994175
2446	0.008111526258289814
2447	0.008289231918752193
2448	0.010419582016766071
2449	0.007681891322135925
2450	0.007511486299335957
2451	0.007306407671421766
2452	0.00894977804273367
2453	0.008709429763257504
2454	0.009039796888828278
2455	0.008239096961915493
2456	0.008926513604819775
2457	0.008756272494792938
2458	0.009302929975092411
2459	0.009779657237231731
2460	0.011641564778983593
2461	0.009252666495740414
2462	0.00739569216966629
2463	0.010607530362904072
2464	0.007848328910768032
2465	0.008789090439677238
2466	0.007126872427761555
2467	0.009067905135452747
2468	0.00840867217630148
2469	0.00697669992223382
2470	0.0073815593495965
2471	0.007385763805359602
2472	0.006658296566456556
2473	0.006553931627422571
2474	0.005519814323633909
2475	0.009117312729358673
2476	0.005072934087365866
2477	0.00505630299448967
2478	0.003937236499041319
2479	0.004845007788389921
2480	0.004733589943498373
2481	0.005701868329197168
2482	0.007984956726431847
2483	0.008761106058955193
2484	0.009221838787198067
2485	0.005902582313865423
2486	0.004318941384553909
2487	0.0038477301131933928
2488	0.003367883851751685
2489	0.0036346339620649815
2490	0.005896891467273235
2491	0.006112349685281515
2492	0.007094226777553558
2493	0.0070909373462200165
2494	0.009714610874652863
2495	0.010244823060929775
2496	0.009045754559338093
2497	0.009025316685438156
2498	0.007732085417956114
2499	0.008884521201252937
2500	0.009093168191611767
2501	0.008108179084956646
2502	0.007811288814991713
2503	0.009992874227464199
2504	0.009712248109281063
2505	0.008759072981774807
2506	0.007751260884106159
2507	0.006626937072724104
2508	0.005957778077572584
2509	0.009517827071249485
2510	0.00840375479310751
2511	0.00787509884685278
2512	0.007399422582238913
2513	0.005967854987829924
2514	0.006303492467850447
2515	0.006250316742807627
2516	0.007168998010456562
2517	0.007534928619861603
2518	0.010704714804887772
2519	0.007579774595797062
2520	0.00826526340097189
2521	0.00699606304988265
2522	0.009236305952072144
2523	0.0063045434653759
2524	0.005973842926323414
2525	0.005286067258566618
2526	0.005052668042480946
2527	0.004247454460710287
2528	0.004837506916373968
2529	0.005082887597382069
2530	0.0057229469530284405
2531	0.004820463713258505
2532	0.004736115224659443
2533	0.004518723115324974
2534	0.0045884340070188046
2535	0.0041730995289981365
2536	0.0059888712130486965
2537	0.006190724205225706
2538	0.005858720745891333
2539	0.005339266266673803
2540	0.004183764103800058
2541	0.004934535827487707
2542	0.005629956256598234
2543	0.006187067367136478
2544	0.0068469480611383915
2545	0.007418422494083643
2546	0.00807259976863861
2547	0.00976773351430893
2548	0.006762982811778784
2549	0.006984120700508356
2550	0.005978373810648918
2551	0.00682712672278285
2552	0.005675848573446274
2553	0.006526025477796793
2554	0.00540124112740159
2555	0.00464646378532052
2556	0.0048615881241858006
2557	0.004216037690639496
2558	0.003878513118252158
2559	0.004516043700277805
2560	0.003676503198221326
2561	0.003922679927200079
2562	0.003839213168248534
2563	0.0032327591907233
2564	0.0037936531007289886
2565	0.004074362106621265
2566	0.005544367711991072
2567	0.005183926783502102
2568	0.003917378839105368
2569	0.004998990800231695
2570	0.004260162357240915
2571	0.004923474509268999
2572	0.0043388172052800655
2573	0.0039631761610507965
2574	0.004373608622699976
2575	0.003618821268901229
2576	0.003584081307053566
2577	0.002631167648360133
2578	0.0025843435432761908
2579	0.0025117152836173773
2580	0.0026333772111684084
2581	0.0023410734720528126
2582	0.0025306956376880407
2583	0.002880511339753866
2584	0.0027448066975921392
2585	0.002743921708315611
2586	0.003441847627982497
2587	0.0036092724185436964
2588	0.003416692605242133
2589	0.0039787511341273785
2590	0.004272126592695713
2591	0.006210944149643183
2592	0.007640160620212555
2593	0.010170175693929195
2594	0.008956903591752052
2595	0.010443510487675667
2596	0.009070836938917637
2597	0.007825701497495174
2598	0.008827450685203075
2599	0.008684766478836536
2600	0.00907591450959444
2601	0.008675959892570972
2602	0.007320556323975325
2603	0.007660915143787861
2604	0.009141226299107075
2605	0.00829577911645174
2606	0.007836437784135342
2607	0.007997515611350536
2608	0.008330872282385826
2609	0.008621357381343842
2610	0.005883894395083189
2611	0.005767329130321741
2612	0.0057838670909404755
2613	0.006198130082339048
2614	0.007061672862619162
2615	0.007484160363674164
2616	0.005654940847307444
2617	0.007808276917785406
2618	0.006160322576761246
2619	0.007189026568084955
2620	0.007967509329319
2621	0.011557419784367085
2622	0.006424211896955967
2623	0.006485896650701761
2624	0.007676818873733282
2625	0.0067502777092158794
2626	0.008136257529258728
2627	0.007892151363193989
2628	0.00796226691454649
2629	0.0073550730012357235
2630	0.007310335524380207
2631	0.007501833140850067
2632	0.010950731113553047
2633	0.00868944264948368
2634	0.009078635834157467
2635	0.007834709249436855
2636	0.0064836828969419
2637	0.0064915865659713745
2638	0.008097149431705475
2639	0.006456151604652405
2640	0.008076293393969536
2641	0.00641005951911211
2642	0.006120292004197836
2643	0.005368520971387625
2644	0.0044759465381503105
2645	0.0032038853969424963
2646	0.003392874961718917
2647	0.004230116959661245
2648	0.0039930082857608795
2649	0.005374551750719547
2650	0.006360997445881367
2651	0.004627108108252287
2652	0.0042996592819690704
2653	0.005611412227153778
2654	0.004699713084846735
2655	0.006745194084942341
2656	0.00590174738317728
2657	0.006053510587662458
2658	0.007855227217078209
2659	0.008537069894373417
2660	0.010053232312202454
2661	0.010461078956723213
2662	0.012061512097716331
2663	0.011078757233917713
2664	0.01303915586322546
2665	0.01400969922542572
2666	0.012269441969692707
2667	0.010884820483624935
2668	0.010289299301803112
2669	0.01132978219538927
2670	0.01316140592098236
2671	0.010710499249398708
2672	0.011238787323236465
2673	0.008418464101850986
2674	0.007122810464352369
2675	0.008168458007276058
2676	0.008184174075722694
2677	0.006902094930410385
2678	0.006656532175838947
2679	0.005432788282632828
2680	0.004940630402415991
2681	0.004999219905585051
2682	0.003590170294046402
2683	0.0056644887663424015
2684	0.00614757789298892
2685	0.006176459137350321
2686	0.0071359663270413876
2687	0.007042823825031519
2688	0.006892261561006308
2689	0.00920645147562027
2690	0.008318178355693817
2691	0.005539120640605688
2692	0.00718656787648797
2693	0.005530327558517456
2694	0.00649283966049552
2695	0.006315374281257391
2696	0.007156285922974348
2697	0.005999560002237558
2698	0.006346929352730513
2699	0.008822663687169552
2700	0.0071156821213662624
2701	0.005436675623059273
2702	0.005931380670517683
2703	0.005761515349149704
2704	0.007084779441356659
2705	0.007798417005687952
2706	0.006562277674674988
2707	0.005076587200164795
2708	0.004703141748905182
2709	0.006347008980810642
2710	0.00639191223308444
2711	0.015867117792367935
2712	0.00995633564889431
2713	0.007825692184269428
2714	0.013008994050323963
2715	0.005905048456043005
2716	0.008445492945611477
2717	0.009848923422396183
2718	0.00852895062416792
2719	0.011673372238874435
2720	0.006523478776216507
2721	0.006805896759033203
2722	0.005597769748419523
2723	0.004791341722011566
2724	0.004446237813681364
2725	0.004224339034408331
2726	0.004541114903986454
2727	0.004625583533197641
2728	0.003912860061973333
2729	0.0037316784728318453
2730	0.0031561111100018024
2731	0.0037113770376890898
2732	0.0031832940876483917
2733	0.004406500142067671
2734	0.004364699125289917
2735	0.0062423087656497955
2736	0.004223627503961325
2737	0.0060412208549678326
2738	0.007038650568574667
2739	0.00494476780295372
2740	0.004820541944354773
2741	0.006475600879639387
2742	0.005458274390548468
2743	0.00532169034704566
2744	0.005689776036888361
2745	0.004459307063370943
2746	0.004961633589118719
2747	0.005377256777137518
2748	0.005414717830717564
2749	0.0035484691616147757
2750	0.0035263702739030123
2751	0.00362345390021801
2752	0.004054739605635405
2753	0.0039087883196771145
2754	0.003540641162544489
2755	0.004152156412601471
2756	0.004182111006230116
2757	0.006034535821527243
2758	0.006423819810152054
2759	0.007154369261115789
2760	0.0051176599226891994
2761	0.005097611341625452
2762	0.005003057420253754
2763	0.006410288158804178
2764	0.006668808404356241
2765	0.006732137408107519
2766	0.0063800811767578125
2767	0.006160365883260965
2768	0.0072230384685099125
2769	0.007927114143967628
2770	0.0064394609071314335
2771	0.006585388910025358
2772	0.006677587982267141
2773	0.006106415297836065
2774	0.0051066139712929726
2775	0.007229705806821585
2776	0.005754231940954924
2777	0.00720210513100028
2778	0.00595696410164237
2779	0.006171601824462414
2780	0.00733382860198617
2781	0.005503357853740454
2782	0.007815367542207241
2783	0.007711765356361866
2784	0.006462735123932362
2785	0.007885095663368702
2786	0.006810803897678852
2787	0.008263920433819294
2788	0.006663964129984379
2789	0.012419594451785088
2790	0.009861729107797146
2791	0.010440724901854992
2792	0.011124572716653347
2793	0.011117895133793354
2794	0.00909361895173788
2795	0.009735650382936
2796	0.009005679748952389
2797	0.009999983012676239
2798	0.009133647195994854
2799	0.010659950785338879
2800	0.01260113250464201
2801	0.01240087952464819
2802	0.010843354277312756
2803	0.012702547013759613
2804	0.011211629025638103
2805	0.009983944706618786
2806	0.00638326583430171
2807	0.017100205644965172
2808	0.008606377057731152
2809	0.0077523826621472836
2810	0.0059750801883637905
2811	0.006502583622932434
2812	0.00711903115734458
2813	0.0100264186039567
2814	0.009866590611636639
2815	0.01456821896135807
2816	0.007530976086854935
2817	0.005485118832439184
2818	0.005880264099687338
2819	0.005035484675318003
2820	0.00847027637064457
2821	0.008459147997200489
2822	0.006664850749075413
2823	0.007588662207126617
2824	0.0072260163724422455
2825	0.00668696453794837
2826	0.007661968469619751
2827	0.012059559114277363
2828	0.010385304689407349
2829	0.009207114577293396
2830	0.010089319199323654
2831	0.009590878151357174
2832	0.007648412138223648
2833	0.007004349026829004
2834	0.0067033241502940655
2835	0.006503281649202108
2836	0.0072884815745055676
2837	0.006633426528424025
2838	0.0075113773345947266
2839	0.006939893122762442
2840	0.006618380546569824
2841	0.007324336562305689
2842	0.008384235203266144
2843	0.009143592789769173
2844	0.007268858142197132
2845	0.008018843829631805
2846	0.0076705352403223515
2847	0.011207333765923977
2848	0.007690268103033304
2849	0.00841801892966032
2850	0.0072662606835365295
2851	0.0072030783630907536
2852	0.0060660443268716335
2853	0.005309406202286482
2854	0.005986271891742945
2855	0.005345846060663462
2856	0.004934113007038832
2857	0.005249813664704561
2858	0.0037881636526435614
2859	0.004219475667923689
2860	0.004433279391378164
2861	0.005058841314166784
2862	0.005577034782618284
2863	0.005798028316348791
2864	0.005157461855560541
2865	0.006974376738071442
2866	0.005560433957725763
2867	0.005740154534578323
2868	0.004607762210071087
2869	0.005291659384965897
2870	0.004434993956238031
2871	0.004828054923564196
2872	0.004821756388992071
2873	0.0047239395789802074
2874	0.004903119057416916
2875	0.005219376180320978
2876	0.004845892544835806
2877	0.006021907087415457
2878	0.005450006108731031
2879	0.005506258457899094
2880	0.006900292821228504
2881	0.006037838291376829
2882	0.007937602698802948
2883	0.007563774473965168
2884	0.00666921166703105
2885	0.007484218571335077
2886	0.0071346573531627655
2887	0.008104116655886173
2888	0.007572413422167301
2889	0.01008377131074667
2890	0.007117230445146561
2891	0.007093363907188177
2892	0.00820656307041645
2893	0.007217047270387411
2894	0.007047668099403381
2895	0.007347121834754944
2896	0.007726558484137058
2897	0.007664793636649847
2898	0.006690116133540869
2899	0.0067778825759887695
2900	0.007442584726959467
2901	0.011819754727184772
2902	0.010121042840182781
2903	0.019085953012108803
2904	0.011850384995341301
2905	0.009706946089863777
2906	0.00838427897542715
2907	0.006780943367630243
2908	0.005381007678806782
2909	0.006774117238819599
2910	0.008319045417010784
2911	0.01144209410995245
2912	0.008797158487141132
2913	0.009757687337696552
2914	0.010390336625277996
2915	0.012484942562878132
2916	0.019674647599458694
2917	0.022413646802306175
2918	0.012651395983994007
2919	0.02269677259027958
2920	0.014037072658538818
2921	0.012051284313201904
2922	0.009400643408298492
2923	0.011177629232406616
2924	0.008475759997963905
2925	0.010361741296947002
2926	0.00729656545445323
2927	0.0073064835742115974
2928	0.006308129522949457
2929	0.0071353125385940075
2930	0.005451052915304899
2931	0.006395600736141205
2932	0.006720352917909622
2933	0.005955433938652277
2934	0.007421822752803564
2935	0.008550717495381832
2936	0.007296829950064421
2937	0.00810584332793951
2938	0.007612330373376608
2939	0.014864337630569935
2940	0.01386975683271885
2941	0.018620744347572327
2942	0.024610823020339012
2943	0.019077319651842117
2944	0.01908879540860653
2945	0.015943605452775955
2946	0.014390540309250355
2947	0.04139691963791847
2948	0.06740789860486984
2949	0.10702414810657501
2950	0.12145247310400009
2951	0.07323755323886871
2952	0.12362802028656006
2953	0.08729147166013718
2954	0.14528284966945648
2955	0.20266537368297577
2956	0.11583270877599716
2957	0.1088307648897171
2958	0.2906321883201599
2959	0.22406482696533203
2960	0.25233718752861023
2961	0.2878352105617523
2962	0.34424737095832825
2963	0.2820659577846527
2964	0.15238718688488007
2965	0.26657164096832275
2966	0.13845358788967133
2967	0.23174896836280823
2968	0.1987295299768448
2969	0.25790420174598694
2970	0.3573231101036072
2971	0.2697133719921112
2972	0.3352070450782776
2973	0.3587356209754944
2974	0.3211124837398529
2975	0.4235300123691559
2976	0.26505589485168457
2977	0.4715094268321991
2978	0.27896568179130554
2979	0.41233059763908386
2980	0.5024952292442322
2981	0.44546565413475037
2982	0.36565884947776794
2983	0.38216909766197205
2984	0.27862152457237244
2985	0.5582114458084106
2986	0.44207435846328735
2987	0.37592965364456177
2988	0.43375855684280396
2989	0.22137539088726044
2990	0.014994174242019653
2991	0.014795079827308655
2992	0.00824452843517065
2993	0.01515654381364584
2994	0.03875589370727539
2995	0.01715988479554653
2996	0.009149977937340736
2997	0.007050760090351105
2998	0.009273109026253223
2999	0.019266381859779358
3000	0.0392848365008831
3001	0.043514594435691833
3002	0.007939369417726994
3003	0.007129836827516556
3004	0.007745798211544752
3005	0.006645487155765295
3006	0.007760066073387861
3007	0.007954063825309277
3008	0.009190136566758156
3009	0.00726343272253871
3010	0.007122871465981007
3011	0.006390337832272053
3012	0.006940108723938465
3013	0.006890003569424152
3014	0.006170365493744612
3015	0.005586904473602772
3016	0.006383439991623163
3017	0.005235852207988501
3018	0.0064494856633245945
3019	0.005908271763473749
3020	0.007428262382745743
3021	0.006660159211605787
3022	0.008195447735488415
3023	0.008803273551166058
3024	0.009995288215577602
3025	0.007546917535364628
3026	0.007709580939263105
3027	0.007282096426934004
3028	0.006840880494564772
3029	0.006936048157513142
3030	0.008061538450419903
3031	0.0069709643721580505
3032	0.007043892052024603
3033	0.007149746175855398
3034	0.0057772318832576275
3035	0.005331043619662523
3036	0.006360303144901991
3037	0.005428780801594257
3038	0.005801204591989517
3039	0.005559924524277449
3040	0.005194694735109806
3041	0.004591678734868765
3042	0.005384833551943302
3043	0.005489954259246588
3044	0.005333320703357458
3045	0.0049887108616530895
3046	0.0038546861615031958
3047	0.004322841297835112
3048	0.004573082085698843
3049	0.003360511502251029
3050	0.0036571293603628874
3051	0.004114826675504446
3052	0.004688086453825235
3053	0.004520713817328215
3054	0.0031021200120449066
3055	0.002852638019248843
3056	0.0032094295602291822
3057	0.0040954118594527245
3058	0.00413765711709857
3059	0.004215747583657503
3060	0.0056174988858401775
3061	0.007054224610328674
3062	0.007089267950505018
3063	0.010507220402359962
3064	0.00998532585799694
3065	0.007178392261266708
3066	0.007998437620699406
3067	0.005697219166904688
3068	0.0048884013667702675
3069	0.005658153910189867
3070	0.00678355572745204
3071	0.006124868523329496
3072	0.007855859585106373
3073	0.011375274509191513
3074	0.009478616528213024
3075	0.014585131779313087
3076	0.01193721778690815
3077	0.020539535209536552
3078	0.04119713231921196
3079	0.05408860370516777
3080	0.15854857861995697
3081	0.20812587440013885
3082	0.04819643497467041
3083	0.1543484628200531
3084	0.02407906949520111
3085	0.12876006960868835
3086	0.19970762729644775
3087	0.24320752918720245
3088	0.14976537227630615
3089	0.33586832880973816
3090	0.26446256041526794
3091	0.31399673223495483
3092	0.14884454011917114
3093	0.2786138951778412
3094	0.5352451801300049
3095	0.3722517192363739
3096	0.6391721963882446
3097	0.5676202774047852
3098	0.5293118357658386
3099	0.5118469595909119
3100	0.5046584010124207
3101	0.5696396231651306
3102	0.6302462816238403
3103	0.6259754300117493
3104	0.5252395272254944
3105	0.5624266862869263
3106	0.42365360260009766
3107	0.4793601632118225
3108	0.40716981887817383
3109	0.3590395450592041
3110	0.38663822412490845
3111	0.41945981979370117
3112	0.1557636559009552
3113	0.10236366838216782
3114	0.032770879566669464
3115	0.028333766385912895
3116	0.03697896748781204
3117	0.27059656381607056
3118	0.10470711439847946
3119	0.12585438787937164
3120	0.2816118896007538
3121	0.376291424036026
3122	0.504734456539154
3123	0.45768973231315613
3124	0.4164111614227295
3125	0.5573412179946899
3126	0.640844464302063
3127	0.64784175157547
3128	0.3120882511138916
3129	0.5467923283576965
3130	0.677631139755249
3131	0.6890379190444946
3132	0.6446385383605957
3133	0.6345981955528259
3134	0.6520766615867615
3135	0.49316319823265076
3136	0.46643897891044617
3137	0.4943314492702484
3138	0.5321843028068542
3139	0.44374266266822815
3140	0.3547167181968689
3141	0.5049195885658264
3142	0.37414905428886414
3143	0.24402914941310883
3144	0.2995116710662842
3145	0.2987709641456604
3146	0.3340664803981781
3147	0.384754478931427
3148	0.3247741162776947
3149	0.4063849151134491
3150	0.3290121257305145
3151	0.5179393887519836
3152	0.36845535039901733
3153	0.43868422508239746
3154	0.43748942017555237
3155	0.03219298645853996
3156	0.6789986491203308
3157	0.6546892523765564
3158	0.7214012145996094
3159	0.7990747094154358
3160	0.6826621294021606
3161	0.7619715332984924
3162	0.025055086240172386
3163	0.014728635549545288
3164	0.008784547448158264
3165	0.018042851239442825
3166	0.49047955870628357
3167	0.2728577256202698
3168	0.36038753390312195
3169	0.562167763710022
3170	0.4853098392486572
3171	0.5703721046447754
3172	0.6855430603027344
3173	0.4951370358467102
3174	0.392281711101532
3175	0.43473297357559204
3176	0.637494683265686
3177	0.43418940901756287
3178	0.4877283275127411
3179	0.43614277243614197
3180	0.4606137275695801
3181	0.4380485713481903
3182	0.5404012799263
3183	0.4823458194732666
3184	0.5249724388122559
3185	0.436553955078125
3186	0.4419918954372406
3187	0.3272324204444885
3188	0.3048585057258606
3189	0.2690673768520355
3190	0.509859025478363
3191	0.2463577836751938
3192	0.6017844080924988
3193	0.38284358382225037
3194	0.726209819316864
3195	0.8022906184196472
3196	0.6849657893180847
3197	0.7875683307647705
3198	0.4875805974006653
3199	0.75750333070755
3200	0.7882495522499084
3201	0.8161464929580688
3202	0.7811496257781982
3203	0.6820966005325317
3204	0.7749111652374268
3205	0.7784233093261719
3206	0.7796188592910767
3207	0.5802912712097168
3208	0.5322812795639038
3209	0.5885027050971985
3210	0.61279296875
3211	0.6920706033706665
3212	0.6152094602584839
3213	0.427219957113266
3214	0.5730671882629395
3215	0.63308185338974
3216	0.5740730166435242
3217	0.5576111674308777
3218	0.4561959207057953
3219	0.5222834944725037
3220	0.6779431700706482
3221	0.5927329659461975
3222	0.6494970321655273
3223	0.6414555311203003
3224	0.7522324919700623
3225	0.5972906351089478
3226	0.5931453704833984
3227	0.6348241567611694
3228	0.6039671301841736
3229	0.614980161190033
3230	0.6688181161880493
3231	0.7065905928611755
3232	0.7459928393363953
3233	0.6607229113578796
3234	0.698287308216095
3235	0.631493091583252
3236	0.7772200703620911
3237	0.5990939140319824
3238	0.5143097043037415
3239	0.3018210232257843
3240	0.5109812617301941
3241	0.6109969019889832
3242	0.5436016917228699
3243	0.4226457178592682
3244	0.5863553881645203
3245	0.4954739511013031
3246	0.5383257865905762
3247	0.07458069175481796
3248	0.4567265510559082
3249	0.5429427027702332
3250	0.5024876594543457
3251	0.3263246715068817
3252	0.1868021935224533
3253	0.1999739110469818
3254	0.28551018238067627
3255	0.3321557641029358
3256	0.40754738450050354
3257	0.44147229194641113
3258	0.5519322752952576
3259	0.45209619402885437
3260	0.5910648107528687
3261	0.37840762734413147
3262	0.6017234921455383
3263	0.4992620646953583
3264	0.5001270174980164
3265	0.397447794675827
3266	0.41513291001319885
3267	0.35389256477355957
3268	0.5008396506309509
3269	0.4217073619365692
3270	0.3732788562774658
3271	0.5143604278564453
3272	0.5423856973648071
3273	0.3982616066932678
3274	0.5462514758110046
3275	0.6536144614219666
3276	0.729677677154541
3277	0.6143412590026855
3278	0.7321452498435974
3279	0.6431897282600403
3280	0.5613985061645508
3281	0.6502091884613037
3282	0.41962623596191406
3283	0.3643503785133362
3284	0.4961273670196533
3285	0.39891090989112854
3286	0.5032734870910645
3287	0.3769886791706085
3288	0.2844332754611969
3289	0.49586018919944763
3290	0.5203593373298645
3291	0.6826123595237732
3292	0.6147417426109314
3293	0.6621209979057312
3294	0.37448614835739136
3295	0.4720706045627594
3296	0.5786473155021667
3297	0.34564605355262756
3298	0.5643221139907837
3299	0.552078902721405
3300	0.055451638996601105
3301	0.6388716101646423
3302	0.47101426124572754
3303	0.19929343461990356
3304	0.6117734313011169
3305	0.738775372505188
3306	0.6684383749961853
3307	0.6855635046958923
3308	0.8296208381652832
3309	0.7340127825737
3310	0.6092089414596558
3311	0.6166703104972839
3312	0.6894212961196899
3313	0.4676825702190399
3314	0.6197825074195862
3315	0.542222261428833
3316	0.5962395668029785
3317	0.578512966632843
3318	0.6005112528800964
3319	0.6392399072647095
3320	0.6637997031211853
3321	0.6772857904434204
3322	0.6981003880500793
3323	0.6462308764457703
3324	0.5894042253494263
3325	0.12282556295394897
3326	0.2144792526960373
3327	0.5946661233901978
3328	0.6803557276725769
3329	0.5728517770767212
3330	0.6456431150436401
3331	0.7207313179969788
3332	0.7157163619995117
3333	0.7418824434280396
3334	0.7457375526428223
3335	0.7706944346427917
3336	0.7141721248626709
3337	0.7612723708152771
3338	0.8361340761184692
3339	0.6774894595146179
3340	0.7658658623695374
3341	0.8262805938720703
3342	0.8130971789360046
3343	0.8790298700332642
3344	0.7020522952079773
3345	0.726833164691925
3346	0.7672483921051025
3347	0.8272367715835571
3348	0.7932948470115662
3349	0.6960183382034302
3350	0.6489410996437073
3351	0.7066420912742615
3352	0.57352215051651
3353	0.5281489491462708
3354	0.7397759556770325
3355	0.7369404435157776
3356	0.6766754388809204
3357	0.8144453167915344
3358	0.8182369470596313
3359	0.7173566222190857
3360	0.6991068124771118
3361	0.6311851143836975
3362	0.7864440679550171
3363	0.42142677307128906
3364	0.7545181512832642
3365	0.7699013948440552
3366	0.6655277609825134
3367	0.6492103934288025
3368	0.7759382128715515
3369	0.7742187976837158
3370	0.32241740822792053
3371	0.6715640425682068
3372	0.7033566832542419
3373	0.5106541514396667
3374	0.6403279900550842
3375	0.4807640016078949
3376	0.6048654913902283
3377	0.5279189944267273
3378	0.45119696855545044
3379	0.6212019920349121
3380	0.6777777075767517
3381	0.6678457856178284
3382	0.7785325646400452
3383	0.5803265571594238
3384	0.6145978569984436
3385	0.5568737387657166
3386	0.5366150140762329
3387	0.6196054220199585
3388	0.6057758331298828
3389	0.6763493418693542
3390	0.6023190021514893
3391	0.6663125157356262
3392	0.6694747805595398
3393	0.7010321617126465
3394	0.6243390440940857
3395	0.45028963685035706
3396	0.5844458937644958
3397	0.6141006350517273
3398	0.48383742570877075
3399	0.5126150250434875
3400	0.6826117634773254
3401	0.6919785737991333
3402	0.5614301562309265
3403	0.5947645306587219
3404	0.6858634948730469
3405	0.6948484778404236
3406	0.5983468890190125
3407	0.5580312013626099
3408	0.6134892702102661
3409	0.6824974417686462
3410	0.6223685145378113
3411	0.42264994978904724
3412	0.5388971567153931
3413	0.45388564467430115
3414	0.6372584700584412
3415	0.6158517003059387
3416	0.4486611783504486
3417	0.3868940770626068
3418	0.5006092190742493
3419	0.4390554130077362
3420	0.44103097915649414
3421	0.38117581605911255
3422	0.38123688101768494
3423	0.266252338886261
3424	0.38366276025772095
3425	0.5755237936973572
3426	0.2958132028579712
3427	0.31583648920059204
3428	0.3324160873889923
3429	0.4821680188179016
3430	0.46212148666381836
3431	0.42189690470695496
3432	0.5102543830871582
3433	0.363728404045105
3434	0.42663389444351196
3435	0.3270277678966522
3436	0.3658806383609772
3437	0.37324199080467224
3438	0.3095588684082031
3439	0.5807344317436218
3440	0.371579647064209
3441	0.5567472577095032
3442	0.38487520813941956
3443	0.49495410919189453
3444	0.5622535943984985
3445	0.4795003831386566
3446	0.3947892487049103
3447	0.4041428565979004
3448	0.2731931805610657
3449	0.4227474629878998
3450	0.36260727047920227
3451	0.5099675059318542
3452	0.5264399647712708
3453	0.4452219009399414
3454	0.39900335669517517
3455	0.5616769194602966
3456	0.4712233543395996
3457	0.3510660231113434
3458	0.2958472669124603
3459	0.3021286129951477
3460	0.31078454852104187
3461	0.45010924339294434
3462	0.4443967044353485
3463	0.19231562316417694
3464	0.07633926719427109
3465	0.05129348114132881
3466	0.18793751299381256
3467	0.15216495096683502
3468	0.1464661955833435
3469	0.1877448856830597
3470	0.13537739217281342
3471	0.1578947752714157
3472	0.2526406943798065
3473	0.18494556844234467
3474	0.287916898727417
3475	0.30022069811820984
3476	0.11010787636041641
3477	0.14485983550548553
3478	0.056373339146375656
3479	0.024742165580391884
3480	0.014186638407409191
3481	0.0084671750664711
3482	0.011640756390988827
3483	0.03743080049753189
3484	0.11720015853643417
3485	0.07016759365797043
3486	0.07903487980365753
3487	0.026512205600738525
3488	0.08340215682983398
3489	0.10648816078901291
3490	0.13207006454467773
3491	0.1875649094581604
3492	0.10789864510297775
3493	0.1464308351278305
3494	0.116033174097538
3495	0.09625404328107834
3496	0.15077805519104004
3497	0.08221125602722168
3498	0.05229809507727623
3499	0.00788013357669115
3500	0.007464696653187275
3501	0.006997446995228529
3502	0.007923190481960773
3503	0.007480076048523188
3504	0.007609367370605469
3505	0.007209026720374823
3506	0.006854621227830648
3507	0.006443359889090061
3508	0.008584394119679928
3509	0.033594679087400436
3510	0.140773206949234
3511	0.3752541244029999
3512	0.25661855936050415
3513	0.33075469732284546
3514	0.4027281403541565
3515	0.4342605769634247
3516	0.49104538559913635
3517	0.33084043860435486
3518	0.45478692650794983
3519	0.4260334074497223
3520	0.5394541025161743
3521	0.43005043268203735
3522	0.4334351718425751
3523	0.2792973518371582
3524	0.4240361154079437
3525	0.11750685423612595
3526	0.1902017444372177
3527	0.2829079329967499
3528	0.21475158631801605
3529	0.2482645958662033
3530	0.3147825598716736
3531	0.2043183296918869
3532	0.22339896857738495
3533	0.23665271699428558
3534	0.09442968666553497
3535	0.16073547303676605
3536	0.29224705696105957
3537	0.23633670806884766
3538	0.20034681260585785
3539	0.31942054629325867
3540	0.30786219239234924
3541	0.4944596290588379
3542	0.5669924020767212
3543	0.3424786329269409
3544	0.3145880401134491
3545	0.33289286494255066
3546	0.27874046564102173
3547	0.3932200074195862
3548	0.28501302003860474
3549	0.12994705140590668
3550	0.07337633520364761
3551	0.13940219581127167
3552	0.04377807304263115
3553	0.06451252847909927
3554	0.10725998878479004
3555	0.08515243977308273
3556	0.10647683590650558
3557	0.11449916660785675
3558	0.10082568973302841
3559	0.24697783589363098
3560	0.12411969900131226
3561	0.24955172836780548
3562	0.15399648249149323
3563	0.46505042910575867
3564	0.6619125604629517
3565	0.6647883057594299
3566	0.5303754210472107
3567	0.4869696795940399
3568	0.5051350593566895
3569	0.5711774230003357
3570	0.6390787959098816
3571	0.5528587698936462
3572	0.6290845274925232
3573	0.5830053687095642
3574	0.4397639334201813
3575	0.5354737043380737
3576	0.548741340637207
3577	0.6784501075744629
3578	0.644256055355072
3579	0.6053094863891602
3580	0.5485059022903442
3581	0.5815187692642212
3582	0.5703176856040955
3583	0.5684043169021606
3584	0.5441362261772156
3585	0.4873543381690979
3586	0.49359485507011414
3587	0.5595367550849915
3588	0.588051438331604
3589	0.4554102122783661
3590	0.5053936243057251
3591	0.3966014087200165
3592	0.33043715357780457
3593	0.45588645339012146
3594	0.5865505933761597
3595	0.48034048080444336
3596	0.5123812556266785
3597	0.27717217803001404
3598	0.41863560676574707
3599	0.38568422198295593
3600	0.5372607111930847
3601	0.47474223375320435
3602	0.3395862281322479
3603	0.45310869812965393
3604	0.4440018832683563
3605	0.3113354742527008
3606	0.2694222033023834
3607	0.2808617353439331
3608	0.08406207710504532
3609	0.22300460934638977
3610	0.29440838098526
3611	0.26087209582328796
3612	0.24360446631908417
3613	0.2446049302816391
3614	0.22099809348583221
3615	0.15131942927837372
3616	0.2534925937652588
3617	0.5729997158050537
3618	0.19689308106899261
3619	0.2662704288959503
3620	0.1940360963344574
3621	0.22279475629329681
3622	0.13303601741790771
3623	0.1329745203256607
3624	0.15919612348079681
3625	0.07318299263715744
3626	0.02384149096906185
3627	0.023951446637511253
3628	0.031221836805343628
3629	0.04501698538661003
3630	0.03544473275542259
3631	0.011209567077457905
3632	0.02134205773472786
3633	0.029803264886140823
3634	0.06937840580940247
3635	0.08304578810930252
3636	0.1484183371067047
3637	0.07420303672552109
3638	0.08000079542398453
3639	0.046662840992212296
3640	0.1314939558506012
3641	0.24364089965820312
3642	0.28454849123954773
3643	0.3659310042858124
3644	0.3170076310634613
3645	0.5692222714424133
3646	0.39035820960998535
3647	0.35630080103874207
3648	0.3037336766719818
3649	0.3067683279514313
3650	0.40826335549354553
3651	0.4833661615848541
3652	0.44783997535705566
3653	0.5877668261528015
3654	0.671211838722229
3655	0.6913275718688965
3656	0.5948517918586731
3657	0.5188937187194824
3658	0.2023993581533432
3659	0.34870338439941406
3660	0.24067988991737366
3661	0.1293654590845108
3662	0.1442176103591919
3663	0.16075876355171204
3664	0.10466168075799942
3665	0.14321601390838623
3666	0.25282496213912964
3667	0.2126760333776474
3668	0.18308472633361816
3669	0.24588239192962646
3670	0.3079964220523834
3671	0.36427903175354004
3672	0.3635365068912506
3673	0.45753708481788635
3674	0.41553279757499695
3675	0.4691685140132904
3676	0.48117634654045105
3677	0.4596240520477295
3678	0.45211535692214966
3679	0.4059351086616516
3680	0.4693959355354309
3681	0.4527830183506012
3682	0.5051142573356628
3683	0.5140153765678406
3684	0.5486617684364319
3685	0.5065250396728516
3686	0.5522395968437195
3687	0.4002344310283661
3688	0.311572402715683
3689	0.5766420364379883
3690	0.36972448229789734
3691	0.6496451497077942
3692	0.47593042254447937
3693	0.42869219183921814
3694	0.17460940778255463
3695	0.24847912788391113
3696	0.19823184609413147
3697	0.3537549674510956
3698	0.43314430117607117
3699	0.5008410215377808
3700	0.6014662981033325
3701	0.3322995603084564
3702	0.22274275124073029
3703	0.1682017296552658
3704	0.17622794210910797
3705	0.13315121829509735
3706	0.10037858784198761
3707	0.1277155876159668
3708	0.07198309153318405
3709	0.11102328449487686
3710	0.19122248888015747
3711	0.21431198716163635
3712	0.24201884865760803
3713	0.04039951041340828
3714	0.06527332961559296
3715	0.18472066521644592
3716	0.08191034197807312
3717	0.036019545048475266
3718	0.041033465415239334
3719	0.14520470798015594
3720	0.11356468498706818
3721	0.25869670510292053
3722	0.13633358478546143
3723	0.14143089950084686
3724	0.08245951682329178
3725	0.04982428625226021
3726	0.029071617871522903
3727	0.022696904838085175
3728	0.014055243693292141
3729	0.014155219309031963
3730	0.013137439265847206
3731	0.02000490017235279
3732	0.021961329504847527
3733	0.024745801463723183
3734	0.015304994769394398
3735	0.022208411246538162
3736	0.021866675466299057
3737	0.019639616832137108
3738	0.03600968047976494
3739	0.03025355003774166
3740	0.0683729350566864
3741	0.09064438194036484
3742	0.04186214879155159
3743	0.10035292059183121
3744	0.06490238755941391
3745	0.0686432346701622
3746	0.18240539729595184
3747	0.220021590590477
3748	0.29825642704963684
3749	0.4332939088344574
3750	0.4850175082683563
3751	0.5398944020271301
3752	0.5644243359565735
3753	0.6115507483482361
3754	0.4246262013912201
3755	0.4449632167816162
3756	0.2983797490596771
3757	0.42864990234375
3758	0.608746349811554
3759	0.6226969957351685
3760	0.553541362285614
3761	0.4863457679748535
3762	0.44566255807876587
3763	0.5497807860374451
3764	0.40561339259147644
3765	0.3081469237804413
3766	0.28868380188941956
3767	0.23947368562221527
3768	0.2672088146209717
3769	0.18114733695983887
3770	0.263174444437027
3771	0.30324745178222656
3772	0.28879818320274353
3773	0.28195807337760925
3774	0.3263067603111267
3775	0.36651596426963806
3776	0.34292396903038025
3777	0.386743426322937
3778	0.5380248427391052
3779	0.5630313158035278
3780	0.3083812892436981
3781	0.5940539240837097
3782	0.44174909591674805
3783	0.449175089597702
3784	0.4983920156955719
3785	0.4226338565349579
3786	0.3150077760219574
3787	0.4101409912109375
3788	0.538494884967804
3789	0.5740169882774353
3790	0.4212871193885803
3791	0.673686683177948
3792	0.58514803647995
3793	0.4112852215766907
3794	0.28765344619750977
