frame	prob
0	0.8169706463813782
1	0.7430607676506042
2	0.7082168459892273
3	0.7119883298873901
4	0.6798004508018494
5	0.6846216320991516
6	0.6113296747207642
7	0.729792058467865
8	0.8552014231681824
9	0.8136049509048462
10	0.7142047882080078
11	0.7819001078605652
12	0.7634100317955017
13	0.8777593970298767
14	0.9142422080039978
15	0.8524163365364075
16	0.9153372049331665
17	0.8055497407913208
18	0.8322969675064087
19	0.7997949123382568
20	0.7952175140380859
21	0.7739714980125427
22	0.8079947829246521
23	0.8019515872001648
24	0.7934727072715759
25	0.7504561543464661
26	0.7670709490776062
27	0.8247931599617004
28	0.796048641204834
29	0.9214348196983337
30	0.9117682576179504
31	0.8792915344238281
32	0.8930416107177734
33	0.6518293619155884
34	0.11253998428583145
35	0.01225504744797945
36	0.01148240640759468
37	0.009605861268937588
38	0.0126333711668849
39	0.011323610320687294
40	0.01299896277487278
41	0.01228559110313654
42	0.012632493861019611
43	0.011884347535669804
44	0.01690039038658142
45	0.42626842856407166
46	0.8327646255493164
47	0.900482177734375
48	0.9707306027412415
49	0.9376880526542664
50	0.934291660785675
51	0.9139276742935181
52	0.9422691464424133
53	0.944817841053009
54	0.9207037091255188
55	0.8833807110786438
56	0.7156592011451721
57	0.7858153581619263
58	0.8243293762207031
59	0.8115874528884888
60	0.7958358526229858
61	0.8576337695121765
62	0.8643585443496704
63	0.5606458783149719
64	0.33428239822387695
65	0.019987164065241814
66	0.010954947210848331
67	0.011231801472604275
68	0.012669927440583706
69	0.011913531459867954
70	0.012590313330292702
71	0.013153393752872944
72	0.012186340987682343
73	0.01369501929730177
74	0.021817652508616447
75	0.1803428679704666
76	0.3585882782936096
77	0.7318477630615234
78	0.8221532702445984
79	0.8156925439834595
80	0.881314754486084
81	0.8551385998725891
82	0.8600303530693054
83	0.8174135088920593
84	0.7857807278633118
85	0.7349499464035034
86	0.5912772417068481
87	0.48925724625587463
88	0.2654291093349457
89	0.4986059367656708
90	0.7896682620048523
91	0.7430182099342346
92	0.8932483792304993
93	0.9017543792724609
94	0.9393143057823181
95	0.9097410440444946
96	0.9102965593338013
97	0.8744302988052368
98	0.8854595422744751
99	0.854280412197113
100	0.8532686233520508
101	0.8615951538085938
102	0.9256729483604431
103	0.8227242827415466
104	0.7948970794677734
105	0.9187251925468445
106	0.8507171869277954
107	0.9169031977653503
108	0.9002358317375183
109	0.9125362634658813
110	0.9403877258300781
111	0.8605480194091797
112	0.9436363577842712
113	0.9205158352851868
114	0.9361597299575806
115	0.945482075214386
116	0.7743765115737915
117	0.937293529510498
118	0.24253752827644348
119	0.007026810199022293
120	0.009579441510140896
121	0.009477098472416401
122	0.010720960795879364
123	0.009558046236634254
124	0.010678062215447426
125	0.008987599983811378
126	0.009951159358024597
127	0.01057832408696413
128	0.0102869076654315
129	0.008051563054323196
130	0.008383742533624172
131	0.008520962670445442
132	0.008198263123631477
133	0.007480202708393335
134	0.0071146427653729916
135	0.008370088413357735
136	0.00859254039824009
137	0.010726014152169228
138	0.0074874418787658215
139	0.008624954149127007
140	0.014620165340602398
141	0.009428225457668304
142	0.010259107686579227
143	0.019173607230186462
144	0.01303111482411623
145	0.01113890577107668
146	0.012050976045429707
147	0.0122081832960248
148	0.008230010978877544
149	0.006749008782207966
150	0.0065980092622339725
151	0.008822502568364143
152	0.008625611662864685
153	0.00763871381059289
154	0.007744030561298132
155	0.006858650129288435
156	0.006097347475588322
157	0.006616503931581974
158	0.0056951334699988365
159	0.005459398031234741
160	0.005637639202177525
161	0.007192440330982208
162	0.00571961747482419
163	0.005184981506317854
164	0.006290479097515345
165	0.00623713294044137
166	0.00635981559753418
167	0.006241980474442244
168	0.005309077445417643
169	0.006294001825153828
170	0.005302583333104849
171	0.004829959943890572
172	0.004673191346228123
173	0.004127743188291788
174	0.004791101906448603
175	0.004255447071045637
176	0.004634344018995762
177	0.004857496824115515
178	0.005848954897373915
179	0.006655736360698938
180	0.005668648984283209
181	0.006109797395765781
182	0.005949340295046568
183	0.005830766633152962
184	0.004766418598592281
185	0.006040626205503941
186	0.005334025714546442
187	0.005075252149254084
188	0.005847739055752754
189	0.006023572292178869
190	0.006335962098091841
191	0.004971418529748917
192	0.0050944373942911625
193	0.006079044193029404
194	0.005391425918787718
195	0.0071756066754460335
196	0.006117064971476793
197	0.006130463909357786
198	0.006610854063183069
199	0.00651499954983592
200	0.0045419312082231045
201	0.005607343278825283
202	0.006899887230247259
203	0.005987478420138359
204	0.005893832538276911
205	0.007261745631694794
206	0.006237103138118982
207	0.006733318325132132
208	0.005619375500828028
209	0.005523384548723698
210	0.004877044353634119
211	0.006090719252824783
212	0.006682469043880701
213	0.006578540895134211
214	0.006762211211025715
215	0.006394825875759125
216	0.007018336094915867
217	0.005925208795815706
218	0.005870054941624403
219	0.0072440640069544315
220	0.00730225071310997
221	0.006796767003834248
222	0.005576557945460081
223	0.009222089312970638
224	0.00722108781337738
225	0.03221958503127098
226	0.07450880110263824
227	0.1038033738732338
228	0.041311681270599365
229	0.05811053141951561
230	0.11325635015964508
231	0.12554536759853363
232	0.03113059513270855
233	0.010769055224955082
234	0.009245394729077816
235	0.011311455629765987
236	0.01056663691997528
237	0.012325425632297993
238	0.01299985684454441
239	0.015399235300719738
240	0.06719547510147095
241	0.2748042047023773
242	0.07498683780431747
243	0.047951001673936844
244	0.1659122109413147
245	0.18382704257965088
246	0.11340254545211792
247	0.15031279623508453
248	0.1399005651473999
249	0.3468721807003021
250	0.3548157811164856
251	0.5101867914199829
252	0.4652745723724365
253	0.5814695954322815
254	0.33631154894828796
255	0.45923805236816406
256	0.35662731528282166
257	0.31111007928848267
258	0.4426857531070709
259	0.38695454597473145
260	0.13130520284175873
261	0.02990233711898327
262	0.014055433683097363
263	0.015495357103645802
264	0.013910000212490559
265	0.0165795236825943
266	0.014348814263939857
267	0.010039363987743855
268	0.01214737631380558
269	0.01154872216284275
270	0.015607024542987347
271	0.009410603903234005
272	0.011706697754561901
273	0.009898506104946136
274	0.010051215998828411
275	0.00963416788727045
276	0.01099193375557661
277	0.008516289293766022
278	0.0106586879119277
279	0.013872775249183178
280	0.010756222531199455
281	0.011544804088771343
282	0.012527150101959705
283	0.010713697411119938
284	0.014196244068443775
285	0.009885082021355629
286	0.009312151931226254
287	0.009669567458331585
288	0.01442988682538271
289	0.010641922242939472
290	0.010348488576710224
291	0.014934450387954712
292	0.018928155303001404
293	0.3637426793575287
294	0.703136146068573
295	0.4845760464668274
296	0.39194104075431824
297	0.3054528832435608
298	0.07657459378242493
299	0.06343237310647964
300	0.018782516941428185
301	0.02045460045337677
302	0.026734454557299614
303	0.02799060009419918
304	0.0315430723130703
305	0.07461442053318024
306	0.11808184534311295
307	0.08986898511648178
308	0.1460392326116562
309	0.07165265083312988
310	0.24244976043701172
311	0.41583356261253357
312	0.5189177989959717
313	0.6509729623794556
314	0.7550678253173828
315	0.7435079216957092
316	0.6960118412971497
317	0.6757706999778748
318	0.6364225745201111
319	0.5845264792442322
320	0.7447692155838013
321	0.3234737515449524
322	0.15995073318481445
323	0.062090080231428146
324	0.027821147814393044
325	0.030377913266420364
326	0.040217529982328415
327	0.01730157993733883
328	0.020234717056155205
329	0.011515448801219463
330	0.013812330551445484
331	0.015521496534347534
332	0.018111957237124443
333	0.02826823852956295
334	0.03501558303833008
335	0.021658843383193016
336	0.004742428194731474
337	0.007412742357701063
338	0.008257660083472729
339	0.008702324703335762
340	0.011393780820071697
341	0.011698032729327679
342	0.0062480587512254715
343	0.005890596192330122
344	0.007665333338081837
345	0.007534447591751814
346	0.006575570907443762
347	0.0071072871796786785
348	0.010686432011425495
349	0.0075906203128397465
350	0.007282075472176075
351	0.008060282096266747
352	0.009164712391793728
353	0.007588139269500971
354	0.009813292883336544
355	0.00830110814422369
356	0.010007962584495544
357	0.017288926988840103
358	0.010338353924453259
359	0.0171509962528944
360	0.013448620215058327
361	0.016611147671937943
362	0.025198502466082573
363	0.014296770095825195
364	0.007051792927086353
365	0.005197292193770409
366	0.005487802438437939
367	0.006359072867780924
368	0.0059200674295425415
369	0.009545042179524899
370	0.010286680422723293
371	0.016723541542887688
372	0.009145607240498066
373	0.01144603081047535
374	0.009124645963311195
375	0.012876189313828945
376	0.015105693601071835
377	0.014987284317612648
378	0.01893746666610241
379	0.015704257413744926
380	0.014547417871654034
381	0.010669681243598461
382	0.015680531039834023
383	0.017986712977290154
384	0.014149543829262257
385	0.01140433270484209
386	0.014359118416905403
387	0.013201436959207058
388	0.011949296109378338
389	0.012689265422523022
390	0.012195629067718983
391	0.012159543111920357
392	0.013124424032866955
393	0.014444934204220772
394	0.01312585175037384
395	0.013907221145927906
396	0.01645403727889061
397	0.016664639115333557
398	0.016992926597595215
399	0.020281203091144562
400	0.01582375541329384
401	0.017788339406251907
402	0.019365811720490456
403	0.01332488376647234
404	0.013541601598262787
405	0.018801914528012276
406	0.019990505650639534
407	0.013925435952842236
408	0.022565126419067383
409	0.017382744699716568
410	0.010880245827138424
411	0.015901833772659302
412	0.014094874262809753
413	0.014343827962875366
414	0.019171185791492462
415	0.016089191660284996
416	0.019485224038362503
417	0.015679044649004936
418	0.020258774980902672
419	0.017322100698947906
420	0.013845059089362621
421	0.017141081392765045
422	0.016913998872041702
423	0.011875802651047707
424	0.018005510792136192
425	0.013389009051024914
426	0.015600167214870453
427	0.01800713501870632
428	0.01280529797077179
429	0.0150714460760355
430	0.01338514406234026
431	0.012924914248287678
432	0.021154923364520073
433	0.013195580802857876
434	0.016565265133976936
435	0.01357939001172781
436	0.015120101161301136
437	0.012447004206478596
438	0.01718597672879696
439	0.01568157598376274
440	0.01458017434924841
441	0.013462846167385578
442	0.013844919390976429
443	0.013672410510480404
444	0.016118604689836502
445	0.015400523319840431
446	0.01826932281255722
447	0.016841208562254906
448	0.01718858629465103
449	0.015025599859654903
450	0.011486238799989223
451	0.012937289662659168
452	0.01706913858652115
453	0.011944884434342384
454	0.010786915197968483
455	0.012073139660060406
456	0.010070200078189373
457	0.015380406752228737
458	0.018831390887498856
459	0.012140539474785328
460	0.009301619604229927
461	0.006819506175816059
462	0.008949450217187405
463	0.00969307404011488
464	0.012648390606045723
465	0.007075057830661535
466	0.009095490910112858
467	0.010694923810660839
468	0.012318099848926067
469	0.013208544813096523
470	0.008208971470594406
471	0.020682644098997116
472	0.01856887899339199
473	0.032324206084012985
474	0.023182107135653496
475	0.017240967601537704
476	0.022837026044726372
477	0.01719949021935463
478	0.020060373470187187
479	0.018526382744312286
480	0.023957516998052597
481	0.02359585464000702
482	0.016395460814237595
483	0.018964003771543503
484	0.015325439162552357
485	0.014977681450545788
486	0.034315478056669235
487	0.014181802049279213
488	0.01767062023282051
489	0.013437953777611256
490	0.017868787050247192
491	0.019787004217505455
492	0.01339887734502554
493	0.019916454330086708
494	0.015558848157525063
495	0.010029277764260769
496	0.009581140242516994
497	0.011868459172546864
498	0.011774314567446709
499	0.010023201815783978
500	0.007277145981788635
501	0.0082621481269598
502	0.010373558849096298
503	0.009941646829247475
504	0.011194172315299511
505	0.007442052010446787
506	0.00775239197537303
507	0.0074198381043970585
508	0.006827099714428186
509	0.007285721600055695
510	0.007037186063826084
511	0.005992594640702009
512	0.005994085688143969
513	0.007105326745659113
514	0.008516781032085419
515	0.006646465044468641
516	0.00637400895357132
517	0.006074459757655859
518	0.007191576063632965
519	0.006969367619603872
520	0.005138182546943426
521	0.007163358386605978
522	0.005952212028205395
523	0.005578997079282999
524	0.006033952813595533
525	0.005698531400412321
526	0.004241201560944319
527	0.003966342192143202
528	0.004116102587431669
529	0.004806457553058863
530	0.0049872081726789474
531	0.005478716921061277
532	0.006722602527588606
533	0.006818066816776991
534	0.004676669370383024
535	0.004329907242208719
536	0.004857401829212904
537	0.004513104911893606
538	0.008182371035218239
539	0.007938764058053493
540	0.004817375913262367
541	0.005716502666473389
542	0.005081985145807266
543	0.005288094747811556
544	0.0044671716168522835
545	0.004626758396625519
546	0.004216126166284084
547	0.004728403873741627
548	0.004636690486222506
549	0.005139998160302639
550	0.005031584296375513
551	0.004951749928295612
552	0.005732783116400242
553	0.004834943450987339
554	0.004811055492609739
555	0.005185003858059645
556	0.004372288938611746
557	0.005294050555676222
558	0.00485598249360919
559	0.00492305401712656
560	0.0049677337519824505
561	0.004097410477697849
562	0.004017960745841265
563	0.004240822046995163
564	0.003402525559067726
565	0.0037179887294769287
566	0.0033820897806435823
567	0.00295018102042377
568	0.0031342175789177418
569	0.0033812166657298803
570	0.003264474915340543
571	0.0028395485132932663
572	0.003739600768312812
573	0.0036795956548303366
574	0.0029571859631687403
575	0.003984431270509958
576	0.0034637886565178633
577	0.00325486296787858
578	0.0035836980678141117
579	0.0035847388207912445
580	0.003204425098374486
581	0.003464068053290248
582	0.0032914334442466497
583	0.003538841847330332
584	0.0037735290825366974
585	0.003354232059791684
586	0.004342885687947273
587	0.0036653534043580294
588	0.0041125123389065266
589	0.0038472802843898535
590	0.0035644376184791327
591	0.003875714261084795
592	0.0034616899210959673
593	0.0033057727850973606
594	0.0038323483895510435
595	0.0035685354378074408
596	0.004397928714752197
597	0.004364288877695799
598	0.004855053033679724
599	0.00477906409651041
600	0.0046505616046488285
601	0.004275810439139605
602	0.004584131296724081
603	0.0052838739939033985
604	0.005319769959896803
605	0.004990525543689728
606	0.004212511237710714
607	0.0038357791490852833
608	0.0053390562534332275
609	0.0049115740694105625
610	0.004658523481339216
611	0.004417315125465393
612	0.005368809215724468
613	0.004774621222168207
614	0.004391139838844538
615	0.006140253972262144
616	0.0055607943795621395
617	0.007194305304437876
618	0.006098304875195026
619	0.007188037037849426
620	0.007450159639120102
621	0.006113044451922178
622	0.005634722299873829
623	0.006961470935493708
624	0.005915246903896332
625	0.0072755091823637486
626	0.00916689820587635
627	0.010325944051146507
628	0.008918262086808681
629	0.007740573026239872
630	0.010070787742733955
631	0.009221138432621956
632	0.008624271489679813
633	0.037169333547353745
634	0.05235413834452629
635	0.04575231298804283
636	0.034987397491931915
637	0.018597854301333427
638	0.013882000930607319
639	0.0184156596660614
640	0.0184119064360857
641	0.02057495340704918
642	0.008684049360454082
643	0.008593585342168808
644	0.008205694146454334
645	0.011165061965584755
646	0.010088917799293995
647	0.010953539982438087
648	0.009582066908478737
649	0.01023682951927185
650	0.013453587889671326
651	0.013933946378529072
652	0.008546552620828152
653	0.02510513737797737
654	0.016139239072799683
655	0.025450069457292557
656	0.028958726674318314
657	0.05423704534769058
658	0.03736211732029915
659	0.08031445741653442
660	0.13125745952129364
661	0.421267032623291
662	0.7083443999290466
663	0.8591516613960266
664	0.8450571298599243
665	0.8079264760017395
666	0.6492630839347839
667	0.7572081685066223
668	0.770018994808197
669	0.7430961728096008
670	0.8276212811470032
671	0.770064651966095
672	0.6489037871360779
673	0.8270975351333618
674	0.6279449462890625
675	0.8302971720695496
676	0.8954489827156067
677	0.8271753191947937
678	0.7395618557929993
679	0.6687341332435608
680	0.7235233187675476
681	0.6129556894302368
682	0.7127679586410522
683	0.7820369005203247
684	0.7479044198989868
685	0.8407437205314636
686	0.7394576668739319
687	0.7452766299247742
688	0.7510305047035217
689	0.7790529131889343
690	0.6618903875350952
691	0.6696668863296509
692	0.7416183352470398
693	0.7214895486831665
694	0.634471595287323
695	0.7248382568359375
696	0.6731719970703125
697	0.7347449660301208
698	0.6810685992240906
699	0.7167657613754272
700	0.694047749042511
701	0.5903285145759583
702	0.02623978815972805
703	0.38244056701660156
704	0.7944059371948242
705	0.8672389984130859
706	0.8176829218864441
707	0.7859318852424622
708	0.7104887366294861
709	0.7389902472496033
710	0.7905107736587524
711	0.7999537587165833
712	0.8006153106689453
713	0.5087715983390808
714	0.12748801708221436
715	0.008843278512358665
716	0.007622968405485153
717	0.0060661728493869305
718	0.007460874505341053
719	0.007093365769833326
720	0.0060035851784050465
721	0.007412449922412634
722	0.0071824686601758
723	0.007791259791702032
724	0.009355137124657631
725	0.007683293428272009
726	0.008976656943559647
727	0.0074772909283638
728	0.00719743687659502
729	0.00865465123206377
730	0.008474078960716724
731	0.009886306710541248
732	0.010546653531491756
733	0.009846349246799946
734	0.007669290993362665
735	0.010774667374789715
736	0.015316999517381191
737	0.007385469973087311
738	0.008407139219343662
739	0.009236815385520458
740	0.014872883446514606
741	0.010343039408326149
742	0.0128971878439188
743	0.011189952492713928
744	0.013732214458286762
745	0.013717281632125378
746	0.011983208358287811
747	0.01047513447701931
748	0.013206752948462963
749	0.014442316256463528
750	0.01684458740055561
751	0.013785387389361858
752	0.011550147086381912
753	0.01906333677470684
754	0.014846083708107471
755	0.017651762813329697
756	0.018046675249934196
757	0.013015294447541237
758	0.01990058831870556
759	0.012013370171189308
760	0.014255888760089874
761	0.014894329011440277
762	0.015111721120774746
763	0.012972674332559109
764	0.011485639028251171
765	0.007534522097557783
766	0.0064271981827914715
767	0.008603150025010109
768	0.0075566740706563
769	0.010499830357730389
770	0.010435863398015499
771	0.010610598139464855
772	0.0096302954480052
773	0.010379534214735031
774	0.009577229619026184
775	0.009788194671273232
776	0.010717731900513172
777	0.009061425924301147
778	0.011079050600528717
779	0.016055524349212646
780	0.013871862553060055
781	0.0334613062441349
782	0.025916624814271927
783	0.04124981909990311
784	0.11289121955633163
785	0.06658212095499039
786	0.1164289340376854
787	0.32051903009414673
788	0.20455697178840637
789	0.2964857518672943
790	0.3188125193119049
791	0.36808353662490845
792	0.3153868615627289
793	0.24859268963336945
794	0.1291692703962326
795	0.21440044045448303
796	0.17016290128231049
797	0.359798789024353
798	0.3638656735420227
799	0.5324077010154724
800	0.5992582440376282
801	0.554507851600647
802	0.5996366143226624
803	0.401324599981308
804	0.28051453828811646
805	0.31535083055496216
806	0.27827325463294983
807	0.48420190811157227
808	0.41825318336486816
809	0.6528372764587402
810	0.3582930564880371
811	0.5370854735374451
812	0.16248558461666107
813	0.01661325991153717
814	0.015202251262962818
815	0.015103623270988464
816	0.015396556816995144
817	0.013790512457489967
818	0.014819085597991943
819	0.013544810004532337
820	0.020192032679915428
821	0.01851184479892254
822	0.015410356223583221
823	0.015387184917926788
824	0.015379875898361206
825	0.01847776584327221
826	0.02541486732661724
827	0.028992867097258568
828	0.0312314685434103
829	0.02519029751420021
830	0.02252403274178505
831	0.01579909771680832
832	0.014595851302146912
833	0.011859138496220112
834	0.014757427386939526
835	0.012923615984618664
836	0.010164417326450348
837	0.012940886430442333
838	0.01010326948016882
839	0.010766145773231983
840	0.009524483233690262
841	0.015725044533610344
842	0.015212004072964191
843	0.014202696271240711
844	0.011637503281235695
845	0.02149774134159088
846	0.017158573493361473
847	0.030424369499087334
848	0.021852899342775345
849	0.017410317435860634
850	0.015674402937293053
851	0.01898677460849285
852	0.01743418537080288
853	0.016512809321284294
854	0.01470427680760622
855	0.013729105703532696
856	0.01438196748495102
857	0.017596973106265068
858	0.013279124163091183
859	0.017824333161115646
860	0.014928392134606838
861	0.02887362241744995
862	0.02755686081945896
863	0.02626185677945614
864	0.020569471642374992
865	0.017777863889932632
866	0.015394182875752449
867	0.0132132014259696
868	0.009084532968699932
869	0.010113042779266834
870	0.009385564364492893
871	0.006452139001339674
872	0.005989606957882643
873	0.005214259028434753
874	0.007235734257847071
875	0.008512104861438274
876	0.011360010132193565
877	0.008933759294450283
878	0.010267267003655434
879	0.007315129041671753
880	0.00560199236497283
881	0.009082379750907421
882	0.009307351894676685
883	0.00928956177085638
884	0.009212586097419262
885	0.010671553201973438
886	0.010556158609688282
887	0.008230075240135193
888	0.009963816031813622
889	0.007987722754478455
890	0.008641760796308517
891	0.011062479577958584
892	0.009994159452617168
893	0.010885088704526424
894	0.01222982257604599
895	0.009879747405648232
896	0.012268955819308758
897	0.011671154759824276
898	0.011853891424834728
899	0.011974329128861427
900	0.014405662193894386
901	0.010722080245614052
902	0.014079158194363117
903	0.01166328601539135
904	0.013714894652366638
905	0.009761913679540157
906	0.009673121385276318
907	0.010658069513738155
908	0.014349589124321938
909	0.010199100710451603
910	0.010713757015764713
911	0.008975101634860039
912	0.010140095837414265
913	0.0074582225643098354
914	0.009514294564723969
915	0.010344942100346088
916	0.015121194534003735
917	0.019922306761145592
918	0.00914867501705885
919	0.011359632015228271
920	0.009757528081536293
921	0.012882756069302559
922	0.009882821701467037
923	0.01021886058151722
924	0.010071746073663235
925	0.012197139672935009
926	0.009306621737778187
927	0.010443064384162426
928	0.009248036891222
929	0.011783492751419544
930	0.00854793842881918
931	0.009875768795609474
932	0.008012577891349792
933	0.009283210150897503
934	0.010224140249192715
935	0.010546904988586903
936	0.010790719650685787
937	0.01274654921144247
938	0.009859479032456875
939	0.01032692939043045
940	0.010671216063201427
941	0.010720941238105297
942	0.011568228714168072
943	0.011527884751558304
944	0.009469801560044289
945	0.007640921510756016
946	0.008071514777839184
947	0.006337679922580719
948	0.00787952821701765
949	0.007098283153027296
950	0.007067566271871328
951	0.005379443988204002
952	0.004374923650175333
953	0.004328452982008457
954	0.004109120462089777
955	0.0040323263965547085
956	0.003771393094211817
957	0.0033273454755544662
958	0.003778913989663124
959	0.004118144512176514
960	0.003939255606383085
961	0.004237303044646978
962	0.004464050754904747
963	0.00366229354403913
964	0.0033491291105747223
965	0.004013132303953171
966	0.005271056201308966
967	0.004416506737470627
968	0.005497191101312637
969	0.00667887507006526
970	0.005495829042047262
971	0.00606720894575119
972	0.004811841528862715
973	0.00635953713208437
974	0.005995355546474457
975	0.0059940568171441555
976	0.006159068550914526
977	0.006617722101509571
978	0.00653413450345397
979	0.007643766701221466
980	0.006537205073982477
981	0.006669585593044758
982	0.010605666786432266
983	0.010536071844398975
984	0.013995262794196606
985	0.009265105240046978
986	0.011121450923383236
987	0.009689497761428356
988	0.012202073819935322
989	0.01236320286989212
990	0.011429508216679096
991	0.009334517642855644
992	0.015100604854524136
993	0.014664056710898876
994	0.015269599854946136
995	0.010633456520736217
996	0.013594216667115688
997	0.011175870895385742
998	0.012858280912041664
999	0.012517854571342468
1000	0.008753358386456966
1001	0.010577963665127754
1002	0.010113529860973358
1003	0.010130408219993114
1004	0.012512356042861938
1005	0.012813912704586983
1006	0.01192383747547865
1007	0.012300902977585793
1008	0.01075869519263506
1009	0.012201693840324879
1010	0.008828618563711643
1011	0.010167278349399567
1012	0.0071672722697257996
1013	0.0066106258891522884
1014	0.007801536004990339
1015	0.009364684112370014
1016	0.00848624762147665
1017	0.007130096200853586
1018	0.009204578585922718
1019	0.00831626821309328
1020	0.005679362453520298
1021	0.004464054014533758
1022	0.007786165457218885
1023	0.008288170211017132
1024	0.005715595092624426
1025	0.007399957161396742
1026	0.008313479833304882
1027	0.008124688640236855
1028	0.009517374448478222
1029	0.012073998339474201
1030	0.009379388764500618
1031	0.010992529802024364
1032	0.011257870122790337
1033	0.009596283547580242
1034	0.010908943600952625
1035	0.0128007298335433
1036	0.012013796716928482
1037	0.00999616738408804
1038	0.007438641972839832
1039	0.00989687442779541
1040	0.010750706307590008
1041	0.010011470876634121
1042	0.010784781537950039
1043	0.009547542780637741
1044	0.016762038692831993
1045	0.016688771545886993
1046	0.013497245498001575
1047	0.013634036295115948
1048	0.013259947299957275
1049	0.010209350846707821
1050	0.012506595812737942
1051	0.010919501073658466
1052	0.01007840596139431
1053	0.007410128600895405
1054	0.007908849976956844
1055	0.00932171382009983
1056	0.007422439754009247
1057	0.008263899944722652
1058	0.007767386734485626
1059	0.008146132342517376
1060	0.006930969655513763
1061	0.007871454581618309
1062	0.012571476399898529
1063	0.009021689184010029
1064	0.007152498699724674
1065	0.008503875695168972
1066	0.007607086095958948
1067	0.01069884467869997
1068	0.010808423161506653
1069	0.007541675120592117
1070	0.008643344044685364
1071	0.007291069719940424
1072	0.0089789479970932
1073	0.008886252529919147
1074	0.007260981481522322
1075	0.007904152385890484
1076	0.007827605120837688
1077	0.008421826176345348
1078	0.0062288204208016396
1079	0.0043657198548316956
1080	0.003896660404279828
1081	0.005434247199445963
1082	0.008992927148938179
1083	0.0102031035348773
1084	0.009365095756947994
1085	0.006933541502803564
1086	0.006705301348119974
1087	0.006702436599880457
1088	0.006331346463412046
1089	0.007690885104238987
1090	0.005841745529323816
1091	0.0072175743989646435
1092	0.00577502278611064
1093	0.007908203639090061
1094	0.005771359894424677
1095	0.00784284807741642
1096	0.005537260323762894
1097	0.0048193493857979774
1098	0.005010681226849556
1099	0.004350930452346802
1100	0.0037280668038874865
1101	0.003743135603144765
1102	0.0032240578439086676
1103	0.008353722281754017
1104	0.007245494518429041
1105	0.005944086704403162
1106	0.005969201680272818
1107	0.005975990556180477
1108	0.0074096680618822575
1109	0.006782054901123047
1110	0.006649911403656006
1111	0.007952400483191013
1112	0.008670063689351082
1113	0.006946632172912359
1114	0.005777065642178059
1115	0.005083631258457899
1116	0.006666423287242651
1117	0.00549298245459795
1118	0.0052214497700333595
1119	0.005292914342135191
1120	0.005033097695559263
1121	0.004636986646801233
1122	0.004489700775593519
1123	0.005387549288570881
1124	0.004426138941198587
1125	0.00515080988407135
1126	0.005727799143642187
1127	0.005678345449268818
1128	0.0054220338352024555
1129	0.00667963782325387
1130	0.005676012486219406
1131	0.005881969816982746
1132	0.00500736478716135
1133	0.00550966477021575
1134	0.004957681987434626
1135	0.005604431964457035
1136	0.005013099871575832
1137	0.00523498235270381
1138	0.005953069776296616
1139	0.005800155457109213
1140	0.004887572024017572
1141	0.004456138703972101
1142	0.004857216030359268
1143	0.005084991455078125
1144	0.0037774171214550734
1145	0.004791542422026396
1146	0.004150334745645523
1147	0.004718543495982885
1148	0.004733334761112928
1149	0.0038198025431483984
1150	0.004610543139278889
1151	0.004644862841814756
1152	0.005162160377949476
1153	0.007039174437522888
1154	0.008217430673539639
1155	0.009185140021145344
1156	0.005562989506870508
1157	0.007378052454441786
1158	0.006237757857888937
1159	0.007456971798092127
1160	0.006086600013077259
1161	0.007618258241564035
1162	0.007270130794495344
1163	0.006948418915271759
1164	0.005999347195029259
1165	0.007319287862628698
1166	0.006669003050774336
1167	0.007850922644138336
1168	0.008608574979007244
1169	0.011556203477084637
1170	0.010917414911091328
1171	0.006071083247661591
1172	0.008059399202466011
1173	0.007611320819705725
1174	0.005317775998264551
1175	0.006160917691886425
1176	0.005031069740653038
1177	0.00418256176635623
1178	0.006087400484830141
1179	0.009783066809177399
1180	0.007463130634278059
1181	0.004968311171978712
1182	0.005755637772381306
1183	0.017196200788021088
1184	0.006899194326251745
1185	0.008712082169950008
1186	0.006439428310841322
1187	0.0077802278101444244
1188	0.008470522239804268
1189	0.008685747161507607
1190	0.01037804689258337
1191	0.011968438513576984
1192	0.008051211014389992
1193	0.009445982053875923
1194	0.006634212564677
1195	0.010825849138200283
1196	0.009609261527657509
1197	0.011285940185189247
1198	0.013433396816253662
1199	0.0053048646077513695
1200	0.005366900470107794
1201	0.0078123495914042
1202	0.005692734848707914
1203	0.005183716304600239
1204	0.009651062078773975
1205	0.01045741606503725
1206	0.016756949946284294
1207	0.016569605097174644
1208	0.01717263273894787
1209	0.013980097137391567
1210	0.01579565554857254
1211	0.02086096815764904
1212	0.012309612706303596
1213	0.012280034832656384
1214	0.013924929313361645
1215	0.015019449405372143
1216	0.01628151535987854
1217	0.017692727968096733
1218	0.020369097590446472
1219	0.020339656621217728
1220	0.024483172222971916
1221	0.03094782866537571
1222	0.04284347593784332
1223	0.029093235731124878
1224	0.028257211670279503
1225	0.030681801959872246
1226	0.02579476870596409
1227	0.023188753053545952
1228	0.03143143653869629
1229	0.045065946877002716
1230	0.018554428592324257
1231	0.04517209529876709
1232	0.029452204704284668
1233	0.04390754923224449
1234	0.04463678225874901
1235	0.043266475200653076
1236	0.048481930047273636
1237	0.042013172060251236
1238	0.036994755268096924
1239	0.061257123947143555
1240	0.04108240082859993
1241	0.07691093534231186
1242	0.11172299832105637
1243	0.059005916118621826
1244	0.042168911546468735
1245	0.05192992091178894
1246	0.02997111715376377
1247	0.03502833470702171
1248	0.02707858756184578
1249	0.03351837396621704
1250	0.05458137020468712
1251	0.04202580451965332
1252	0.03013368509709835
1253	0.05047036334872246
1254	0.028513550758361816
1255	0.0512506440281868
1256	0.07385089248418808
1257	0.06040284037590027
1258	0.03769831359386444
1259	0.04138880968093872
1260	0.043718185275793076
1261	0.056144166737794876
1262	0.06253723055124283
1263	0.04449674114584923
1264	0.031727153807878494
1265	0.03403849899768829
1266	0.029047906398773193
1267	0.04175720736384392
1268	0.032927513122558594
1269	0.03182975575327873
1270	0.0267803855240345
1271	0.0145141975954175
1272	0.020539596676826477
1273	0.019048942252993584
1274	0.024304578080773354
1275	0.025510895997285843
1276	0.014660890214145184
1277	0.014430390670895576
1278	0.016096964478492737
1279	0.01850970648229122
1280	0.014600326307117939
1281	0.013614035211503506
1282	0.019469106569886208
1283	0.010554283857345581
1284	0.008766214363276958
1285	0.007967698387801647
1286	0.004848524462431669
1287	0.0038581036496907473
1288	0.005067959427833557
1289	0.00530732749029994
1290	0.00397094339132309
1291	0.004293390549719334
1292	0.006391353439539671
1293	0.005940528120845556
1294	0.005981468595564365
1295	0.004663306754082441
1296	0.004880522843450308
1297	0.007791266776621342
1298	0.006124590057879686
1299	0.006132757756859064
1300	0.0048606679774820805
1301	0.0048247575759887695
1302	0.006669353693723679
1303	0.00587462866678834
1304	0.007196670863777399
1305	0.007520921528339386
1306	0.006398044526576996
1307	0.006404479034245014
1308	0.0045333304442465305
1309	0.004865945316851139
1310	0.004959335085004568
1311	0.006028169300407171
1312	0.006206222344189882
1313	0.009736274369060993
1314	0.009784138761460781
1315	0.0071316855028271675
1316	0.006765068508684635
1317	0.007011182606220245
1318	0.005650973413139582
1319	0.006351865828037262
1320	0.006859399378299713
1321	0.005660546477884054
1322	0.0058573647402226925
1323	0.005480226129293442
1324	0.005250304006040096
1325	0.006104468367993832
1326	0.005494630429893732
1327	0.005457878112792969
1328	0.005220241378992796
1329	0.006738634314388037
1330	0.00653135497123003
1331	0.006293193902820349
1332	0.006179464049637318
1333	0.006253411062061787
1334	0.005625145044177771
1335	0.006646931171417236
1336	0.0051600150763988495
1337	0.00606203218922019
1338	0.005166784860193729
1339	0.005681431386619806
1340	0.006004594266414642
1341	0.004408051259815693
1342	0.004332792479544878
1343	0.00502457469701767
1344	0.004409719258546829
1345	0.0052174911834299564
1346	0.004926613997668028
1347	0.005420669913291931
1348	0.0049280873499810696
1349	0.004984288942068815
1350	0.0043128677643835545
1351	0.00414927676320076
1352	0.004001312889158726
1353	0.004320986568927765
1354	0.004319851752370596
1355	0.00391811178997159
1356	0.004599717911332846
1357	0.0037631371524184942
1358	0.0037085358053445816
1359	0.003812074661254883
1360	0.0033709637355059385
1361	0.005702428054064512
1362	0.005057135131210089
1363	0.005964892916381359
1364	0.0036141828168183565
1365	0.004205634817481041
1366	0.005879264324903488
1367	0.005415316671133041
1368	0.0052622221410274506
1369	0.004613123834133148
1370	0.00487538380548358
1371	0.004912875592708588
1372	0.0037622880190610886
1373	0.004214323591440916
1374	0.004134054761379957
1375	0.004389062989503145
1376	0.0037576162721961737
1377	0.004742295481264591
1378	0.004487032536417246
1379	0.005801721941679716
1380	0.005019382108002901
1381	0.0052051548846066
1382	0.005754582118242979
1383	0.005396850407123566
1384	0.005253991577774286
1385	0.0046120681799948215
1386	0.0048925369046628475
1387	0.005554478149861097
1388	0.00518744857981801
1389	0.006356676109135151
1390	0.005282912403345108
1391	0.006129531189799309
1392	0.006648320239037275
1393	0.00677437474951148
1394	0.0070441062562167645
1395	0.006231945939362049
1396	0.005829477217048407
1397	0.0063355714082717896
1398	0.0045358906500041485
1399	0.004839600063860416
1400	0.004005066584795713
1401	0.004945411812514067
1402	0.004716170020401478
1403	0.003645904827862978
1404	0.003737592836841941
1405	0.003703699680045247
1406	0.0047537824138998985
1407	0.004369426053017378
1408	0.0040594907477498055
1409	0.0034106262028217316
1410	0.0029205125756561756
1411	0.0033743821550160646
1412	0.0036871866323053837
1413	0.0033462103456258774
1414	0.0032826510723680258
1415	0.003486163914203644
1416	0.0031111943535506725
1417	0.0035385533701628447
1418	0.0033546853810548782
1419	0.002955846255645156
1420	0.002868183422833681
1421	0.0029541978146880865
1422	0.0028059023898094893
1423	0.0027670729905366898
1424	0.0033930079080164433
1425	0.003152006072923541
1426	0.003293857676908374
1427	0.003322809701785445
1428	0.002677727257832885
1429	0.0029974295757710934
1430	0.002596482401713729
1431	0.0030329220462590456
1432	0.0032375119626522064
1433	0.003236764343455434
1434	0.002863302594050765
1435	0.0027779482770711184
1436	0.0027892019134014845
1437	0.0030689623672515154
1438	0.003131382167339325
1439	0.003337510395795107
1440	0.002846344141289592
1441	0.003045175690203905
1442	0.004150195512920618
1443	0.003803510218858719
1444	0.0036013738717883825
1445	0.00433087395504117
1446	0.004846783820539713
1447	0.004690493922680616
1448	0.005438224878162146
1449	0.005626515951007605
1450	0.007864703424274921
1451	0.006448683794587851
1452	0.006965532433241606
1453	0.007949374616146088
1454	0.006465444806963205
1455	0.007060985546559095
1456	0.009431974962353706
1457	0.009780396707355976
1458	0.010232296772301197
1459	0.010954141616821289
1460	0.008218069560825825
1461	0.00907235499471426
1462	0.00857381522655487
1463	0.008047367446124554
1464	0.007987894117832184
1465	0.00720251863822341
1466	0.006510937120765448
1467	0.007483983878046274
1468	0.007852599024772644
1469	0.006271204445511103
1470	0.0053175063803792
1471	0.00760911637917161
1472	0.007849657908082008
1473	0.00685690063983202
1474	0.007830028422176838
1475	0.007534034550189972
1476	0.00834121834486723
1477	0.008266462944447994
1478	0.007745794951915741
1479	0.00837503932416439
1480	0.010132699273526669
1481	0.008842015638947487
1482	0.010363331995904446
1483	0.009664195589721203
1484	0.011588280089199543
1485	0.014840731397271156
1486	0.01407779473811388
1487	0.011254297569394112
1488	0.032367441803216934
1489	0.016321400180459023
1490	0.02902090921998024
1491	0.028137212619185448
1492	0.07181622833013535
1493	0.0991431251168251
1494	0.09711436182260513
1495	0.13653378188610077
1496	0.05944563075900078
1497	0.04264107346534729
1498	0.05680438503623009
1499	0.07469341903924942
1500	0.33608636260032654
1501	0.39625227451324463
1502	0.41936227679252625
1503	0.28426918387413025
1504	0.14042671024799347
1505	0.03059322014451027
1506	0.01947460137307644
1507	0.029001200571656227
1508	0.02764436975121498
1509	0.029527798295021057
1510	0.031664036214351654
1511	0.03274575620889664
1512	0.07984253019094467
1513	0.02791920304298401
1514	0.026814216747879982
1515	0.03090335801243782
1516	0.04955495521426201
1517	0.03538960963487625
1518	0.13282647728919983
1519	0.39069926738739014
1520	0.21258361637592316
1521	0.14411388337612152
1522	0.08856701850891113
1523	0.04442145302891731
1524	0.03849458321928978
1525	0.11391822248697281
1526	0.07598876953125
1527	0.22606490552425385
1528	0.2071942389011383
1529	0.25756654143333435
1530	0.3789158761501312
1531	0.4917493760585785
1532	0.220315083861351
1533	0.10146290063858032
1534	0.08939208835363388
1535	0.11834412068128586
1536	0.06256892532110214
1537	0.013450952246785164
1538	0.014513745903968811
1539	0.01289245206862688
1540	0.011171894147992134
1541	0.01564624346792698
1542	0.011883418075740337
1543	0.013160464353859425
1544	0.012083644978702068
1545	0.010693333111703396
1546	0.022318804636597633
1547	0.013686132617294788
1548	0.017974581569433212
1549	0.013232353143393993
1550	0.012902743183076382
1551	0.015879852697253227
1552	0.02045406773686409
1553	0.08549328148365021
1554	0.1171765848994255
1555	0.09443128108978271
1556	0.2345748394727707
1557	0.17271029949188232
1558	0.23309341073036194
1559	0.0943659171462059
1560	0.07039276510477066
1561	0.03594418987631798
1562	0.02034803107380867
1563	0.022809255868196487
1564	0.031208565458655357
1565	0.05742783099412918
1566	0.05243343114852905
1567	0.048769380897283554
1568	0.07414298504590988
1569	0.16457156836986542
1570	0.1749841272830963
1571	0.20008133351802826
1572	0.505639910697937
1573	0.6459408402442932
1574	0.3370715081691742
1575	0.2790451645851135
1576	0.34941166639328003
1577	0.30099278688430786
1578	0.41321617364883423
1579	0.10367651283740997
1580	0.0871644839644432
1581	0.2225371152162552
1582	0.06671090424060822
1583	0.12464745342731476
1584	0.028955740854144096
1585	0.01591457985341549
1586	0.017823342233896255
1587	0.014211577363312244
1588	0.013628087006509304
1589	0.012109186500310898
1590	0.09644864499568939
1591	0.042694564908742905
1592	0.06787616014480591
1593	0.014073801226913929
1594	0.008213927038013935
1595	0.0071711051277816296
1596	0.005235407501459122
1597	0.008939000777900219
1598	0.014104892499744892
1599	0.011234243400394917
1600	0.01089845597743988
1601	0.012522182427346706
1602	0.009511293843388557
1603	0.006558384746313095
1604	0.007071576546877623
1605	0.009692700579762459
1606	0.009497485123574734
1607	0.009780819527804852
1608	0.007079561240971088
1609	0.0070863100700080395
1610	0.011214184574782848
1611	0.008510486222803593
1612	0.008967074565589428
1613	0.010429016314446926
1614	0.011509602889418602
1615	0.010333559475839138
1616	0.0089304493740201
1617	0.009656705893576145
1618	0.008525594137609005
1619	0.00807075947523117
1620	0.008684920147061348
1621	0.007050005253404379
1622	0.011182348243892193
1623	0.006945870816707611
1624	0.006551773753017187
1625	0.007709112949669361
1626	0.0079728988930583
1627	0.009185240603983402
1628	0.00797565933316946
1629	0.006814710330218077
1630	0.00674129044637084
1631	0.008029131218791008
1632	0.008725306950509548
1633	0.006883024703711271
1634	0.0076002455316483974
1635	0.008253705687820911
1636	0.006864618044346571
1637	0.007993385195732117
1638	0.007488910108804703
1639	0.006871351506561041
1640	0.0071973251178860664
1641	0.0063332156278193
1642	0.006074830424040556
1643	0.005886580795049667
1644	0.004350766073912382
1645	0.0060101100243628025
1646	0.005925175733864307
1647	0.005251482129096985
1648	0.0050263786688447
1649	0.006025590002536774
1650	0.006022294517606497
1651	0.005449132993817329
1652	0.006269283592700958
1653	0.00658461032435298
1654	0.005208815913647413
1655	0.006142288446426392
1656	0.006281103938817978
1657	0.0065392195247113705
1658	0.005412646569311619
1659	0.005493790842592716
1660	0.005377167370170355
1661	0.005673374980688095
1662	0.007297261152416468
1663	0.010304192081093788
1664	0.009569314308464527
1665	0.009598838165402412
1666	0.008876520209014416
1667	0.00532096391543746
1668	0.005380954127758741
1669	0.005251068621873856
1670	0.006730333901941776
1671	0.005742234643548727
1672	0.0073854560032486916
1673	0.006795165129005909
1674	0.006589854601770639
1675	0.0055491263046860695
1676	0.0055294344201684
1677	0.005218676757067442
1678	0.005759169813245535
1679	0.006124494597315788
1680	0.005848146975040436
1681	0.0076079354621469975
1682	0.007182923145592213
1683	0.010504856705665588
1684	0.012588146142661572
1685	0.00782835204154253
1686	0.008122095838189125
1687	0.01081146951764822
1688	0.013195663690567017
1689	0.012267951853573322
1690	0.008076372556388378
1691	0.010532534681260586
1692	0.00692742271348834
1693	0.007375286426395178
1694	0.007217822130769491
1695	0.008611146360635757
1696	0.010376594960689545
1697	0.007685417775064707
1698	0.008148189634084702
1699	0.010835681110620499
1700	0.01613902486860752
1701	0.012660548090934753
1702	0.013361433520913124
1703	0.009245055727660656
1704	0.013678076677024364
1705	0.012645641341805458
1706	0.01020920928567648
1707	0.013030821457505226
1708	0.012253621593117714
1709	0.012102190405130386
1710	0.011380600742995739
1711	0.011653008870780468
1712	0.012087437324225903
1713	0.010832286439836025
1714	0.012297771871089935
1715	0.010532009415328503
1716	0.008819329552352428
1717	0.010848755948245525
1718	0.012341074645519257
1719	0.010345536284148693
1720	0.009023209102451801
1721	0.010505089536309242
1722	0.010469460859894753
1723	0.01306567806750536
1724	0.012072487734258175
1725	0.011731135658919811
1726	0.01251931767910719
1727	0.011324713006615639
1728	0.013778233900666237
1729	0.010376925580203533
1730	0.011241881176829338
1731	0.013023728504776955
1732	0.00991709716618061
1733	0.007457209285348654
1734	0.009659229777753353
1735	0.00848629791289568
1736	0.007339369505643845
1737	0.007466152310371399
1738	0.007792271673679352
1739	0.00892256572842598
1740	0.01020925585180521
1741	0.007789328694343567
1742	0.009397650137543678
1743	0.009422020055353642
1744	0.009172963909804821
1745	0.008566237986087799
1746	0.008117136545479298
1747	0.010582410730421543
1748	0.009292736649513245
1749	0.011236901395022869
1750	0.008422317914664745
1751	0.011766776442527771
1752	0.011231662705540657
1753	0.014979138970375061
1754	0.013976365327835083
1755	0.013210547156631947
1756	0.011824769899249077
1757	0.011199711821973324
1758	0.009769595228135586
1759	0.010309930890798569
1760	0.011777748353779316
1761	0.010421648621559143
1762	0.007328059058636427
1763	0.007633167784661055
1764	0.00871163047850132
1765	0.009506160393357277
1766	0.011034251190721989
1767	0.009602289646863937
1768	0.008223372511565685
1769	0.008641215972602367
1770	0.007187080569565296
1771	0.007809515576809645
1772	0.006730695720762014
1773	0.008261220529675484
1774	0.005665374454110861
1775	0.007055297493934631
1776	0.006242960691452026
1777	0.00784868374466896
1778	0.005376738030463457
1779	0.007247085217386484
1780	0.00545809930190444
1781	0.004122377838939428
1782	0.005772309843450785
1783	0.005317176226526499
1784	0.004370017908513546
1785	0.0047570946626365185
1786	0.0036915855016559362
1787	0.0033566963393241167
1788	0.003939629066735506
1789	0.003582306206226349
1790	0.00324084865860641
1791	0.0032159031834453344
1792	0.0030401835683733225
1793	0.004255791660398245
1794	0.004322417546063662
1795	0.004464549012482166
1796	0.003987477160990238
1797	0.004944158252328634
1798	0.0044612274505198
1799	0.004411565139889717
1800	0.003066200762987137
1801	0.003989475313574076
1802	0.004783118609338999
1803	0.0047227684408426285
1804	0.004297908395528793
1805	0.005005124490708113
1806	0.006135373841971159
1807	0.005057748407125473
1808	0.004636943340301514
1809	0.004826201591640711
1810	0.004475426860153675
1811	0.004196935798972845
1812	0.003696030005812645
1813	0.005039967596530914
1814	0.0058685773983597755
1815	0.00504554295912385
1816	0.004955208394676447
1817	0.005224327091127634
1818	0.006762407720088959
1819	0.007999394088983536
1820	0.009358937852084637
1821	0.011504854075610638
1822	0.008050310425460339
1823	0.009349009022116661
1824	0.009319517761468887
1825	0.011694575659930706
1826	0.010467372834682465
1827	0.010174520313739777
1828	0.01897459477186203
1829	0.011276829056441784
1830	0.012240576557815075
1831	0.028385985642671585
1832	0.023945046588778496
1833	0.027092784643173218
1834	0.029660558328032494
1835	0.037882473319768906
1836	0.03264927119016647
1837	0.029763057827949524
1838	0.07200348377227783
1839	0.075131855905056
1840	0.07003071904182434
1841	0.06590042263269424
1842	0.09497876465320587
1843	0.12959568202495575
1844	0.24350331723690033
1845	0.12384884804487228
1846	0.12444310635328293
1847	0.07005186378955841
1848	0.10652793943881989
1849	0.12436392158269882
1850	0.15966299176216125
1851	0.180092453956604
1852	0.05688094720244408
1853	0.14709506928920746
1854	0.18234768509864807
1855	0.17447413504123688
1856	0.2562268376350403
1857	0.22602514922618866
1858	0.22652792930603027
1859	0.19147789478302002
1860	0.26022985577583313
1861	0.17155109345912933
1862	0.14523334801197052
1863	0.08035798370838165
1864	0.05248377472162247
1865	0.03196731209754944
1866	0.026345673948526382
1867	0.03195355087518692
1868	0.024888677522540092
1869	0.04005691409111023
1870	0.03824349120259285
1871	0.03077704645693302
1872	0.08965560048818588
1873	0.11785822361707687
1874	0.0839885026216507
1875	0.11033587902784348
1876	0.11137060075998306
1877	0.2125677615404129
1878	0.26910486817359924
1879	0.3164421617984772
1880	0.17685627937316895
1881	0.29804378747940063
1882	0.20302589237689972
1883	0.09145081788301468
1884	0.32026591897010803
1885	0.260929673910141
1886	0.2218949794769287
1887	0.22422872483730316
1888	0.13734284043312073
1889	0.1730651706457138
1890	0.1881982535123825
1891	0.39754414558410645
1892	0.4271429181098938
1893	0.6752696633338928
1894	0.45522022247314453
1895	0.6424007415771484
1896	0.8557467460632324
1897	0.8728184700012207
1898	0.9051508903503418
1899	0.9544169306755066
1900	0.9645665287971497
1901	0.9607769250869751
1902	0.9441132545471191
1903	0.9580500721931458
1904	0.9644015431404114
1905	0.9279565811157227
1906	0.901331901550293
1907	0.939241349697113
1908	0.9521318674087524
1909	0.953458309173584
1910	0.9374241232872009
1911	0.9543167352676392
1912	0.9585666060447693
1913	0.9320899844169617
1914	0.9464583396911621
1915	0.9393178820610046
1916	0.8119482398033142
1917	0.7780609130859375
1918	0.8860136270523071
1919	0.890485942363739
1920	0.766771137714386
1921	0.9105701446533203
1922	0.9583010077476501
1923	0.9657842516899109
1924	0.9452191591262817
1925	0.9686275720596313
1926	0.972690999507904
1927	0.9805862307548523
1928	0.9736714363098145
1929	0.9622198939323425
1930	0.9603750109672546
1931	0.9030908942222595
1932	0.9023033976554871
1933	0.9580898284912109
1934	0.8685379028320312
1935	0.8126787543296814
1936	0.8109049797058105
1937	0.027509529143571854
1938	0.019027549773454666
1939	0.46221432089805603
1940	0.031585048884153366
1941	0.02311713434755802
1942	0.021275779232382774
1943	0.027162516489624977
1944	0.09564521908760071
1945	0.0644785538315773
1946	0.44562265276908875
1947	0.9387111663818359
1948	0.9394140243530273
1949	0.9398534893989563
1950	0.7431724667549133
1951	0.05951038748025894
1952	0.04197171330451965
1953	0.14704766869544983
1954	0.009049510583281517
1955	0.014596791937947273
1956	0.017927540466189384
1957	0.013566670008003712
1958	0.009916538372635841
1959	0.00825204886496067
1960	0.010307569988071918
1961	0.007945758290588856
1962	0.008254390209913254
1963	0.00640290230512619
1964	0.009919444099068642
1965	0.007626557257026434
1966	0.006247041281312704
1967	0.0056504057720303535
1968	0.00811864621937275
1969	0.006030612625181675
1970	0.006288128439337015
1971	0.009247386828064919
1972	0.006094710435718298
1973	0.006577691528946161
1974	0.005178479012101889
1975	0.008231442421674728
1976	0.008801067247986794
1977	0.011049714870750904
1978	0.011701108887791634
1979	0.0077963522635400295
1980	0.00855469424277544
1981	0.007604346610605717
1982	0.005856093019247055
1983	0.007378493435680866
1984	0.007008506450802088
1985	0.009556259028613567
1986	0.007587404455989599
1987	0.007952980697154999
1988	0.007687919773161411
1989	0.008458435535430908
1990	0.008738086558878422
1991	0.006662751082330942
1992	0.006273292005062103
1993	0.010819205082952976
1994	0.008605316281318665
1995	0.006448619998991489
1996	0.006634384393692017
1997	0.005851962137967348
1998	0.0049443175084888935
1999	0.0032800219487398863
2000	0.0033748620189726353
2001	0.004203811287879944
2002	0.004092428833246231
2003	0.005251617636531591
2004	0.0037448015064001083
2005	0.0037965700030326843
2006	0.005129133816808462
2007	0.007731789257377386
2008	0.0071660056710243225
2009	0.007392928935587406
2010	0.0064055235125124454
2011	0.006170169450342655
2012	0.009696641936898232
2013	0.0058652195148169994
2014	0.005628017242997885
2015	0.00781745184212923
2016	0.007897399365901947
2017	0.004958854988217354
2018	0.005941187497228384
2019	0.0054140700958669186
2020	0.00865309126675129
2021	0.005795191507786512
2022	0.006094091571867466
2023	0.007178109139204025
2024	0.0057607307098805904
2025	0.005675113759934902
2026	0.007303216960281134
2027	0.006978278048336506
2028	0.005935072433203459
2029	0.006587324198335409
2030	0.00599639443680644
2031	0.005542238242924213
2032	0.0061098793521523476
2033	0.005275856703519821
2034	0.0063752951100468636
2035	0.005688709672540426
2036	0.004103712737560272
2037	0.004382471088320017
2038	0.006676671095192432
2039	0.0063781351782381535
2040	0.0046725026331841946
2041	0.005803933832794428
2042	0.006496043410152197
2043	0.009144367650151253
2044	0.006031391676515341
2045	0.006641285959631205
2046	0.00672584492713213
2047	0.008383261039853096
2048	0.009098360314965248
2049	0.00759796891361475
2050	0.005914831999689341
2051	0.005485571920871735
2052	0.005780092906206846
2053	0.00473327049985528
2054	0.006136431824415922
2055	0.009092758409678936
2056	0.006648811046034098
2057	0.0071190050803124905
2058	0.008318542502820492
2059	0.010055347345769405
2060	0.00852645467966795
2061	0.006547068245708942
2062	0.008489560335874557
2063	0.007750153541564941
2064	0.007254486437886953
2065	0.008351108990609646
2066	0.007764189038425684
2067	0.00912284292280674
2068	0.0088765574619174
2069	0.008765790611505508
2070	0.007018671836704016
2071	0.008602852001786232
2072	0.008427823893725872
2073	0.007194586098194122
2074	0.007542237173765898
2075	0.006400573533028364
2076	0.009173274040222168
2077	0.008628809824585915
2078	0.008224086835980415
2079	0.010217270813882351
2080	0.013752705417573452
2081	0.007346370257437229
2082	0.009176920168101788
2083	0.007821241393685341
2084	0.010692417621612549
2085	0.005866465624421835
2086	0.007557496428489685
2087	0.0054380870424211025
2088	0.004974584095180035
2089	0.005952939391136169
2090	0.007515181787312031
2091	0.006981112062931061
2092	0.0060282545164227486
2093	0.006374427583068609
2094	0.005117759574204683
2095	0.004277841653674841
2096	0.003872046247124672
2097	0.0036026951856911182
2098	0.0038341523613780737
2099	0.003918921109288931
2100	0.004299134481698275
2101	0.004699248820543289
2102	0.0048312838189303875
2103	0.004640991799533367
2104	0.004383751656860113
2105	0.005512386094778776
2106	0.004759808536618948
2107	0.005813869182020426
2108	0.0043116468004882336
2109	0.005108776967972517
2110	0.0052457330748438835
2111	0.0049179294146597385
2112	0.004453368950635195
2113	0.005036385264247656
2114	0.004797989036887884
2115	0.004689104855060577
2116	0.004022241570055485
2117	0.00417932728305459
2118	0.0038969402667135
2119	0.003625055542215705
2120	0.0054792603477835655
2121	0.006615837104618549
2122	0.0054211667738854885
2123	0.005141332279890776
2124	0.005378081928938627
2125	0.005189345218241215
2126	0.003971274476498365
2127	0.004387046210467815
2128	0.004123657941818237
2129	0.003878763411194086
2130	0.003713347716256976
2131	0.003974530845880508
2132	0.004188085440546274
2133	0.003877221141010523
2134	0.004191029351204634
2135	0.0041444688104093075
2136	0.0035855143796652555
2137	0.0036190764512866735
2138	0.004446301143616438
2139	0.004450355190783739
2140	0.0034856938291341066
2141	0.004309019539505243
2142	0.0050976029597222805
2143	0.005065677687525749
2144	0.004239201080054045
2145	0.00472284434363246
2146	0.004781569819897413
2147	0.004422580357640982
2148	0.003933364991098642
2149	0.004472704138606787
2150	0.004930229391902685
2151	0.004277539439499378
2152	0.00370035064406693
2153	0.0047046891413629055
2154	0.00421026861295104
2155	0.004583226516842842
2156	0.004507373087108135
2157	0.005112033803015947
2158	0.004422265570610762
2159	0.0043899561278522015
2160	0.003492986550554633
2161	0.0035706961061805487
2162	0.00374320219270885
2163	0.00393504137173295
2164	0.004022536333650351
2165	0.0041715591214597225
2166	0.004231040831655264
2167	0.0046125659719109535
2168	0.00375784351490438
2169	0.003191515104845166
2170	0.0033679120242595673
2171	0.0037959290202707052
2172	0.003941764589399099
2173	0.003446402493864298
2174	0.003528769826516509
2175	0.0037628114223480225
2176	0.00498754670843482
2177	0.003447024617344141
2178	0.004375553224235773
2179	0.0031803944148123264
2180	0.0034701786935329437
2181	0.0034250132739543915
2182	0.004191982094198465
2183	0.004571464378386736
2184	0.004955017473548651
2185	0.004185968078672886
2186	0.0035536307841539383
2187	0.004689772147685289
2188	0.003835694631561637
2189	0.004383166320621967
2190	0.00529403705149889
2191	0.004741293378174305
2192	0.004608473740518093
2193	0.0038140227552503347
2194	0.004584995098412037
2195	0.005836657248437405
2196	0.005087812896817923
2197	0.004490785300731659
2198	0.005022154655307531
2199	0.005610335152596235
2200	0.005812987685203552
2201	0.004909064155071974
2202	0.005947049241513014
2203	0.005943571217358112
2204	0.005626473110169172
2205	0.005995996296405792
2206	0.00557142635807395
2207	0.006413045804947615
2208	0.005822244565933943
2209	0.006538096349686384
2210	0.009101693518459797
2211	0.007184609770774841
2212	0.008598106913268566
2213	0.008099679835140705
2214	0.008025415241718292
2215	0.006981770042330027
2216	0.007954046130180359
2217	0.00782723631709814
2218	0.008280818350613117
2219	0.009491358883678913
2220	0.009405788965523243
2221	0.01228390447795391
2222	0.012021960690617561
2223	0.02614760398864746
2224	0.028467977419495583
2225	0.02560543082654476
2226	0.04497945308685303
2227	0.03633452206850052
2228	0.04411875456571579
2229	0.01972774975001812
2230	0.09369993954896927
2231	0.12190725654363632
2232	0.09819841384887695
2233	0.019248083233833313
2234	0.07826206833124161
2235	0.028961095958948135
2236	0.06930698454380035
2237	0.146183043718338
2238	0.4678088128566742
2239	0.30068156123161316
2240	0.45902472734451294
2241	0.6070610284805298
2242	0.728252112865448
2243	0.8462934494018555
2244	0.9124998450279236
2245	0.9581643342971802
2246	0.9639603495597839
2247	0.8979145288467407
2248	0.9273433685302734
2249	0.763155996799469
2250	0.546372652053833
2251	0.6173474192619324
2252	0.32855430245399475
2253	0.010263202711939812
2254	0.011822494678199291
2255	0.013424624688923359
2256	0.012674788944423199
2257	0.013532357290387154
2258	0.014414504170417786
2259	0.016044914722442627
2260	0.018391279503703117
2261	0.022353243082761765
2262	0.02117927558720112
2263	0.01929563097655773
2264	0.014485547319054604
2265	0.016431139782071114
2266	0.22982287406921387
2267	0.859986424446106
2268	0.9477213025093079
2269	0.9829660654067993
2270	0.9672337770462036
2271	0.9834211468696594
2272	0.9779411554336548
2273	0.9831269383430481
2274	0.9804370999336243
2275	0.9848718643188477
2276	0.9837523698806763
2277	0.9856959581375122
2278	0.9618278741836548
2279	0.9557287096977234
2280	0.9620962142944336
2281	0.9172025918960571
2282	0.9297256469726562
2283	0.9320640563964844
2284	0.6734223365783691
2285	0.2163587361574173
2286	0.02584194578230381
2287	0.017927302047610283
2288	0.020078761503100395
2289	0.02055581659078598
2290	0.015067911706864834
2291	0.013120430521667004
2292	0.01788555644452572
2293	0.014377600513398647
2294	0.014490648172795773
2295	0.014435159042477608
2296	0.013010657392442226
2297	0.012991100549697876
2298	0.013382771983742714
2299	0.012289372272789478
2300	0.0130753293633461
2301	0.010778786614537239
2302	0.018359167501330376
2303	0.04902461916208267
2304	0.04053741693496704
2305	0.039869800209999084
2306	0.027155354619026184
2307	0.02895972691476345
2308	0.03080075979232788
2309	0.017056265845894814
2310	0.018490297719836235
2311	0.019842062145471573
2312	0.013557672500610352
2313	0.013666719198226929
2314	0.018375737592577934
2315	0.01671222411096096
2316	0.01612282730638981
2317	0.02460821531713009
2318	0.027116525918245316
2319	0.023715009912848473
2320	0.022533008828759193
2321	0.02316172793507576
2322	0.034578338265419006
2323	0.019773537293076515
2324	0.016390684992074966
2325	0.012139922939240932
2326	0.01582275703549385
2327	0.010836883448064327
2328	0.010712605901062489
2329	0.010520098730921745
2330	0.010839434340596199
2331	0.010637673549354076
2332	0.013671785593032837
2333	0.01007334515452385
2334	0.012905227020382881
2335	0.012624544091522694
2336	0.015193002298474312
2337	0.011188327334821224
2338	0.011755377054214478
2339	0.010527248494327068
2340	0.011523335240781307
2341	0.012539985589683056
2342	0.00803331658244133
2343	0.009631282649934292
2344	0.015530667267739773
2345	0.01814797893166542
2346	0.01731504313647747
2347	0.014446149580180645
2348	0.013323217630386353
2349	0.01267726719379425
2350	0.00915795098990202
2351	0.009820396080613136
2352	0.00917335506528616
2353	0.010358224622905254
2354	0.012354413978755474
2355	0.014445016160607338
2356	0.007838432677090168
2357	0.008020556531846523
2358	0.008636120706796646
2359	0.006150552071630955
2360	0.006311923265457153
2361	0.005135703831911087
2362	0.004530820529907942
2363	0.004710356239229441
2364	0.004863020498305559
2365	0.004814235959202051
2366	0.004636311437934637
2367	0.00548135070130229
2368	0.0049363370053470135
2369	0.005100370850414038
2370	0.005376206245273352
2371	0.0053094434551894665
2372	0.00567348999902606
2373	0.0062276022508740425
2374	0.005832001566886902
2375	0.005975961685180664
2376	0.005295038688927889
2377	0.005237279925495386
2378	0.00515943206846714
2379	0.004406556487083435
2380	0.0037520311307162046
2381	0.0037057981826364994
2382	0.004267306532710791
2383	0.005586680024862289
2384	0.006613277830183506
2385	0.005512832663953304
2386	0.007901059463620186
2387	0.007461376488208771
2388	0.007663022261112928
2389	0.00812391098588705
2390	0.007419149857014418
2391	0.007268091198056936
2392	0.006776158697903156
2393	0.005730252247303724
2394	0.007530616130679846
2395	0.007942426949739456
2396	0.005706175696104765
2397	0.007517687976360321
2398	0.008358792401850224
2399	0.010032902471721172
2400	0.008297710679471493
2401	0.012300008907914162
2402	0.0080884313210845
2403	0.009866627864539623
2404	0.010288381949067116
2405	0.005405645351856947
2406	0.004955030512064695
2407	0.0039514522068202496
2408	0.00409890478476882
2409	0.006166492123156786
2410	0.007872745394706726
2411	0.00628310302272439
2412	0.004168934654444456
2413	0.007437281310558319
2414	0.004724217113107443
2415	0.006122230086475611
2416	0.006197258830070496
2417	0.006421886384487152
2418	0.0065947785042226315
2419	0.006081061903387308
2420	0.005350150167942047
2421	0.007088989019393921
2422	0.0064676976762712
2423	0.00744996964931488
2424	0.00714337220415473
2425	0.009125947020947933
2426	0.007154478225857019
2427	0.006251291371881962
2428	0.012050415389239788
2429	0.01898353360593319
2430	0.014095209538936615
2431	0.021830309182405472
2432	0.025704463943839073
2433	0.02698742225766182
2434	0.04629949852824211
2435	0.0465351827442646
2436	0.03623436018824577
2437	0.01932966709136963
2438	0.03428097814321518
2439	0.044711608439683914
2440	0.03884602710604668
2441	0.017979061231017113
2442	0.021171685308218002
2443	0.01804581843316555
2444	0.014028030447661877
2445	0.01903328113257885
2446	0.01747780852019787
2447	0.019966159015893936
2448	0.015815986320376396
2449	0.014530765824019909
2450	0.013573144562542439
2451	0.013550925068557262
2452	0.01921103335916996
2453	0.018359923735260963
2454	0.02125830203294754
2455	0.021388104185461998
2456	0.024123499169945717
2457	0.02854757383465767
2458	0.02356754057109356
2459	0.017008407041430473
2460	0.026432329788804054
2461	0.03425787761807442
2462	0.027143990620970726
2463	0.014728046022355556
2464	0.033158738166093826
2465	0.0190228670835495
2466	0.024585161358118057
2467	0.0237880926579237
2468	0.02636554278433323
2469	0.02123742364346981
2470	0.02070346288383007
2471	0.03122051991522312
2472	0.022032542154192924
2473	0.03191867470741272
2474	0.020439548417925835
2475	0.03401918709278107
2476	0.04055951163172722
2477	0.04369117692112923
2478	0.02872379496693611
2479	0.02687487006187439
2480	0.03252154588699341
2481	0.027785519137978554
2482	0.024579592049121857
2483	0.013518872670829296
2484	0.01779041811823845
2485	0.013689643703401089
2486	0.008657227270305157
2487	0.011366407386958599
2488	0.008317235857248306
2489	0.019598929211497307
2490	0.00891853403300047
2491	0.010651277378201485
2492	0.018731672316789627
2493	0.015858275815844536
2494	0.014121170155704021
2495	0.015448647551238537
2496	0.02297905646264553
2497	0.012881851755082607
2498	0.012457405216991901
2499	0.020820578560233116
2500	0.019616493955254555
2501	0.009124434553086758
2502	0.008790167979896069
2503	0.007155710365623236
2504	0.006863749120384455
2505	0.006097845733165741
2506	0.004743887577205896
2507	0.005133729428052902
2508	0.007545124273747206
2509	0.009922362864017487
2510	0.00918753445148468
2511	0.008034436963498592
2512	0.0066553265787661076
2513	0.006028566975146532
2514	0.007033086847513914
2515	0.004929614719003439
2516	0.0047833966091275215
2517	0.004629816859960556
2518	0.0049134851433336735
2519	0.005778248887509108
2520	0.006612018682062626
2521	0.006761323194950819
2522	0.007761778775602579
2523	0.007541722152382135
2524	0.007498628925532103
2525	0.008319268934428692
2526	0.007522390224039555
2527	0.0078386589884758
2528	0.00846571009606123
2529	0.007250846829265356
2530	0.00793492328375578
2531	0.009383243508636951
2532	0.00879622157663107
2533	0.010173218324780464
2534	0.008598066866397858
2535	0.007292076945304871
2536	0.007526993751525879
2537	0.008303321897983551
2538	0.008545036427676678
2539	0.008149208500981331
2540	0.008747684769332409
2541	0.008848977275192738
2542	0.008759486488997936
2543	0.009493484161794186
2544	0.0065313540399074554
2545	0.00827477965503931
2546	0.008207164704799652
2547	0.0104387691244483
2548	0.011067086830735207
2549	0.00882033258676529
2550	0.008723536506295204
2551	0.009706661105155945
2552	0.01323331892490387
2553	0.008774376474320889
2554	0.009317978285253048
2555	0.010469608008861542
2556	0.01079441886395216
2557	0.009449047036468983
2558	0.011099934577941895
2559	0.007100582122802734
2560	0.011406970210373402
2561	0.00739717110991478
2562	0.007043720688670874
2563	0.007868172600865364
2564	0.007261148188263178
2565	0.008611057884991169
2566	0.008428861387073994
2567	0.01099886279553175
2568	0.010145134292542934
2569	0.010229811072349548
2570	0.009846910834312439
2571	0.014727947302162647
2572	0.013485229574143887
2573	0.04005846008658409
2574	0.015144570730626583
2575	0.015028289519250393
2576	0.012625291012227535
2577	0.012358138337731361
2578	0.009999142959713936
2579	0.009904731065034866
2580	0.013096979819238186
2581	0.013474227860569954
2582	0.013553367927670479
2583	0.013552725315093994
2584	0.01398013811558485
2585	0.010404129512608051
2586	0.013013282790780067
2587	0.013966348953545094
2588	0.011243375949561596
2589	0.00972873717546463
2590	0.009700728580355644
2591	0.011052328161895275
2592	0.008738026022911072
2593	0.009892781265079975
2594	0.009264345280826092
2595	0.010139917023479939
2596	0.010396025143563747
2597	0.009957856498658657
2598	0.007874502800405025
2599	0.007680227048695087
2600	0.008413555100560188
2601	0.009633326902985573
2602	0.008324367925524712
2603	0.010405385866761208
2604	0.006437237840145826
2605	0.006593666505068541
2606	0.004419306758791208
2607	0.005239823367446661
2608	0.0056212362833321095
2609	0.003036521142348647
2610	0.003568330081179738
2611	0.0037573277950286865
2612	0.004480484873056412
2613	0.003782462328672409
2614	0.0032109792809933424
2615	0.003402142319828272
2616	0.0039135790430009365
2617	0.0035439624916762114
2618	0.0038138136733323336
2619	0.003820566926151514
2620	0.0034955106675624847
2621	0.0037019196897745132
2622	0.0039270194247365
2623	0.003559038508683443
2624	0.004192938096821308
2625	0.004355384036898613
2626	0.004495307337492704
2627	0.00404273672029376
2628	0.004210062325000763
2629	0.004232374485582113
2630	0.004679305013269186
2631	0.004436703398823738
2632	0.0049828230403363705
2633	0.004602289758622646
2634	0.004777020774781704
2635	0.0043992758728563786
2636	0.006004955153912306
2637	0.004869886673986912
2638	0.005941163748502731
2639	0.006053905468434095
2640	0.0073507800698280334
2641	0.008385944180190563
2642	0.008396725170314312
2643	0.007885215803980827
2644	0.006551296450197697
2645	0.007842259481549263
2646	0.007477275561541319
2647	0.0071643958799541
2648	0.006281730718910694
2649	0.007291169371455908
2650	0.006302520167082548
2651	0.00882433820515871
2652	0.008927165530622005
2653	0.009111165069043636
2654	0.008719205856323242
2655	0.007353981025516987
2656	0.00651145214214921
2657	0.009001828730106354
2658	0.009137329645454884
2659	0.008040686137974262
2660	0.008825445547699928
2661	0.00883299671113491
2662	0.010627160780131817
2663	0.007570821326225996
2664	0.006746603641659021
2665	0.007193957455456257
2666	0.007174201309680939
2667	0.007206554990261793
2668	0.007712169084697962
2669	0.008063110522925854
2670	0.012606863863766193
2671	0.011263519525527954
2672	0.010423537343740463
2673	0.008321786299347878
2674	0.008995512500405312
2675	0.012439537793397903
2676	0.017956245690584183
2677	0.02053147926926613
2678	0.015026605688035488
2679	0.017439227551221848
2680	0.017505628988146782
2681	0.015402431599795818
2682	0.012058342806994915
2683	0.010177349671721458
2684	0.012756392359733582
2685	0.013573527336120605
2686	0.010835757479071617
2687	0.012871744111180305
2688	0.011285219341516495
2689	0.009580078534781933
2690	0.009725470095872879
2691	0.007814915850758553
2692	0.0059717013500630856
2693	0.006082082632929087
2694	0.009116791188716888
2695	0.00724627822637558
2696	0.00683367345482111
2697	0.0034117884933948517
2698	0.005952176637947559
2699	0.0063581811264157295
2700	0.0045081088319420815
2701	0.004008485469967127
2702	0.006728942971676588
2703	0.0064996592700481415
2704	0.011096197180449963
2705	0.008322886191308498
2706	0.008110985159873962
2707	0.007197840604931116
2708	0.005643829237669706
2709	0.0050908224657177925
2710	0.0036971389781683683
2711	0.004394996911287308
2712	0.0041768113151192665
2713	0.005603587720543146
2714	0.006240599323064089
2715	0.008704897947609425
2716	0.006298144347965717
2717	0.007616658695042133
2718	0.007168452721089125
2719	0.009369287639856339
2720	0.009643441997468472
2721	0.009454282000660896
2722	0.00879637897014618
2723	0.009617268107831478
2724	0.009595324285328388
2725	0.007728401105850935
2726	0.006115846335887909
2727	0.00612628972157836
2728	0.005132774356752634
2729	0.007183486130088568
2730	0.005903214681893587
2731	0.007229489274322987
2732	0.007279717829078436
2733	0.006749156396836042
2734	0.005567959509789944
2735	0.00894436426460743
2736	0.010602441616356373
2737	0.00914981123059988
2738	0.009203135035932064
2739	0.007238130550831556
2740	0.00743913883343339
2741	0.007191082928329706
2742	0.006619407329708338
2743	0.006942984648048878
2744	0.005944505333900452
2745	0.006959803402423859
2746	0.00712869456037879
2747	0.005530410911887884
2748	0.00601272564381361
2749	0.006301863584667444
2750	0.006047463975846767
2751	0.005815848242491484
2752	0.004717229399830103
2753	0.004593856167048216
2754	0.0046595181338489056
2755	0.004166146274656057
2756	0.004594461526721716
2757	0.004384511616080999
2758	0.0045730615966022015
2759	0.0043408917263150215
2760	0.004060858394950628
2761	0.004151572473347187
2762	0.0037371718790382147
2763	0.004219777416437864
2764	0.0038226440083235502
2765	0.004235721658915281
2766	0.0037174024619162083
2767	0.0037389732897281647
2768	0.003388483077287674
2769	0.003454082878306508
2770	0.004459512885659933
2771	0.004224912263453007
2772	0.003374423598870635
2773	0.003964441362768412
2774	0.004218044225126505
2775	0.004293148405849934
2776	0.0039024227298796177
2777	0.004004979971796274
2778	0.004500259645283222
2779	0.00512094609439373
2780	0.00432930001989007
2781	0.004768040031194687
2782	0.004719153977930546
2783	0.004587133880704641
2784	0.004776916932314634
2785	0.004152176436036825
2786	0.004440865945070982
2787	0.004772563930600882
2788	0.0040330588817596436
2789	0.004516910295933485
2790	0.004157907795161009
2791	0.004468490835279226
2792	0.0048485309816896915
2793	0.00508238235488534
2794	0.004654624965041876
2795	0.005611768923699856
2796	0.006181376054883003
2797	0.00651787593960762
2798	0.006110427435487509
2799	0.00718096224591136
2800	0.005688970442861319
2801	0.006285059731453657
2802	0.0056131440214812756
2803	0.006490428000688553
2804	0.005383530166000128
2805	0.005678584333509207
2806	0.006603102665394545
2807	0.007990351878106594
2808	0.00711987167596817
2809	0.009692310355603695
2810	0.008661482483148575
2811	0.008728249929845333
2812	0.009226318448781967
2813	0.010159670375287533
2814	0.008838772773742676
2815	0.00942947156727314
2816	0.006912988610565662
2817	0.006804217584431171
2818	0.006883812602609396
2819	0.006827821489423513
2820	0.006454166024923325
2821	0.007013414055109024
2822	0.006308895535767078
2823	0.007235452067106962
2824	0.005956958048045635
2825	0.005586258601397276
2826	0.006802146788686514
2827	0.007582212332636118
2828	0.008131762966513634
2829	0.008503145538270473
2830	0.008160225115716457
2831	0.0090507036074996
2832	0.0094255730509758
2833	0.012794899754226208
2834	0.012771250680088997
2835	0.011723804287612438
2836	0.01677262969315052
2837	0.013560864143073559
2838	0.01740092784166336
2839	0.016184711828827858
2840	0.020647093653678894
2841	0.02242751233279705
2842	0.01924063079059124
2843	0.0292892437428236
2844	0.01740903966128826
2845	0.017217863351106644
2846	0.01928476057946682
2847	0.014273661188781261
2848	0.014033732004463673
2849	0.016779830679297447
2850	0.019209934398531914
2851	0.01963263750076294
2852	0.01406483817845583
2853	0.015087708830833435
2854	0.015327018685638905
2855	0.018145618960261345
2856	0.01119040884077549
2857	0.012628729455173016
2858	0.01396078523248434
2859	0.013268201611936092
2860	0.013251910917460918
2861	0.012970523908734322
2862	0.011589271016418934
2863	0.012832378037273884
2864	0.012539908289909363
2865	0.014251313172280788
2866	0.011988889425992966
2867	0.011079329065978527
2868	0.012039250694215298
2869	0.012729751877486706
2870	0.011769461445510387
2871	0.014244330115616322
2872	0.01606421172618866
2873	0.014622298069298267
2874	0.006223822478204966
2875	0.007942494004964828
2876	0.011135414242744446
2877	0.007856503129005432
2878	0.01211827527731657
2879	0.01928790844976902
2880	0.010097751393914223
2881	0.016340842470526695
2882	0.009280684404075146
2883	0.013546692207455635
2884	0.011266172863543034
2885	0.006262979935854673
2886	0.004112655762583017
2887	0.00884733535349369
2888	0.012385535053908825
2889	0.00874920841306448
2890	0.009835242293775082
2891	0.008580038323998451
2892	0.00837070681154728
2893	0.012641911394894123
2894	0.007965664379298687
2895	0.007798422127962112
2896	0.008727763779461384
2897	0.008268126286566257
2898	0.009078285656869411
2899	0.00854799896478653
2900	0.008659507147967815
2901	0.013602621853351593
2902	0.016507668420672417
2903	0.012588066048920155
2904	0.014980959706008434
2905	0.009823274798691273
2906	0.007595923729240894
2907	0.00635084742680192
2908	0.0063466355204582214
2909	0.005924324970692396
2910	0.00660035340115428
2911	0.005551429465413094
2912	0.006631076335906982
2913	0.007129132281988859
2914	0.006115601863712072
2915	0.006768766324967146
2916	0.009551736526191235
2917	0.008378657512366772
2918	0.008950452320277691
2919	0.010001159273087978
2920	0.008886477909982204
2921	0.008019284345209599
2922	0.006946999114006758
2923	0.007613338064402342
2924	0.00638515455648303
2925	0.007421994116157293
2926	0.00791191030293703
2927	0.006462340708822012
2928	0.005864383187144995
2929	0.005720410495996475
2930	0.0076187001541256905
2931	0.00697828084230423
2932	0.007021021097898483
2933	0.006298928055912256
2934	0.0059193880297243595
2935	0.0056084380485117435
2936	0.00644074147567153
2937	0.006105339620262384
2938	0.007513829506933689
2939	0.006313695106655359
2940	0.007758516352623701
2941	0.010514773428440094
2942	0.00995213445276022
2943	0.010269197635352612
2944	0.006341258529573679
2945	0.008080240339040756
2946	0.007601809687912464
2947	0.0064335837960243225
2948	0.007058392744511366
2949	0.009012951515614986
2950	0.00928365159779787
2951	0.010909320786595345
2952	0.009826185181736946
2953	0.013126857578754425
2954	0.011409329250454903
2955	0.008641459047794342
2956	0.009701388888061047
2957	0.012493911199271679
2958	0.008981088176369667
2959	0.015275496058166027
2960	0.010352103970944881
2961	0.014622903428971767
2962	0.007741819601505995
2963	0.011812699027359486
2964	0.011129180900752544
2965	0.013551863841712475
2966	0.012703567743301392
2967	0.01324145495891571
2968	0.010002446360886097
2969	0.01031178142875433
2970	0.015605375170707703
2971	0.013862976804375648
2972	0.009633566252887249
2973	0.011648385785520077
2974	0.007525816559791565
2975	0.007269851863384247
2976	0.005189800169318914
2977	0.006731120403856039
2978	0.009165388531982899
2979	0.007931791245937347
2980	0.006783660501241684
2981	0.006808459758758545
2982	0.007293886039406061
2983	0.005873183254152536
2984	0.005880899727344513
2985	0.006640471052378416
2986	0.010331516154110432
2987	0.010299351997673512
2988	0.007720801513642073
2989	0.00939884316176176
2990	0.009323973208665848
2991	0.011106394231319427
2992	0.008358961902558804
2993	0.008652894757688046
2994	0.006987552624195814
2995	0.006684063468128443
2996	0.0073757111094892025
2997	0.0069785998202860355
2998	0.00913811381906271
2999	0.010617866180837154
3000	0.007649099919945002
3001	0.011220024898648262
3002	0.01021142303943634
3003	0.00958579033613205
3004	0.00694811437278986
3005	0.0068276794627308846
3006	0.006041249725967646
3007	0.009086532518267632
3008	0.00939246080815792
3009	0.010162700898945332
3010	0.0084481006488204
3011	0.01037019956856966
3012	0.01067187637090683
3013	0.009921093471348286
3014	0.008038977161049843
3015	0.007149355951696634
3016	0.008987220004200935
3017	0.007669763173907995
3018	0.007893331348896027
3019	0.0070876129902899265
3020	0.0071651223115623
3021	0.006983692292124033
3022	0.007510739844292402
3023	0.005408778786659241
3024	0.005566989537328482
3025	0.0059443325735628605
3026	0.004540495574474335
3027	0.004247577395290136
3028	0.003430386772379279
3029	0.004069142043590546
3030	0.004933592863380909
3031	0.004476066678762436
3032	0.004547195974737406
3033	0.004545642528682947
3034	0.0035392262507230043
3035	0.0035145815927535295
3036	0.00418874341994524
3037	0.003915301989763975
3038	0.0033147893846035004
3039	0.0036632255651056767
3040	0.003563359845429659
3041	0.0040721711702644825
3042	0.0035546438302844763
3043	0.0038333579432219267
3044	0.0037968873511999846
3045	0.0035585579462349415
3046	0.005085019860416651
3047	0.003787059336900711
3048	0.0033879049587994814
3049	0.0038603513967245817
3050	0.004120456520467997
3051	0.004280450288206339
3052	0.0038064145483076572
3053	0.0041262321174144745
3054	0.003964612726122141
3055	0.0038629143964499235
3056	0.0039887079037725925
3057	0.0036053822841495275
3058	0.003870699554681778
3059	0.003669430036097765
3060	0.0045119100250303745
3061	0.003539744531735778
3062	0.004008395131677389
3063	0.004387614317238331
3064	0.005393689963966608
3065	0.005060130264610052
3066	0.005000370088964701
3067	0.005880937911570072
3068	0.005288263317197561
3069	0.005595704074949026
3070	0.007297204341739416
3071	0.005795255769044161
3072	0.004994689021259546
3073	0.0043283263221383095
3074	0.005299610551446676
3075	0.005587635096162558
3076	0.005223837215453386
3077	0.006124395877122879
3078	0.0054849847219884396
3079	0.00631242711097002
3080	0.007690013851970434
3081	0.00680079311132431
3082	0.0073098852299153805
3083	0.007285510655492544
3084	0.006357996258884668
3085	0.006870599929243326
3086	0.006284222938120365
3087	0.005342175718396902
3088	0.006342778448015451
3089	0.00795320887118578
3090	0.006334852427244186
3091	0.005644167307764292
3092	0.006398919504135847
3093	0.006420325022190809
3094	0.007120776921510696
3095	0.0074571105651557446
3096	0.007513772696256638
3097	0.009661361575126648
3098	0.007554327137768269
3099	0.008462125435471535
3100	0.007365150842815638
3101	0.009253159165382385
3102	0.008336040191352367
3103	0.00866734515875578
3104	0.007947398349642754
3105	0.011926592327654362
3106	0.01446814276278019
3107	0.012197737582027912
3108	0.009628834202885628
3109	0.010882973670959473
3110	0.01190389133989811
3111	0.011672737076878548
3112	0.011729151010513306
3113	0.01221529021859169
3114	0.013345020823180676
3115	0.01075753103941679
3116	0.013265052810311317
3117	0.014932068064808846
3118	0.011669383384287357
3119	0.014058725908398628
3120	0.01973160170018673
3121	0.018785372376441956
3122	0.01844624988734722
3123	0.015847017988562584
3124	0.018798409029841423
3125	0.01009824126958847
3126	0.012141067534685135
3127	0.010535485111176968
3128	0.013339671306312084
3129	0.01628318801522255
3130	0.02018843963742256
3131	0.01813555136322975
3132	0.021126454696059227
3133	0.01885126531124115
3134	0.01762775145471096
3135	0.020944759249687195
3136	0.014920714311301708
3137	0.015421705320477486
3138	0.016110071912407875
3139	0.015954144299030304
3140	0.01793856732547283
3141	0.01590942218899727
3142	0.014309952966868877
3143	0.013886580243706703
3144	0.01268971897661686
3145	0.012944395653903484
3146	0.014845428057014942
3147	0.013294338248670101
3148	0.012597394175827503
3149	0.014915441162884235
3150	0.00941563118249178
3151	0.010704444721341133
3152	0.011841647326946259
3153	0.010496983304619789
3154	0.010129853151738644
3155	0.010554938577115536
3156	0.011163695715367794
3157	0.014179590158164501
3158	0.01389400940388441
3159	0.014899360947310925
3160	0.027736276388168335
3161	0.02454977296292782
3162	0.03288717940449715
3163	0.014235747046768665
3164	0.022290822118520737
3165	0.0183161199092865
3166	0.030717242509126663
3167	0.014217562973499298
3168	0.02076626941561699
3169	0.013577505014836788
3170	0.012694460339844227
3171	0.022165242582559586
3172	0.02001485787332058
3173	0.015675896778702736
3174	0.02161557413637638
3175	0.01967965066432953
3176	0.02318362519145012
3177	0.02428724430501461
3178	0.021084461361169815
3179	0.028895020484924316
3180	0.034437812864780426
3181	0.03658848628401756
3182	0.04175322875380516
3183	0.028627723455429077
3184	0.024370599538087845
3185	0.042984288185834885
3186	0.02526223100721836
3187	0.029207458719611168
3188	0.025095684453845024
3189	0.02604350447654724
3190	0.038784515112638474
3191	0.02587779425084591
3192	0.014563247561454773
3193	0.01712990552186966
3194	0.01280919648706913
3195	0.013718522153794765
3196	0.012250564061105251
3197	0.0104655297473073
3198	0.018404200673103333
3199	0.015379664488136768
3200	0.007280472666025162
3201	0.01607542112469673
3202	0.012784257531166077
3203	0.012882554903626442
3204	0.007840491831302643
3205	0.006541505455970764
3206	0.006983031984418631
3207	0.014744633808732033
3208	0.01454290933907032
3209	0.006845848169177771
3210	0.00558449886739254
3211	0.007191040553152561
3212	0.008419678546488285
3213	0.009266654029488564
3214	0.004620962776243687
3215	0.006406742613762617
3216	0.007910341024398804
3217	0.005251446273177862
3218	0.006229646038264036
3219	0.007457403931766748
3220	0.006268627941608429
3221	0.008842659182846546
3222	0.007387013640254736
3223	0.009363592602312565
3224	0.00986424833536148
3225	0.007332425098866224
3226	0.007031324785202742
3227	0.007085861172527075
3228	0.008376320824027061
3229	0.01146514993160963
3230	0.012532210908830166
3231	0.013752484694123268
3232	0.013358918018639088
3233	0.008163431659340858
3234	0.008556680753827095
3235	0.009824414737522602
3236	0.012143535539507866
3237	0.01532670296728611
3238	0.013743288815021515
3239	0.01384945958852768
3240	0.012323589995503426
3241	0.010544008575379848
3242	0.008699211291968822
3243	0.007989521138370037
3244	0.008172922767698765
3245	0.010209644213318825
3246	0.0089398343116045
3247	0.012091713026165962
3248	0.009623025543987751
3249	0.010848070494830608
3250	0.00944814644753933
3251	0.011298325844109058
3252	0.009363734163343906
3253	0.007935628294944763
3254	0.008160327561199665
3255	0.007676459848880768
3256	0.008640794083476067
3257	0.009221742860972881
3258	0.009085766039788723
3259	0.006258393172174692
3260	0.0066199228167533875
3261	0.007752746343612671
3262	0.0070286886766552925
3263	0.008186309598386288
3264	0.008686291985213757
3265	0.0073270234279334545
3266	0.01062696147710085
3267	0.007511615753173828
3268	0.00813178438693285
3269	0.007352301385253668
3270	0.007801942061632872
3271	0.007018066942691803
3272	0.006841039750725031
3273	0.0074171870946884155
3274	0.008693045936524868
3275	0.00751243531703949
3276	0.008681641891598701
3277	0.009479237720370293
3278	0.011922287754714489
3279	0.011768060736358166
3280	0.007039006799459457
3281	0.005491675343364477
3282	0.008053905330598354
3283	0.007795709650963545
3284	0.006802716758102179
3285	0.007277502212673426
3286	0.008582217618823051
3287	0.005336748901754618
3288	0.006781582720577717
3289	0.009849928319454193
3290	0.010901435278356075
3291	0.028036219999194145
3292	0.013564087450504303
3293	0.009695802815258503
3294	0.011197119951248169
3295	0.00903891772031784
3296	0.009870774112641811
3297	0.02080870233476162
3298	0.01799105480313301
3299	0.013853289186954498
3300	0.014211349189281464
3301	0.0234393123537302
3302	0.02057706192135811
3303	0.020953958854079247
3304	0.014998914673924446
3305	0.011415599845349789
3306	0.015609616413712502
3307	0.014146523550152779
3308	0.029429852962493896
3309	0.02685297466814518
3310	0.05319754034280777
3311	0.019161967560648918
3312	0.021734783425927162
3313	0.017081275582313538
3314	0.027397586032748222
3315	0.02391277812421322
3316	0.021783189848065376
3317	0.021282482892274857
3318	0.019171301275491714
3319	0.02204328402876854
3320	0.019877610728144646
3321	0.01438285131007433
3322	0.01034764014184475
3323	0.01242869533598423
3324	0.012642930261790752
3325	0.01069667562842369
3326	0.015829794108867645
3327	0.012439287267625332
3328	0.012688420712947845
3329	0.013336737640202045
3330	0.011594792827963829
3331	0.017123647034168243
3332	0.019436297938227654
3333	0.016483066603541374
3334	0.012053350917994976
3335	0.010329753160476685
3336	0.010280449874699116
3337	0.011806746013462543
3338	0.010929991491138935
3339	0.010348821058869362
3340	0.009646274149417877
3341	0.012390528805553913
3342	0.02715786173939705
3343	0.023991404101252556
3344	0.01512935757637024
3345	0.019088689237833023
3346	0.01470134872943163
3347	0.014659847132861614
3348	0.013895079493522644
3349	0.011712378822267056
3350	0.01237153634428978
3351	0.01576326973736286
3352	0.02390739507973194
3353	0.020427560433745384
3354	0.020347008481621742
3355	0.02391168661415577
3356	0.01748853735625744
3357	0.016713419929146767
3358	0.016162676736712456
3359	0.009290777146816254
3360	0.012968017719686031
3361	0.01151575893163681
3362	0.007897893898189068
3363	0.011914737522602081
3364	0.011594011448323727
3365	0.013059387914836407
3366	0.009171174839138985
3367	0.009897321462631226
3368	0.006224847864359617
3369	0.007079675793647766
3370	0.00698142359033227
3371	0.005238252226263285
3372	0.00527504738420248
3373	0.007723630405962467
3374	0.007590532302856445
3375	0.0088678989559412
3376	0.009186781942844391
3377	0.011046473868191242
3378	0.006615792401134968
3379	0.00552026554942131
3380	0.006800650153309107
3381	0.006945890840142965
3382	0.006768981460481882
3383	0.007385463919490576
3384	0.007823591120541096
3385	0.006476010661572218
3386	0.005573564674705267
3387	0.006086728069931269
3388	0.006397177930921316
3389	0.008543969132006168
3390	0.00826973095536232
3391	0.008386877365410328
3392	0.008242507465183735
3393	0.008493410423398018
3394	0.00686752749606967
3395	0.007802171166986227
3396	0.006027914118021727
3397	0.007060237228870392
3398	0.007834844291210175
3399	0.007666383869946003
3400	0.00777773279696703
3401	0.0061969030648469925
3402	0.007353855762630701
3403	0.007614175323396921
3404	0.007934209890663624
3405	0.007739655207842588
3406	0.007209032773971558
3407	0.007639141287654638
3408	0.008098027668893337
3409	0.00753353675827384
3410	0.006353504490107298
3411	0.008007324300706387
3412	0.007287049200385809
3413	0.00710670230910182
3414	0.006673689465969801
3415	0.006823745556175709
3416	0.005244333762675524
3417	0.005767995957285166
3418	0.005791990552097559
3419	0.005234934389591217
3420	0.005630298983305693
3421	0.005318539682775736
3422	0.00533169275149703
3423	0.005363538861274719
3424	0.005917705129832029
3425	0.006330378353595734
3426	0.006374439690262079
3427	0.00819235946983099
3428	0.0062003182247281075
3429	0.009213333018124104
3430	0.005721096880733967
3431	0.00897644367069006
3432	0.007589712738990784
3433	0.008904113434255123
3434	0.00672868499532342
3435	0.007962973788380623
3436	0.007195745594799519
3437	0.006283379625529051
3438	0.0050482661463320255
3439	0.005551869515329599
3440	0.0060440488159656525
3441	0.007513704244047403
3442	0.006260726135224104
3443	0.006746150553226471
3444	0.005650901235640049
3445	0.00572960963472724
3446	0.006812155246734619
3447	0.00708193052560091
3448	0.00644183624535799
3449	0.006707351189106703
3450	0.005790782626718283
3451	0.006588173098862171
3452	0.005262380000203848
3453	0.005140033550560474
3454	0.005478806793689728
3455	0.005056506488472223
3456	0.0049291206523776054
3457	0.005125254392623901
3458	0.005386836361140013
3459	0.005352947860956192
3460	0.004830684047192335
3461	0.004327025730162859
3462	0.004340124316513538
3463	0.00427807355299592
3464	0.0034949891269207
3465	0.0035291097592562437
3466	0.004019698593765497
3467	0.004541368689388037
3468	0.004519771784543991
3469	0.005622853524982929
3470	0.005655586253851652
3471	0.00614655576646328
3472	0.004976280964910984
3473	0.006291800644248724
3474	0.005361293442547321
3475	0.006153082940727472
3476	0.0050453850999474525
3477	0.005691863596439362
3478	0.00536849070340395
3479	0.005125345196574926
3480	0.004417039453983307
3481	0.005481908563524485
3482	0.004676222335547209
3483	0.004802122246474028
3484	0.00522234383970499
3485	0.0051933214999735355
3486	0.004768249578773975
3487	0.004378422163426876
3488	0.004273162689059973
3489	0.004932957235723734
3490	0.004657364450395107
3491	0.004554837942123413
3492	0.004719169344753027
3493	0.004740478005260229
3494	0.004753065295517445
3495	0.005452230107039213
3496	0.004732449539005756
3497	0.004984830506145954
3498	0.00453956751152873
3499	0.00465507572516799
3500	0.004948426503688097
3501	0.004960921593010426
3502	0.004862077068537474
3503	0.004480110947042704
3504	0.004963482730090618
3505	0.0054945750162005424
3506	0.004938875790685415
3507	0.004799230489879847
3508	0.005076617933809757
3509	0.005913451313972473
3510	0.006076113786548376
3511	0.0068551646545529366
3512	0.006511302199214697
3513	0.007671484258025885
3514	0.006400279700756073
3515	0.005969937890768051
3516	0.006016758736222982
3517	0.00596735579892993
3518	0.005819970276206732
3519	0.005886367987841368
3520	0.005923859775066376
3521	0.004530308302491903
3522	0.0061060478910803795
3523	0.0056386785581707954
3524	0.005675214808434248
3525	0.007412149105221033
3526	0.005985988769680262
3527	0.006742465775460005
3528	0.007167987059801817
3529	0.006578718312084675
3530	0.005697901826351881
3531	0.005977180320769548
3532	0.006503702607005835
3533	0.006405864842236042
3534	0.005253732204437256
3535	0.005938478745520115
3536	0.0057037267833948135
3537	0.005832093767821789
3538	0.005900793243199587
3539	0.006147048901766539
3540	0.006731230299919844
3541	0.00651190523058176
3542	0.009303782135248184
3543	0.008711665868759155
3544	0.0076027861796319485
3545	0.007030367851257324
3546	0.006740775890648365
3547	0.007775421719998121
3548	0.005416573490947485
3549	0.005381740629673004
3550	0.004893927369266748
3551	0.005233853589743376
3552	0.0048316060565412045
3553	0.006286629941314459
3554	0.006493477616459131
3555	0.006388192065060139
3556	0.005828353576362133
3557	0.006390101741999388
3558	0.006648521404713392
3559	0.00851669441908598
3560	0.006858348846435547
3561	0.007786695845425129
3562	0.006791166495531797
3563	0.0069845193065702915
3564	0.009032689966261387
3565	0.006833367981016636
3566	0.006493708584457636
3567	0.007654707878828049
3568	0.008280063979327679
3569	0.010411465540528297
3570	0.011550326831638813
3571	0.01153384055942297
3572	0.008904444053769112
3573	0.011021262966096401
3574	0.010474900715053082
3575	0.013744860887527466
3576	0.014222979545593262
3577	0.012727390043437481
3578	0.018692051991820335
3579	0.022809401154518127
3580	0.015351948328316212
3581	0.026405954733490944
3582	0.01950376108288765
3583	0.025940624997019768
3584	0.015318738296627998
3585	0.0216879490762949
3586	0.01961957849562168
3587	0.02364998497068882
3588	0.012262257747352123
3589	0.013872543349862099
3590	0.017247194424271584
3591	0.015085498802363873
3592	0.011163176968693733
3593	0.012100706808269024
3594	0.011255745775997639
3595	0.010180013254284859
3596	0.010041016153991222
3597	0.011583277955651283
3598	0.010264776647090912
3599	0.011673731729388237
3600	0.009776052087545395
3601	0.009270898066461086
3602	0.009344065561890602
3603	0.00816822238266468
3604	0.012025311589241028
3605	0.011573146097362041
3606	0.010278575122356415
3607	0.00940475519746542
3608	0.00993859488517046
3609	0.008036702871322632
3610	0.008507474325597286
3611	0.008483371697366238
3612	0.010061987675726414
3613	0.013485724106431007
3614	0.01237344741821289
3615	0.009986295364797115
3616	0.010659473016858101
3617	0.008198916912078857
3618	0.008873176760971546
3619	0.011726139113307
3620	0.013348609209060669
3621	0.015048697590827942
3622	0.019440270960330963
3623	0.016284307464957237
3624	0.014275428839027882
3625	0.012834377586841583
3626	0.018079301342368126
3627	0.013607800006866455
3628	0.011670517735183239
3629	0.01497342437505722
3630	0.013371280394494534
3631	0.010715913027524948
3632	0.008270442485809326
3633	0.007120524533092976
3634	0.006946293171495199
3635	0.0069907293654978275
3636	0.004966453183442354
3637	0.004297703038901091
3638	0.004594629164785147
3639	0.005288608372211456
3640	0.005363284144550562
3641	0.006365773733705282
3642	0.003931688144803047
3643	0.004897776059806347
3644	0.004899134393781424
3645	0.005342165008187294
3646	0.005346179474145174
3647	0.006493909750133753
3648	0.010712816379964352
3649	0.009906086139380932
3650	0.009773977100849152
3651	0.007652479689568281
3652	0.00984781701117754
3653	0.01015416905283928
3654	0.01007242314517498
3655	0.012001389637589455
3656	0.011185797862708569
3657	0.009416637010872364
3658	0.01718023419380188
3659	0.01178736798465252
3660	0.012399907223880291
3661	0.012660110369324684
3662	0.013326388783752918
3663	0.018329782411456108
3664	0.02428322471678257
3665	0.018616313114762306
3666	0.010386570356786251
3667	0.010109080001711845
3668	0.010926173999905586
3669	0.009733703918755054
3670	0.011619403958320618
3671	0.00929579883813858
3672	0.00953091960400343
3673	0.009720925241708755
3674	0.01024921890348196
3675	0.011245026253163815
3676	0.009947722777724266
3677	0.013436061330139637
3678	0.009552235715091228
3679	0.009606105275452137
3680	0.0064951214008033276
3681	0.01050239335745573
3682	0.012454132549464703
3683	0.01693763956427574
3684	0.012494964525103569
3685	0.010143301449716091
3686	0.008385238237679005
3687	0.00916820764541626
3688	0.008941449224948883
3689	0.006948217749595642
3690	0.006029850337654352
3691	0.00826056208461523
3692	0.010691686533391476
3693	0.009294687770307064
3694	0.01153180468827486
3695	0.009414278902113438
3696	0.010157935321331024
3697	0.010680805891752243
3698	0.009866029024124146
3699	0.013079926371574402
3700	0.010939829051494598
3701	0.01243448443710804
3702	0.009211036376655102
3703	0.014736521057784557
3704	0.010886306874454021
3705	0.015684878453612328
3706	0.011290322057902813
3707	0.014452594332396984
3708	0.010636200197041035
3709	0.00968262180685997
3710	0.01050992775708437
3711	0.010671715252101421
3712	0.0120784817263484
3713	0.011940034106373787
3714	0.011006784625351429
3715	0.008916279301047325
3716	0.013127768412232399
3717	0.011041948571801186
3718	0.011994579806923866
3719	0.010902421548962593
3720	0.009438831359148026
3721	0.013811910524964333
3722	0.010573799721896648
3723	0.011005248874425888
3724	0.013014614582061768
3725	0.014596262946724892
3726	0.013578708283603191
3727	0.011640558019280434
3728	0.011557268910109997
3729	0.012297681532800198
3730	0.01602693274617195
3731	0.013216796331107616
3732	0.009982015006244183
3733	0.011346166022121906
3734	0.009833968244493008
3735	0.013023396022617817
3736	0.012414342723786831
3737	0.014805194921791553
3738	0.016352975741028786
3739	0.012665155343711376
3740	0.014171143062412739
3741	0.012471740134060383
3742	0.009117640554904938
3743	0.007888643071055412
3744	0.00623937277123332
3745	0.007425712887197733
3746	0.011216786690056324
3747	0.009629667736589909
3748	0.007866528816521168
3749	0.0085124047473073
3750	0.010999646969139576
3751	0.014174150303006172
3752	0.014300301671028137
3753	0.01396938320249319
3754	0.010867515578866005
3755	0.014276518486440182
3756	0.014000129885971546
3757	0.01321712601929903
3758	0.01071968860924244
3759	0.009926386177539825
3760	0.014851882122457027
3761	0.013867382891476154
3762	0.011554474011063576
3763	0.014434886164963245
3764	0.019007626920938492
3765	0.014379709959030151
3766	0.016025880351662636
