frame	prob
0	0.005148471798747778
1	0.0037279371172189713
2	0.0035625905729830265
3	0.003553407732397318
4	0.004371446091681719
5	0.00408674543723464
6	0.004624121356755495
7	0.004838598892092705
8	0.005586248356848955
9	0.005260815843939781
10	0.0051244827918708324
11	0.0069216168485581875
12	0.008179786615073681
13	0.007044762372970581
14	0.008400150574743748
15	0.006848067045211792
16	0.007073311600834131
17	0.006707307882606983
18	0.006479148752987385
19	0.0068388222716748714
20	0.007424000650644302
21	0.006852717138826847
22	0.010035148821771145
23	0.009241807274520397
24	0.011663185432553291
25	0.014266339130699635
26	0.022060297429561615
27	0.013449895195662975
28	0.02474745735526085
29	0.012799836695194244
30	0.014458742924034595
31	0.023104963824152946
32	0.01101300772279501
33	0.010928289033472538
34	0.017602328211069107
35	0.017396926879882812
36	0.020142698660492897
37	0.02468075603246689
38	0.016360512003302574
39	0.022035721689462662
40	0.01784837245941162
41	0.017595022916793823
42	0.01986960880458355
43	0.02659735642373562
44	0.019526466727256775
45	0.019068215042352676
46	0.025319024920463562
47	0.017674585804343224
48	0.015330177731812
49	0.013611413538455963
50	0.0142395393922925
51	0.030839070677757263
52	0.020461637526750565
53	0.018556341528892517
54	0.017596375197172165
55	0.025366513058543205
56	0.019001370295882225
57	0.015572345815598965
58	0.017295008525252342
59	0.013265830464661121
60	0.01212831400334835
61	0.022590426728129387
62	0.015971248969435692
63	0.025045057758688927
64	0.013205057941377163
65	0.0482584610581398
66	0.04273564741015434
67	0.035998012870550156
68	0.02669927477836609
69	0.029748354107141495
70	0.014659705571830273
71	0.028690000995993614
72	0.032979656010866165
73	0.026051858440041542
74	0.020769774913787842
75	0.01434570737183094
76	0.011830735951662064
77	0.020306849852204323
78	0.025732487440109253
79	0.014809608459472656
80	0.017998388037085533
81	0.015440366230905056
82	0.019850118085741997
83	0.041021931916475296
84	0.022059887647628784
85	0.02172170579433441
86	0.0164863970130682
87	0.018000883981585503
88	0.015459403395652771
89	0.032030630856752396
90	0.020863082259893417
91	0.029585951939225197
92	0.02392440102994442
93	0.026568934321403503
94	0.03856600821018219
95	0.024231184273958206
96	0.025971421971917152
97	0.013266699388623238
98	0.01901128888130188
99	0.020242393016815186
100	0.022755205631256104
101	0.02111053839325905
102	0.019264783710241318
103	0.01958603225648403
104	0.030262336134910583
105	0.03473566100001335
106	0.028296327218413353
107	0.03199132904410362
108	0.019436344504356384
109	0.03465770557522774
110	0.042246732860803604
111	0.019485831260681152
112	0.026499614119529724
113	0.03498845919966698
114	0.01980304718017578
115	0.017813751474022865
116	0.017845390364527702
117	0.01878962107002735
118	0.023944536224007607
119	0.020705580711364746
120	0.018647102639079094
121	0.013129196129739285
122	0.011882259510457516
123	0.018085109069943428
124	0.02152547612786293
125	0.019584354013204575
126	0.022154852747917175
127	0.01864865981042385
128	0.027773821726441383
129	0.02132757008075714
130	0.026404468342661858
131	0.025186752900481224
132	0.017412638291716576
133	0.01741127111017704
134	0.014197960495948792
135	0.018931671977043152
136	0.017148522660136223
137	0.018374009057879448
138	0.014803220517933369
139	0.017766959965229034
140	0.036132775247097015
141	0.03254278376698494
142	0.024945739656686783
143	0.022176234051585197
144	0.02067319117486477
145	0.015793709084391594
146	0.032241303473711014
147	0.03040066920220852
148	0.07261534780263901
149	0.016399003565311432
150	0.020445767790079117
151	0.016054628416895866
152	0.01932193711400032
153	0.04272361472249031
154	0.020740246400237083
155	0.011767170391976833
156	0.00960593856871128
157	0.013223880901932716
158	0.011665351688861847
159	0.013986656442284584
160	0.03692140057682991
161	0.021638575941324234
162	0.017257271334528923
163	0.01668805442750454
164	0.013021925464272499
165	0.03835907578468323
166	0.023804379627108574
167	0.028519809246063232
168	0.012592315673828125
169	0.020658232271671295
170	0.02216602861881256
171	0.033517684787511826
172	0.017968859523534775
173	0.02143968641757965
174	0.019893396645784378
175	0.030771000310778618
176	0.02067776583135128
177	0.01799853704869747
178	0.013648430816829205
179	0.014464153908193111
180	0.028220875188708305
181	0.02103610150516033
182	0.019694088026881218
183	0.017435774207115173
184	0.015645522624254227
185	0.014528420753777027
186	0.020778734236955643
187	0.017747262492775917
188	0.007200170308351517
189	0.005458300933241844
190	0.007648858707398176
191	0.007814480923116207
192	0.009849783033132553
193	0.009012616239488125
194	0.007535160519182682
195	0.0074988314881920815
196	0.006849446799606085
197	0.007453545928001404
198	0.006392954383045435
199	0.004916457924991846
200	0.005591895431280136
201	0.016587737947702408
202	0.010291780345141888
203	0.009294488467276096
204	0.007745073176920414
205	0.011293402872979641
206	0.009214246645569801
207	0.011280429549515247
208	0.006173852365463972
209	0.006713766139000654
210	0.007465166039764881
211	0.007378281094133854
212	0.006295047700405121
213	0.01131108682602644
214	0.010680613107979298
215	0.009611294604837894
216	0.008837233297526836
217	0.007812905125319958
218	0.005622256081551313
219	0.005934156943112612
220	0.005298365373164415
221	0.006350405514240265
222	0.005626472644507885
223	0.005234211217612028
224	0.004791559185832739
225	0.005308458115905523
226	0.004667357075959444
227	0.004414085298776627
228	0.004474162589758635
229	0.005709742661565542
230	0.0056359427981078625
231	0.005837009288370609
232	0.006277626845985651
233	0.006396530661731958
234	0.005417964421212673
235	0.006500326097011566
236	0.007784459739923477
237	0.008124219253659248
238	0.006185383070260286
239	0.00672985939309001
240	0.0068374196998775005
241	0.006518845446407795
242	0.006232441868633032
243	0.008618347346782684
244	0.008485980331897736
245	0.008321869187057018
246	0.007660862989723682
247	0.010150023736059666
248	0.01343852560967207
249	0.013419787399470806
250	0.012205211445689201
251	0.007559280376881361
252	0.005137965083122253
253	0.007258065044879913
254	0.007442006375640631
255	0.009133641608059406
256	0.007281904108822346
257	0.006631254684180021
258	0.007233382668346167
259	0.0067312209866940975
260	0.007583754602819681
261	0.005870798137038946
262	0.006918777711689472
263	0.006606514099985361
264	0.0058233123272657394
265	0.005885494407266378
266	0.005887978710234165
267	0.007426408119499683
268	0.009663536213338375
269	0.009273739531636238
270	0.00823452789336443
271	0.007953474298119545
272	0.008085428737103939
273	0.009851540438830853
274	0.008231617510318756
275	0.007804454769939184
276	0.008961698971688747
277	0.007812339812517166
278	0.006868533790111542
279	0.007498397026211023
280	0.00717428931966424
281	0.005774201359599829
282	0.0037989341653883457
283	0.005314626730978489
284	0.004443779122084379
285	0.0037129127886146307
286	0.005950148683041334
287	0.006609436124563217
288	0.00532024260610342
289	0.006072940770536661
290	0.005934059154242277
291	0.0050718458369374275
292	0.00546222273260355
293	0.005437337327748537
294	0.0041487449780106544
295	0.004257438238710165
296	0.004413866437971592
297	0.006197224836796522
298	0.004641917999833822
299	0.005047953221946955
300	0.004487186670303345
301	0.005276615731418133
302	0.004708023741841316
303	0.004383681807667017
304	0.004379174206405878
305	0.0046186125837266445
306	0.003574468195438385
307	0.004160398617386818
308	0.004445161670446396
309	0.004469269420951605
310	0.0029955748468637466
311	0.0031214174814522266
312	0.0028432358521968126
313	0.002897085854783654
314	0.0038254105020314455
315	0.0035932231694459915
316	0.0040587387047708035
317	0.00346413254737854
318	0.004147207830101252
319	0.0031266433652490377
320	0.004083582200109959
321	0.004023049026727676
322	0.003695787861943245
323	0.0037994482554495335
324	0.004005457274615765
325	0.005392890889197588
326	0.004229919519275427
327	0.00399796525016427
328	0.0045772441662848
329	0.004708536900579929
330	0.004476140718907118
331	0.005199966952204704
332	0.006435319781303406
333	0.008312261663377285
334	0.015233016572892666
335	0.015238046646118164
336	0.018989354372024536
337	0.03905653581023216
338	0.01530078798532486
339	0.019084753468632698
340	0.019103964790701866
341	0.015749303624033928
342	0.019466644152998924
343	0.02449844218790531
344	0.014103958383202553
345	0.012349671684205532
346	0.021796172484755516
347	0.018872134387493134
348	0.019669439643621445
349	0.018014321103692055
350	0.027485594153404236
351	0.06990930438041687
352	0.014736729674041271
353	0.027637874707579613
354	0.02053467370569706
355	0.027852892875671387
356	0.009037211537361145
357	0.016074495390057564
358	0.017321232706308365
359	0.015683520585298538
360	0.029152054339647293
361	0.02851615659892559
362	0.024664733558893204
363	0.02852959744632244
364	0.024191608652472496
365	0.03560394048690796
366	0.017304040491580963
367	0.03259948641061783
368	0.036360304802656174
369	0.05719665437936783
370	0.03695289045572281
371	0.043142084032297134
372	0.019768139347434044
373	0.04445433244109154
374	0.04544331878423691
375	0.03543275222182274
376	0.030030637979507446
377	0.021378709003329277
378	0.023056572303175926
379	0.03686986118555069
380	0.04157552868127823
381	0.027457037940621376
382	0.019932517781853676
383	0.03656044602394104
384	0.09345376491546631
385	0.050563741475343704
386	0.038263287395238876
387	0.030814141035079956
388	0.04293738678097725
389	0.049802541732788086
390	0.033028215169906616
391	0.028226682916283607
392	0.02093639224767685
393	0.021816471591591835
394	0.030859163030982018
395	0.036433666944503784
396	0.02038351446390152
397	0.029230987653136253
398	0.0349481925368309
399	0.050851769745349884
400	0.07484891265630722
401	0.09355707466602325
402	0.06186950206756592
403	0.05028495937585831
404	0.040501900017261505
405	0.043540820479393005
406	0.08641762286424637
407	0.012842639349400997
408	0.010264153592288494
409	0.016268867999315262
410	0.01144692674279213
411	0.004043783526867628
412	0.005790117662400007
413	0.005872404668480158
414	0.00611164141446352
415	0.00849437341094017
416	0.009322908706963062
417	0.009246421046555042
418	0.010706591419875622
419	0.008439071476459503
420	0.007846159860491753
421	0.007818447425961494
422	0.009255647659301758
423	0.009866194799542427
424	0.01140447985380888
425	0.010300015099346638
426	0.010929852724075317
427	0.009820005856454372
428	0.007767768111079931
429	0.007078629918396473
430	0.009719589725136757
431	0.0136699378490448
432	0.011734134517610073
433	0.009047023020684719
434	0.006018293090164661
435	0.0048893168568611145
436	0.006403567735105753
437	0.008120222948491573
438	0.005698912777006626
439	0.006448421161621809
440	0.005536817479878664
441	0.005774772725999355
442	0.00624974025413394
443	0.003820720361545682
444	0.004080535378307104
445	0.00433308957144618
446	0.004877135623246431
447	0.004401215817779303
448	0.004657156299799681
449	0.004492285195738077
450	0.00385996513068676
451	0.004799917805939913
452	0.0036603210028260946
453	0.0035746456123888493
454	0.005612863693386316
455	0.004544112831354141
456	0.005195431411266327
457	0.004305633250623941
458	0.0039737834595143795
459	0.003309595165774226
460	0.0035955910570919514
461	0.003696174593642354
462	0.00388418510556221
463	0.0035174668300896883
464	0.0033265810925513506
465	0.004022036679089069
466	0.003780312603339553
467	0.0036480319686233997
468	0.00306337745860219
469	0.003046324709430337
470	0.0038496069610118866
471	0.004115599673241377
472	0.0036661792546510696
473	0.004612565040588379
474	0.003998334985226393
475	0.0046791876666247845
476	0.005483114160597324
477	0.004496504552662373
478	0.0046279835514724255
479	0.006418548058718443
480	0.004250481724739075
481	0.006332723889499903
482	0.007818744517862797
483	0.008003823459148407
484	0.005389837548136711
485	0.005218190606683493
486	0.006667617242783308
487	0.0082693537697196
488	0.008230926468968391
489	0.009539692662656307
490	0.011540827341377735
491	0.013224589638411999
492	0.013456466607749462
493	0.013518576510250568
494	0.009876489639282227
495	0.0077920518815517426
496	0.008979491889476776
497	0.008222827687859535
498	0.009515578858554363
499	0.008156943134963512
500	0.008933323435485363
501	0.011412075720727444
502	0.008596474304795265
503	0.01157038938254118
504	0.014268032275140285
505	0.013323336839675903
506	0.014419945888221264
507	0.012705221772193909
508	0.015131163410842419
509	0.010829907841980457
510	0.02423347905278206
511	0.01441893633455038
512	0.01885143294930458
513	0.016381172463297844
514	0.021250540390610695
515	0.02019416354596615
516	0.012559853494167328
517	0.018201762810349464
518	0.009161360561847687
519	0.014745495282113552
520	0.009154957719147205
521	0.01251367200165987
522	0.013014507479965687
523	0.01667924039065838
524	0.011409729719161987
525	0.01448038686066866
526	0.013763985596597195
527	0.017873898148536682
528	0.015526458621025085
529	0.030791936442255974
530	0.030662959441542625
531	0.050593193620443344
532	0.028377462178468704
533	0.036519236862659454
534	0.027207041159272194
535	0.018561309203505516
536	0.01868615671992302
537	0.021271640434861183
538	0.021988695487380028
539	0.019373347982764244
540	0.02168588899075985
541	0.015194207429885864
542	0.02048150822520256
543	0.0166014414280653
544	0.017778342589735985
545	0.02609161101281643
546	0.022614270448684692
547	0.021660668775439262
548	0.017461637035012245
549	0.023909399285912514
550	0.034903306514024734
551	0.0196340661495924
552	0.019623644649982452
553	0.01757974363863468
554	0.015032142400741577
555	0.015317568555474281
556	0.01868247427046299
557	0.018389800563454628
558	0.01702798902988434
559	0.01568368636071682
560	0.011329158209264278
561	0.019102437421679497
562	0.012056315317749977
563	0.018363410606980324
564	0.026466626673936844
565	0.01723320223391056
566	0.012120154686272144
567	0.02177804708480835
568	0.018098775297403336
569	0.018595386296510696
570	0.010641166940331459
571	0.01984126679599285
572	0.014668232761323452
573	0.018619971349835396
574	0.010488937608897686
575	0.017957426607608795
576	0.03341252729296684
577	0.017730725929141045
578	0.00528411939740181
579	0.006187525577843189
580	0.005851942580193281
581	0.00627272529527545
582	0.006263242103159428
583	0.005651441402733326
584	0.00619372446089983
585	0.005994349252432585
586	0.006774608977138996
587	0.006242350675165653
588	0.008694544434547424
589	0.007293395698070526
590	0.00740392878651619
591	0.007668164558708668
592	0.009099424816668034
593	0.007443972863256931
594	0.00777277210727334
595	0.005689459387212992
596	0.0077339052222669125
597	0.006353400181978941
598	0.008087752386927605
599	0.007015451323240995
600	0.008905529044568539
601	0.006061110645532608
602	0.007275157608091831
603	0.010514860041439533
604	0.0064878747798502445
605	0.006125288549810648
606	0.007732476573437452
607	0.008331306278705597
608	0.010978193953633308
609	0.008218228816986084
610	0.012297375127673149
611	0.010101783089339733
612	0.013433090411126614
613	0.008433494716882706
614	0.006157785188406706
615	0.006568260490894318
616	0.006955950986593962
617	0.006246636155992746
618	0.00786922313272953
619	0.007149967830628157
620	0.006978683173656464
621	0.0062846229411661625
622	0.005940724164247513
623	0.005822076927870512
624	0.005684731062501669
625	0.006049574818462133
626	0.00589149072766304
627	0.005671247374266386
628	0.004477975890040398
629	0.005359608680009842
630	0.0057346695102751255
631	0.005599335767328739
632	0.006336086895316839
633	0.006285191513597965
634	0.008494402281939983
635	0.008548359386622906
636	0.008823723532259464
637	0.008355247788131237
638	0.01156588550657034
639	0.008618829771876335
640	0.010336274281144142
641	0.01099464949220419
642	0.013198207132518291
643	0.016893459483981133
644	0.011906558647751808
645	0.010059569962322712
646	0.009351372718811035
647	0.006781791336834431
648	0.006752660032361746
649	0.009038961492478848
650	0.007386315148323774
651	0.007554775569587946
652	0.007124756462872028
653	0.006451353430747986
654	0.01096673496067524
655	0.011930327862501144
656	0.00985079538077116
657	0.012785431928932667
658	0.009918324649333954
659	0.012834632769227028
660	0.013182400725781918
661	0.011004391126334667
662	0.012144827283918858
663	0.011184250004589558
664	0.014011702500283718
665	0.016691794618964195
666	0.016972484067082405
667	0.0160819124430418
668	0.022094160318374634
669	0.024791095405817032
670	0.07725279778242111
671	0.09163463860750198
672	0.1258627474308014
673	0.02489541284739971
674	0.015640461817383766
675	0.012863973155617714
676	0.014105531387031078
677	0.013272031210362911
678	0.015956096351146698
679	0.03140272945165634
680	0.06307001411914825
681	0.0371176116168499
682	0.03750264272093773
683	0.03097955696284771
684	0.02027193456888199
685	0.013644495978951454
686	0.009162303991615772
687	0.015041607432067394
688	0.04169880971312523
689	0.024866892024874687
690	0.017204178497195244
691	0.013211987912654877
692	0.009050281718373299
693	0.008248366415500641
694	0.008984115906059742
695	0.010092689655721188
696	0.012271134182810783
697	0.013270759955048561
698	0.016992950811982155
699	0.016386155039072037
700	0.009233687072992325
701	0.008494376204907894
702	0.006476858165115118
703	0.006747440900653601
704	0.008679734542965889
705	0.009561299346387386
706	0.013673965819180012
707	0.011520469561219215
708	0.01429735030978918
709	0.01173355896025896
710	0.012265644036233425
711	0.01803896203637123
712	0.013366234488785267
713	0.012470710091292858
714	0.010595723055303097
715	0.00913007277995348
716	0.010084373876452446
717	0.008174562826752663
718	0.007189794909209013
719	0.007403771858662367
720	0.0067262426018714905
721	0.0073032984510064125
722	0.007738027721643448
723	0.007168126758188009
724	0.008654518984258175
725	0.010130847804248333
726	0.008282635360956192
727	0.008603605441749096
728	0.012172454968094826
729	0.013530445285141468
730	0.012560772709548473
731	0.009947801940143108
732	0.011494087986648083
733	0.008060501888394356
734	0.007091606501489878
735	0.006759516429156065
736	0.00587011082097888
737	0.008550242520868778
738	0.008141860365867615
739	0.014810025691986084
740	0.013584024272859097
741	0.010018190369009972
742	0.009522370994091034
743	0.008389699272811413
744	0.01057692151516676
745	0.009755709208548069
746	0.01083708368241787
747	0.015608273446559906
748	0.008937354199588299
749	0.008846684359014034
750	0.012879975140094757
751	0.0323060043156147
752	0.017648566514253616
753	0.01408012118190527
754	0.01517808623611927
755	0.01362205483019352
756	0.013433483429253101
757	0.017303815111517906
758	0.017355063930153847
759	0.017352594062685966
760	0.012585005722939968
761	0.020373797044157982
762	0.019177788868546486
763	0.01999070681631565
764	0.015382334589958191
765	0.01316159963607788
766	0.011478031985461712
767	0.009684554301202297
768	0.007717740722000599
769	0.006941013038158417
770	0.006579112261533737
771	0.007209710776805878
772	0.007412842009216547
773	0.007677061948925257
774	0.01001877523958683
775	0.00909141730517149
776	0.007130376994609833
777	0.005663624033331871
778	0.00615956773981452
779	0.009560476988554
780	0.008229847066104412
781	0.005811812821775675
782	0.0073573472909629345
783	0.005876999348402023
784	0.00511298468336463
785	0.004602970089763403
786	0.005564261227846146
787	0.006851512473076582
788	0.007985314354300499
789	0.005114603787660599
790	0.005421098321676254
791	0.0055594793520867825
792	0.006008868105709553
793	0.005486316978931427
794	0.004796067718416452
795	0.004632196854799986
796	0.005230538081377745
797	0.004449123051017523
798	0.0037112317513674498
799	0.0039705256931483746
800	0.004269464407116175
801	0.0043012783862650394
802	0.0048807705752551556
803	0.005186367314308882
804	0.0039037764072418213
805	0.0040734559297561646
806	0.00416773883625865
807	0.004298258572816849
808	0.004188272636383772
809	0.004968559835106134
810	0.004785527940839529
811	0.00457221083343029
812	0.00360492174513638
813	0.004553346894681454
814	0.0048661003820598125
815	0.00428389385342598
816	0.004468199796974659
817	0.0047096009366214275
818	0.0040724375285208225
819	0.0050023277290165424
820	0.005874758120626211
821	0.006104284431785345
822	0.005383385811001062
823	0.004800091963261366
824	0.00601020734757185
825	0.005110965576022863
826	0.00540344649925828
827	0.004619230981916189
828	0.003918653819710016
829	0.004336718004196882
830	0.004208690952509642
831	0.004619368817657232
832	0.006060176528990269
833	0.005409817676991224
834	0.006195563357323408
835	0.007204160094261169
836	0.0058669219724833965
837	0.005489271599799395
838	0.005906946491450071
839	0.00580979697406292
840	0.005959561560302973
841	0.007224532309919596
842	0.005377663299441338
843	0.005450941156595945
844	0.006243722978979349
845	0.006112930364906788
846	0.0063956985250115395
847	0.006250112783163786
848	0.005312676541507244
849	0.0052355569787323475
850	0.0054471977055072784
851	0.005588068626821041
852	0.005711048375815153
853	0.0057364520616829395
854	0.006324938032776117
855	0.005211212672293186
856	0.004655677825212479
857	0.00446276692673564
858	0.005354297813028097
859	0.004968134220689535
860	0.005110071040689945
861	0.0043630292639136314
862	0.0035615661181509495
863	0.004220134112983942
864	0.003884358797222376
865	0.003827769309282303
866	0.003561340970918536
867	0.0036654588766396046
868	0.0040067993104457855
869	0.004368577152490616
870	0.004667318891733885
871	0.003126149997115135
872	0.003835237817838788
873	0.0036384433042258024
874	0.004318582359701395
875	0.0042303684167563915
876	0.005149669013917446
877	0.005232445430010557
878	0.004161279182881117
879	0.004214474465698004
880	0.0039939782582223415
881	0.0044154757633805275
882	0.0035288918297737837
883	0.003582841483876109
884	0.003787233028560877
885	0.004842027556151152
886	0.005253115203231573
887	0.00468411622568965
888	0.004284625872969627
889	0.005427117459475994
890	0.004071148578077555
891	0.004857044201344252
892	0.00480940705165267
893	0.0056632207706570625
894	0.00429952796548605
895	0.007124471943825483
896	0.005270875990390778
897	0.0055868960916996
898	0.005251938942819834
899	0.006123099010437727
900	0.005804434418678284
901	0.006382593419402838
902	0.007006064057350159
903	0.006182284560054541
904	0.005888200830668211
905	0.005858866963535547
906	0.0052863131277263165
907	0.004619554616510868
908	0.004217480309307575
909	0.005449122283607721
910	0.004316323436796665
911	0.006340258754789829
912	0.006962815765291452
913	0.00875874049961567
914	0.008130529895424843
915	0.00816525612026453
916	0.009463069029152393
917	0.006969140376895666
918	0.00586925633251667
919	0.009118723683059216
920	0.008648872375488281
921	0.009211509488523006
922	0.014667481184005737
923	0.02043769881129265
924	0.013479734770953655
925	0.028080476447939873
926	0.022534755989909172
927	0.023030249401926994
928	0.015550625510513783
929	0.020024722442030907
930	0.021870996803045273
931	0.019728433340787888
932	0.015215358696877956
933	0.024481670930981636
934	0.020933909341692924
935	0.028598029166460037
936	0.021455958485603333
937	0.032276593148708344
938	0.02021717093884945
939	0.021516654640436172
940	0.034425970166921616
941	0.019116176292300224
942	0.02704869583249092
943	0.021963899955153465
944	0.008037199266254902
945	0.008557452820241451
946	0.0062038186006248
947	0.008111278526484966
948	0.008243037387728691
949	0.008260274305939674
950	0.008778301998972893
951	0.007816903293132782
952	0.008161087520420551
953	0.015753960236907005
954	0.02673952654004097
955	0.04792332276701927
956	0.033650953322649
957	0.024315999820828438
958	0.029650134965777397
959	0.07401761412620544
960	0.0852319523692131
961	0.08423373103141785
962	0.02648095227777958
963	0.044555384665727615
964	0.05625418573617935
965	0.033629920333623886
966	0.06936047226190567
967	0.051007408648729324
968	0.06210629269480705
969	0.03883987292647362
970	0.035787779837846756
971	0.034264083951711655
972	0.028084266930818558
973	0.024556592106819153
974	0.01152244582772255
975	0.015406954102218151
976	0.02561008743941784
977	0.022277144715189934
978	0.020942477509379387
979	0.027550239115953445
980	0.01444880198687315
981	0.022087788209319115
982	0.020015794783830643
983	0.024184739217162132
984	0.008399478159844875
985	0.006462580990046263
986	0.006201995071023703
987	0.006579749286174774
988	0.00902790017426014
989	0.007013254798948765
990	0.00817114394158125
991	0.007268447428941727
992	0.010439257137477398
993	0.006428761873394251
994	0.007038046605885029
995	0.0076409922912716866
996	0.0108531154692173
997	0.010984937660396099
998	0.014436027966439724
999	0.01304986234754324
1000	0.012320837937295437
1001	0.0113171162083745
1002	0.010944184847176075
1003	0.010597254149615765
1004	0.011153913103044033
1005	0.010181610472500324
1006	0.006439540535211563
1007	0.007044041063636541
1008	0.004266188945621252
1009	0.005802175495773554
1010	0.006632746662944555
1011	0.007063472177833319
1012	0.005238968878984451
1013	0.005715531762689352
1014	0.004879327025264502
1015	0.005474318750202656
1016	0.005033582448959351
1017	0.0051351431757211685
1018	0.00498998025432229
1019	0.010578940622508526
1020	0.006301661022007465
1021	0.005020450334995985
1022	0.005656248424202204
1023	0.006276726722717285
1024	0.006237420719116926
1025	0.007371407933533192
1026	0.005955252796411514
1027	0.006340691354125738
1028	0.006768715567886829
1029	0.006338730454444885
1030	0.005432573612779379
1031	0.006476121488958597
1032	0.004645810462534428
1033	0.005227159708738327
1034	0.003363752504810691
1035	0.004083031322807074
1036	0.0032737632282078266
1037	0.005155676510185003
1038	0.004520665854215622
1039	0.003781452076509595
1040	0.004158462397754192
1041	0.004007657058537006
1042	0.0037333108484745026
1043	0.004802819341421127
1044	0.0043169776909053326
1045	0.003279436845332384
1046	0.003538779215887189
1047	0.004402083810418844
1048	0.003930860664695501
1049	0.004141664132475853
1050	0.0040566339157521725
1051	0.004144760314375162
1052	0.003600332885980606
1053	0.005249681416898966
1054	0.004859766457229853
1055	0.00514591857790947
1056	0.0072864205576479435
1057	0.007476023864001036
1058	0.007491459138691425
1059	0.006972095463424921
1060	0.005127043463289738
1061	0.006328789982944727
1062	0.004451162181794643
1063	0.005332746542990208
1064	0.006582132074981928
1065	0.006042282097041607
1066	0.006037720944732428
1067	0.006686178036034107
1068	0.009181084111332893
1069	0.010632879100739956
1070	0.007247486151754856
1071	0.0061722020618617535
1072	0.0054970430210232735
1073	0.006558030843734741
1074	0.005697033833712339
1075	0.007454907987266779
1076	0.007529677357524633
1077	0.005873938091099262
1078	0.004969877656549215
1079	0.004907173104584217
1080	0.004355685319751501
1081	0.004113744478672743
1082	0.004533220082521439
1083	0.00477165263146162
1084	0.004684756975620985
1085	0.005033336114138365
1086	0.0050844186916947365
1087	0.004261529538780451
1088	0.004865285940468311
1089	0.005404727533459663
1090	0.0052792769856750965
1091	0.004752590786665678
1092	0.005865785758942366
1093	0.0059476494789123535
1094	0.004757794551551342
1095	0.0057656290009617805
1096	0.005225490313023329
1097	0.00417092302814126
1098	0.004652020987123251
1099	0.0034789794590324163
1100	0.003912949003279209
1101	0.004364926367998123
1102	0.004014570731669664
1103	0.004260627552866936
1104	0.004185980651527643
1105	0.004486495163291693
1106	0.004687213338911533
1107	0.004128330387175083
1108	0.005491461604833603
1109	0.004813353065401316
1110	0.0043669529259204865
1111	0.005609212908893824
1112	0.004118928220123053
1113	0.004305561538785696
1114	0.004328531678766012
1115	0.004594201687723398
1116	0.004339920356869698
1117	0.004581224173307419
1118	0.00422350550070405
1119	0.0036253107246011496
1120	0.003438347252085805
1121	0.004301402252167463
1122	0.004462951794266701
1123	0.005419681314378977
1124	0.003930125385522842
1125	0.005437423940747976
1126	0.009000765159726143
1127	0.007748525124043226
1128	0.006987669970840216
1129	0.00828562118113041
1130	0.006526648532599211
1131	0.006564123090356588
1132	0.009913655929267406
1133	0.01310779806226492
1134	0.00927935540676117
1135	0.008182043209671974
1136	0.008237994275987148
1137	0.007326989900320768
1138	0.005965860094875097
1139	0.005464893765747547
1140	0.006268051452934742
1141	0.005960090085864067
1142	0.005587732419371605
1143	0.005161792039871216
1144	0.004841553512960672
1145	0.004598991945385933
1146	0.004661064129322767
1147	0.0061320229433476925
1148	0.005766185000538826
1149	0.005090621765702963
1150	0.00480280676856637
1151	0.004192271735519171
1152	0.0030952361412346363
1153	0.0036060609854757786
1154	0.0033280574716627598
1155	0.004114846233278513
1156	0.0034468055237084627
1157	0.0038213159423321486
1158	0.003555918578058481
1159	0.0035923332907259464
1160	0.0035319202579557896
1161	0.0037672475446015596
1162	0.0035860207863152027
1163	0.003918264992535114
1164	0.002866647904738784
1165	0.0027348496951162815
1166	0.003034820780158043
1167	0.0027388192247599363
1168	0.0025057538878172636
1169	0.0024422358255833387
1170	0.0026411297731101513
1171	0.0029016886837780476
1172	0.002469373866915703
1173	0.002550604287534952
1174	0.003047523321583867
1175	0.002963326871395111
1176	0.0028083024080842733
1177	0.00338402739726007
1178	0.0030734394676983356
1179	0.0036264241207391024
1180	0.003334062872454524
1181	0.003610361833125353
1182	0.003586394712328911
1183	0.003097232896834612
1184	0.0032415115274488926
1185	0.0038690101355314255
1186	0.0040346658788621426
1187	0.004250574391335249
1188	0.0050355964340269566
1189	0.005595129448920488
1190	0.00470326840877533
1191	0.005513866897672415
1192	0.005595680326223373
1193	0.005461584310978651
1194	0.005124479532241821
1195	0.006044116802513599
1196	0.005383155774325132
1197	0.004987844731658697
1198	0.006433944683521986
1199	0.005383725743740797
1200	0.005419011693447828
1201	0.004007336683571339
1202	0.0048574418760836124
1203	0.004146449733525515
1204	0.004799914546310902
1205	0.006548402365297079
1206	0.005456854589283466
1207	0.01110041793435812
1208	0.007411691825836897
1209	0.00990427564829588
1210	0.011197526939213276
1211	0.009878615848720074
1212	0.008783141151070595
1213	0.010974793694913387
1214	0.009961987845599651
1215	0.0075151631608605385
1216	0.010489880107343197
1217	0.019280362874269485
1218	0.008606248535215855
1219	0.011614265851676464
1220	0.006784673780202866
1221	0.010884328745305538
1222	0.00848275888711214
1223	0.010283701121807098
1224	0.0073874169029295444
1225	0.006979478057473898
1226	0.007112628314644098
1227	0.00775942811742425
1228	0.006377071142196655
1229	0.008208834566175938
1230	0.008053530938923359
1231	0.013570514507591724
1232	0.013903389684855938
1233	0.011616011150181293
1234	0.018922319635748863
1235	0.051207151263952255
1236	0.045875903218984604
1237	0.03950653597712517
1238	0.0415189303457737
1239	0.058504290878772736
1240	0.038194894790649414
1241	0.04322385787963867
1242	0.06783537566661835
1243	0.051071442663669586
1244	0.03531330078840256
1245	0.02143503725528717
1246	0.018958520144224167
1247	0.024190664291381836
1248	0.014763550832867622
1249	0.02812938205897808
1250	0.031295157968997955
1251	0.02676350437104702
1252	0.0643635019659996
1253	0.07161948084831238
1254	0.12106022983789444
1255	0.1237010583281517
1256	0.2040031999349594
1257	0.1141727939248085
1258	0.03807160258293152
1259	0.35005316138267517
1260	0.16588015854358673
1261	0.26671311259269714
1262	0.14976191520690918
1263	0.1681349128484726
1264	0.08124538511037827
1265	0.06956576555967331
1266	0.08846914023160934
1267	0.1336359977722168
1268	0.14340262115001678
1269	0.1572979986667633
1270	0.10202790796756744
1271	0.09165456146001816
1272	0.08359658718109131
1273	0.14700935781002045
1274	0.1983264535665512
1275	0.16134382784366608
1276	0.18157337605953217
1277	0.41139087080955505
1278	0.3416849672794342
1279	0.3927050530910492
1280	0.46349412202835083
1281	0.47392651438713074
1282	0.330105185508728
1283	0.38928917050361633
1284	0.31481698155403137
1285	0.5093780755996704
1286	0.4414149820804596
1287	0.6852230429649353
1288	0.6076309084892273
1289	0.43608734011650085
1290	0.513016402721405
1291	0.4512459933757782
1292	0.5116187334060669
1293	0.3987394869327545
1294	0.47316017746925354
1295	0.32508277893066406
1296	0.30668210983276367
1297	0.3850593566894531
1298	0.2601300776004791
1299	0.3624579608440399
1300	0.3183399438858032
1301	0.4433766007423401
1302	0.37930813431739807
1303	0.3288477957248688
1304	0.41415348649024963
1305	0.3892224431037903
1306	0.40925154089927673
1307	0.3613285422325134
1308	0.26404547691345215
1309	0.38131240010261536
1310	0.3990868628025055
1311	0.5170308351516724
1312	0.4051087498664856
1313	0.48649463057518005
1314	0.386852890253067
1315	0.45200157165527344
1316	0.3891464173793793
1317	0.42756929993629456
1318	0.36097821593284607
1319	0.3887920379638672
1320	0.47100192308425903
1321	0.3405981957912445
1322	0.4483385682106018
1323	0.48937082290649414
1324	0.4336879253387451
1325	0.31308513879776
1326	0.36971306800842285
1327	0.5685268640518188
1328	0.2486129105091095
1329	0.16875851154327393
1330	0.18798993527889252
1331	0.2356564998626709
1332	0.25423818826675415
1333	0.3148028552532196
1334	0.4448239505290985
1335	0.5059544444084167
1336	0.5456449389457703
1337	0.4685785472393036
1338	0.3051212430000305
1339	0.5735883116722107
1340	0.38470458984375
1341	0.222543403506279
1342	0.32506319880485535
1343	0.37232303619384766
1344	0.4801020324230194
1345	0.5399278998374939
1346	0.41339921951293945
1347	0.3321274220943451
1348	0.4507758617401123
1349	0.294266015291214
1350	0.35179686546325684
1351	0.444303035736084
1352	0.13269217312335968
1353	0.1269901543855667
1354	0.10152631253004074
1355	0.091366246342659
1356	0.0655350461602211
1357	0.12776723504066467
1358	0.09457219392061234
1359	0.1400570422410965
1360	0.1331477016210556
1361	0.16486786305904388
1362	0.34279918670654297
1363	0.21626292169094086
1364	0.1869543045759201
1365	0.191576287150383
1366	0.38419198989868164
1367	0.2769012153148651
1368	0.35156914591789246
1369	0.32221516966819763
1370	0.23202209174633026
1371	0.2825413644313812
1372	0.4089506268501282
1373	0.2735835313796997
1374	0.24100013077259064
1375	0.25876566767692566
1376	0.2823735177516937
1377	0.027816927060484886
1378	0.12543068826198578
1379	0.16833987832069397
1380	0.16659356653690338
1381	0.2620200514793396
1382	0.2772815227508545
1383	0.08101701736450195
1384	0.13402242958545685
1385	0.16051383316516876
1386	0.25685927271842957
1387	0.30130961537361145
1388	0.14426051080226898
1389	0.2621877193450928
1390	0.549924373626709
1391	0.6270096302032471
1392	0.4584572911262512
1393	0.40155228972435
1394	0.5759896636009216
1395	0.24463044106960297
1396	0.1028396412730217
1397	0.10780513286590576
1398	0.167268306016922
1399	0.17387239634990692
1400	0.11022064834833145
1401	0.030218003317713737
1402	0.02220626175403595
1403	0.03469066694378853
1404	0.06112418696284294
1405	0.07804005593061447
1406	0.16117575764656067
1407	0.1631331443786621
1408	0.22660140693187714
1409	0.027399078011512756
1410	0.0701700821518898
1411	0.08517861366271973
1412	0.03758605942130089
1413	0.011120649054646492
1414	0.007832097820937634
1415	0.0076978146098554134
1416	0.007974470034241676
1417	0.00640537915751338
1418	0.0069871642626821995
1419	0.13222496211528778
1420	0.20841960608959198
1421	0.2130919247865677
1422	0.23464207351207733
1423	0.11936119943857193
1424	0.07075881212949753
1425	0.0858946144580841
1426	0.006712622940540314
1427	0.005060830619186163
1428	0.0070238844491541386
1429	0.009119092486798763
1430	0.008446864783763885
1431	0.008026039227843285
1432	0.007117611356079578
1433	0.006031501572579145
1434	0.00701349088922143
1435	0.005632589105516672
1436	0.013174647465348244
1437	0.021039670333266258
1438	0.008102177642285824
1439	0.0052878945134580135
1440	0.007323089521378279
1441	0.005894085392355919
1442	0.005326401442289352
1443	0.006550651974976063
1444	0.006984365172684193
1445	0.0073401047848165035
1446	0.007449175696820021
1447	0.007555085700005293
1448	0.007230691611766815
1449	0.0069471425376832485
1450	0.0072369263507425785
1451	0.0066129895858466625
1452	0.0071906778030097485
1453	0.006904988083988428
1454	0.005497554782778025
1455	0.00741736451163888
1456	0.009172233752906322
1457	0.009282220155000687
1458	0.006752470042556524
1459	0.0072982460260391235
1460	0.006491528358310461
1461	0.008327605202794075
1462	0.006394724827259779
1463	0.006448578089475632
1464	0.004029946401715279
1465	0.005749288480728865
1466	0.006094673182815313
1467	0.0049098399467766285
1468	0.00408927770331502
1469	0.006035116966813803
1470	0.006238596048206091
1471	0.007699581328779459
1472	0.006144635379314423
1473	0.009815499186515808
1474	0.007325267884880304
1475	0.008885009214282036
1476	0.007816008292138577
1477	0.009655065834522247
1478	0.009736782871186733
1479	0.008348038420081139
1480	0.008298500441014767
1481	0.010235578753054142
1482	0.0068840025924146175
1483	0.008609483018517494
1484	0.006218153517693281
1485	0.011943066492676735
1486	0.007150098215788603
1487	0.010009190998971462
1488	0.00727922935038805
1489	0.0230238139629364
1490	0.018295226618647575
1491	0.0349385142326355
1492	0.028583569452166557
1493	0.04475484415888786
1494	0.04821283742785454
1495	0.07626789808273315
1496	0.06334035843610764
1497	0.040058016777038574
1498	0.048021093010902405
1499	0.05998699739575386
1500	0.014604508876800537
1501	0.012301928363740444
1502	0.018886571750044823
1503	0.022456210106611252
1504	0.022019173949956894
1505	0.02574533224105835
1506	0.010849661193788052
1507	0.008104436099529266
1508	0.01099456287920475
1509	0.010980632156133652
1510	0.010456130839884281
1511	0.010797971859574318
1512	0.019844725728034973
1513	0.036877792328596115
1514	0.057231027632951736
1515	0.0958760678768158
1516	0.14006076753139496
1517	0.03504636511206627
1518	0.07437967509031296
1519	0.08760740607976913
1520	0.14244742691516876
1521	0.04865555465221405
1522	0.06701608747243881
1523	0.0761827602982521
1524	0.053239237517118454
1525	0.06249050423502922
1526	0.09677859395742416
1527	0.056111253798007965
1528	0.055604904890060425
1529	0.14984680712223053
1530	0.3209746778011322
1531	0.4906090199947357
1532	0.19718821346759796
1533	0.22496247291564941
1534	0.30264487862586975
1535	0.07964073866605759
1536	0.1634093075990677
1537	0.0511326901614666
1538	0.06212977319955826
1539	0.04631499573588371
1540	0.06850191950798035
1541	0.06046373397111893
1542	0.11647851765155792
1543	0.10099738091230392
1544	0.09846100956201553
1545	0.09123463928699493
1546	0.1398007720708847
1547	0.297059029340744
1548	0.19717665016651154
1549	0.2377346009016037
1550	0.3069373071193695
1551	0.2821715474128723
1552	0.3072182238101959
1553	0.36681973934173584
1554	0.1187293529510498
1555	0.17974655330181122
1556	0.0691324844956398
1557	0.04035520181059837
1558	0.07068313658237457
1559	0.06585104763507843
1560	0.13721947371959686
1561	0.10332366079092026
1562	0.20711801946163177
1563	0.34080183506011963
1564	0.4341493546962738
1565	0.5363854765892029
1566	0.49358272552490234
1567	0.5347933769226074
1568	0.531146228313446
1569	0.40792664885520935
1570	0.4206197261810303
1571	0.5103729367256165
1572	0.5717037320137024
1573	0.4998548626899719
1574	0.5552127957344055
1575	0.523228108882904
1576	0.5492138862609863
1577	0.6805200576782227
1578	0.5311447978019714
1579	0.5507261753082275
1580	0.5573329925537109
1581	0.3295009434223175
1582	0.5709982514381409
1583	0.6280441284179688
1584	0.5182663202285767
1585	0.5818819403648376
1586	0.3579617440700531
1587	0.4773605465888977
1588	0.4922470152378082
1589	0.40685224533081055
1590	0.28173375129699707
1591	0.33405444025993347
1592	0.40117189288139343
1593	0.257194846868515
1594	0.11317651718854904
1595	0.05939197540283203
1596	0.05340392515063286
1597	0.06477084010839462
1598	0.028192603960633278
1599	0.014067224226891994
1600	0.012122216634452343
1601	0.007273705210536718
1602	0.005649813916534185
1603	0.005966042634099722
1604	0.00609913794323802
1605	0.005856628995388746
1606	0.005614916328340769
1607	0.00566472765058279
1608	0.006212006788700819
1609	0.005188905168324709
1610	0.00605373177677393
1611	0.005496155004948378
1612	0.006425753235816956
1613	0.0059792958199977875
1614	0.006382113788276911
1615	0.007590676192194223
1616	0.007390482816845179
1617	0.006289689335972071
1618	0.006979856640100479
1619	0.006639933679252863
1620	0.005348072852939367
1621	0.005736441817134619
1622	0.007322830148041248
1623	0.006643839180469513
1624	0.006437491159886122
1625	0.0056638470850884914
1626	0.005744643043726683
1627	0.006864205934107304
1628	0.007102026138454676
1629	0.005209749098867178
1630	0.008951744996011257
1631	0.00644533708691597
1632	0.00851282849907875
1633	0.005299509968608618
1634	0.0067853378131985664
1635	0.005806806031614542
1636	0.00666094571352005
1637	0.007434655912220478
1638	0.0075084976851940155
1639	0.005491519812494516
1640	0.006289428565651178
1641	0.0077603706158697605
1642	0.004512962885200977
1643	0.004374886397272348
1644	0.004170849919319153
1645	0.004340299870818853
1646	0.004178392235189676
1647	0.005539493635296822
1648	0.005565361585468054
1649	0.00624121492728591
1650	0.0058831037022173405
1651	0.006583719048649073
1652	0.007792621850967407
1653	0.014117254875600338
1654	0.017103085294365883
1655	0.01072325836867094
1656	0.011926689185202122
1657	0.008268995210528374
1658	0.008201785385608673
1659	0.011472630314528942
1660	0.008900280110538006
1661	0.013838425278663635
1662	0.010968389920890331
1663	0.010953061282634735
1664	0.012783649377524853
1665	0.016223277896642685
1666	0.010662621818482876
1667	0.012078273110091686
1668	0.012458263896405697
1669	0.017907658591866493
1670	0.013784698210656643
1671	0.015659162774682045
1672	0.010362930595874786
1673	0.013403511606156826
1674	0.011528534814715385
1675	0.021766159683465958
1676	0.040090691298246384
1677	0.04932669922709465
1678	0.05252881720662117
1679	0.016490835696458817
1680	0.010286280885338783
1681	0.013380835764110088
1682	0.013025829568505287
1683	0.015851695090532303
1684	0.018670739606022835
1685	0.015928983688354492
1686	0.030893271788954735
1687	0.025748027488589287
1688	0.038056064397096634
1689	0.0443020723760128
1690	0.028551027178764343
1691	0.022059781476855278
1692	0.012882760725915432
1693	0.01977590285241604
1694	0.012012462131679058
1695	0.019072262570261955
1696	0.01858012191951275
1697	0.023764995858073235
1698	0.01227815356105566
1699	0.01089614536613226
1700	0.010559149086475372
1701	0.01319480873644352
1702	0.010285763069987297
1703	0.016080815345048904
1704	0.011559262871742249
1705	0.015405060723423958
1706	0.024508560076355934
1707	0.01137509848922491
1708	0.01793934963643551
1709	0.020680531859397888
1710	0.009829196147620678
1711	0.017046203836798668
1712	0.01906876638531685
1713	0.024275342002511024
1714	0.023563779890537262
1715	0.01739158108830452
1716	0.018648261204361916
1717	0.05849716067314148
1718	0.04520246013998985
1719	0.03495791181921959
1720	0.02106553129851818
1721	0.04166435822844505
1722	0.014881640672683716
1723	0.01620807871222496
1724	0.026264851912856102
1725	0.03871553763747215
1726	0.0328892357647419
1727	0.014384443871676922
1728	0.019279470667243004
1729	0.025993598625063896
1730	0.03085089661180973
1731	0.031096279621124268
1732	0.03252571448683739
1733	0.020985493436455727
1734	0.02667897939682007
1735	0.027787480503320694
1736	0.01944100670516491
1737	0.02185985818505287
1738	0.017141906544566154
1739	0.01259373128414154
1740	0.014056575484573841
1741	0.010566686280071735
1742	0.014976510778069496
1743	0.027803758159279823
1744	0.03525316342711449
1745	0.016226472333073616
1746	0.016451464965939522
1747	0.012680432759225368
1748	0.011967979371547699
1749	0.016214309260249138
1750	0.03105226159095764
1751	0.014497950673103333
1752	0.01567087508738041
1753	0.017343251034617424
1754	0.016823848709464073
1755	0.011039186269044876
1756	0.016877004876732826
1757	0.017451081424951553
1758	0.022233465686440468
1759	0.05814856290817261
1760	0.05118059739470482
1761	0.026909464970231056
1762	0.06398915499448776
1763	0.039726316928863525
1764	0.021269073709845543
1765	0.026850059628486633
1766	0.03840728476643562
1767	0.014428317546844482
1768	0.022251926362514496
1769	0.04562580585479736
1770	0.04085151106119156
1771	0.02599700726568699
1772	0.03203309699892998
1773	0.03149386867880821
1774	0.019826138392090797
1775	0.01569393090903759
1776	0.023671874776482582
1777	0.017496222630143166
1778	0.01986011303961277
1779	0.021519139409065247
1780	0.0221236739307642
1781	0.018408846110105515
1782	0.01488913781940937
1783	0.013543657027184963
1784	0.018460726365447044
1785	0.01722978986799717
1786	0.01698424480855465
1787	0.02136281505227089
1788	0.019802650436758995
1789	0.025411654263734818
1790	0.01630205474793911
1791	0.026343999430537224
1792	0.015977323055267334
1793	0.028533095493912697
1794	0.0170688908547163
1795	0.026198213919997215
1796	0.016061807051301003
1797	0.020192047581076622
1798	0.012063282541930676
1799	0.017853526398539543
1800	0.07384437322616577
1801	0.04242131486535072
1802	0.020740265026688576
1803	0.030789850279688835
1804	0.01938929222524166
1805	0.026140719652175903
1806	0.025512469932436943
1807	0.026091773062944412
1808	0.03883488476276398
1809	0.040531985461711884
1810	0.040869440883398056
1811	0.033500637859106064
1812	0.030925637111067772
1813	0.05095868930220604
1814	0.04343339428305626
1815	0.04662692919373512
1816	0.035462331026792526
1817	0.038046110421419144
1818	0.02721734158694744
1819	0.04164683446288109
1820	0.04188091680407524
1821	0.037325818091630936
1822	0.03749456629157066
1823	0.03734758123755455
1824	0.05861422047019005
1825	0.05789206549525261
1826	0.047129131853580475
1827	0.028697257861495018
1828	0.029046067968010902
1829	0.023512905463576317
1830	0.02284524403512478
1831	0.02212701179087162
1832	0.02927665412425995
1833	0.026573052629828453
1834	0.02540404163300991
1835	0.016710827127099037
1836	0.023704780265688896
1837	0.016096897423267365
1838	0.01815507374703884
1839	0.02476590685546398
1840	0.03167083114385605
1841	0.03474141284823418
1842	0.031642984598875046
1843	0.029171034693717957
1844	0.018823057413101196
1845	0.027266770601272583
1846	0.027173513546586037
1847	0.02692810259759426
1848	0.02027026377618313
1849	0.030521655455231667
1850	0.02237752638757229
1851	0.02348463609814644
1852	0.03071575239300728
1853	0.021519839763641357
1854	0.01918734237551689
1855	0.026217682287096977
1856	0.027057582512497902
1857	0.022285280749201775
1858	0.018668701872229576
1859	0.026504963636398315
1860	0.03896789625287056
1861	0.018830060958862305
1862	0.025094443932175636
1863	0.030591875314712524
1864	0.03668573498725891
1865	0.04695288836956024
1866	0.04320512339472771
1867	0.02838047221302986
1868	0.012397265993058681
1869	0.015791699290275574
1870	0.014369877986609936
1871	0.013809275813400745
1872	0.021060233935713768
1873	0.04001552611589432
1874	0.031513359397649765
1875	0.025415802374482155
1876	0.041615720838308334
1877	0.008994365110993385
1878	0.008558221161365509
1879	0.015712084248661995
1880	0.014216831885278225
1881	0.029067596420645714
1882	0.037108685821294785
1883	0.03396090492606163
1884	0.03670017048716545
1885	0.032819170504808426
1886	0.03516070172190666
1887	0.04476417973637581
1888	0.046564411371946335
1889	0.0318647101521492
1890	0.05234408378601074
1891	0.04756741598248482
1892	0.04164149984717369
1893	0.02584781125187874
1894	0.03351035341620445
1895	0.03281129151582718
1896	0.02424163557589054
1897	0.044441502541303635
1898	0.03648507222533226
1899	0.03755124285817146
1900	0.036400120705366135
1901	0.08357510715723038
1902	0.07577817887067795
1903	0.048622068017721176
1904	0.057116489857435226
1905	0.055374231189489365
1906	0.042378973215818405
1907	0.054923392832279205
1908	0.045367926359176636
1909	0.028697717934846878
1910	0.060209374874830246
1911	0.05071906000375748
1912	0.04841168224811554
1913	0.041326045989990234
1914	0.05106547102332115
1915	0.03212645649909973
1916	0.03691890835762024
1917	0.05519205331802368
1918	0.06018791347742081
1919	0.03507522866129875
1920	0.03915617614984512
1921	0.024669384583830833
1922	0.03576197102665901
1923	0.03347193822264671
1924	0.058758050203323364
1925	0.06459864228963852
1926	0.053127795457839966
1927	0.049459923058748245
1928	0.03360893577337265
1929	0.04141160845756531
1930	0.03721597045660019
1931	0.04299622401595116
1932	0.033829595893621445
1933	0.06727167218923569
1934	0.017252078279852867
1935	0.00997000839561224
1936	0.004957385826855898
1937	0.009393522515892982
1938	0.014382496476173401
1939	0.008335644379258156
1940	0.010126332752406597
1941	0.009121384471654892
1942	0.005867322441190481
1943	0.006466533523052931
1944	0.006116841919720173
1945	0.009152351878583431
1946	0.007180623710155487
1947	0.009054279886186123
1948	0.008477156050503254
1949	0.008627048693597317
1950	0.005512277130037546
1951	0.011604975908994675
1952	0.008087815716862679
1953	0.0143904909491539
1954	0.006317708175629377
1955	0.00848556961864233
1956	0.007741907145828009
1957	0.006810344289988279
1958	0.008171348832547665
1959	0.012942792847752571
1960	0.008088156580924988
1961	0.006783199962228537
1962	0.005874854978173971
1963	0.0062651666812598705
1964	0.008151689544320107
1965	0.009560219943523407
1966	0.008932716213166714
1967	0.01046108640730381
1968	0.00855075940489769
1969	0.008584401570260525
1970	0.005281450692564249
1971	0.007451764773577452
1972	0.005927043501287699
1973	0.007433596532791853
1974	0.007102116942405701
1975	0.009415033273398876
1976	0.008140789344906807
1977	0.011262848973274231
1978	0.013573922216892242
1979	0.011608244851231575
1980	0.009882506914436817
1981	0.0083765909075737
1982	0.009897957555949688
1983	0.01071381475776434
1984	0.009375366382300854
1985	0.010827165096998215
1986	0.010945407673716545
1987	0.0109802121296525
1988	0.010560561902821064
1989	0.0126225296407938
1990	0.009328535757958889
1991	0.01178898848593235
1992	0.010153472423553467
1993	0.00999526958912611
1994	0.0064221941865980625
1995	0.0117735480889678
1996	0.01134501677006483
1997	0.012933686375617981
1998	0.012659532018005848
1999	0.014488458633422852
2000	0.011943349614739418
2001	0.012646554969251156
2002	0.01625717617571354
2003	0.030118508264422417
2004	0.03214670717716217
2005	0.025015974417328835
2006	0.019172949716448784
2007	0.018431544303894043
2008	0.01926403120160103
2009	0.02037058025598526
2010	0.01732667349278927
2011	0.014123774133622646
2012	0.018138784915208817
2013	0.01603044383227825
2014	0.015926694497466087
2015	0.01711694896221161
2016	0.021522630006074905
2017	0.016372932121157646
2018	0.01519535481929779
2019	0.013652116060256958
2020	0.017561180517077446
2021	0.016245467588305473
2022	0.019364742562174797
2023	0.02119123935699463
2024	0.019379982724785805
2025	0.016999036073684692
2026	0.015316885896027088
2027	0.017236677929759026
2028	0.015838518738746643
2029	0.01754223369061947
2030	0.019485045224428177
2031	0.021833399310708046
2032	0.014767268672585487
2033	0.015239682979881763
2034	0.016657650470733643
2035	0.014712384901940823
2036	0.015081122517585754
2037	0.017856363207101822
2038	0.018674714490771294
2039	0.01700412668287754
2040	0.015616238117218018
2041	0.017066916450858116
2042	0.017812911421060562
2043	0.017935313284397125
2044	0.016394678503274918
2045	0.015223694033920765
2046	0.0174589641392231
2047	0.017249809578061104
2048	0.01586827076971531
2049	0.01594463549554348
2050	0.01723441854119301
2051	0.021004823967814445
2052	0.016870802268385887
2053	0.018791958689689636
2054	0.015519985929131508
2055	0.014388796873390675
2056	0.01951531320810318
2057	0.015795545652508736
2058	0.01854407601058483
2059	0.0165900569409132
2060	0.015607970766723156
2061	0.016674457117915154
2062	0.013274130411446095
2063	0.018197881057858467
2064	0.01667073182761669
2065	0.016266679391264915
2066	0.017935847863554955
2067	0.016913175582885742
2068	0.01544739305973053
2069	0.01658714935183525
2070	0.019209740683436394
2071	0.01573524996638298
2072	0.015048814006149769
2073	0.016832701861858368
2074	0.016199277713894844
2075	0.014790407381951809
2076	0.014681774191558361
2077	0.014737631194293499
2078	0.015267670154571533
2079	0.017772763967514038
2080	0.016752013936638832
2081	0.013692487962543964
2082	0.012848970480263233
2083	0.014385953545570374
2084	0.014222468249499798
2085	0.01362696010619402
2086	0.01253560371696949
2087	0.013607913628220558
2088	0.015692980960011482
2089	0.013489484786987305
2090	0.015783941373229027
2091	0.013945735059678555
2092	0.014080648310482502
2093	0.016994712874293327
2094	0.013592175208032131
2095	0.015408533625304699
2096	0.020096590742468834
2097	0.01689143478870392
2098	0.014258665032684803
2099	0.016818618401885033
2100	0.014846879057586193
2101	0.014445850625634193
2102	0.013855460099875927
2103	0.01787165179848671
2104	0.01664399914443493
2105	0.01459628064185381
2106	0.013722586445510387
2107	0.012298711575567722
2108	0.01463144738227129
2109	0.015175308100879192
2110	0.014271802268922329
2111	0.015468082390725613
2112	0.012836642563343048
2113	0.012287658639252186
2114	0.012860313057899475
2115	0.014806011691689491
2116	0.011922848410904408
2117	0.012486380524933338
2118	0.015910565853118896
2119	0.01787458173930645
2120	0.011825963854789734
2121	0.013588099740445614
2122	0.014225922524929047
2123	0.01698317937552929
2124	0.014916989021003246
2125	0.014600969851016998
2126	0.01499160099774599
2127	0.01568068005144596
2128	0.015226471237838268
2129	0.012988348491489887
2130	0.015217534266412258
2131	0.015540708787739277
2132	0.01720050349831581
2133	0.016986260190606117
2134	0.014417332597076893
2135	0.012324868701398373
2136	0.012511449865996838
2137	0.013650566339492798
2138	0.016027381643652916
2139	0.01357883121818304
2140	0.012718654237687588
2141	0.013868475332856178
2142	0.012162049300968647
2143	0.011821660213172436
2144	0.008141417987644672
2145	0.01347758062183857
2146	0.014322740025818348
2147	0.017797021195292473
2148	0.02702135406434536
2149	0.012891662307083607
2150	0.013269223272800446
2151	0.017138401046395302
2152	0.017993366345763206
2153	0.02776479721069336
2154	0.014922672882676125
2155	0.013815665617585182
2156	0.01356197614222765
2157	0.015485383570194244
2158	0.01099818293005228
2159	0.014573345892131329
2160	0.013536988757550716
2161	0.0113997096195817
2162	0.009316626936197281
2163	0.01356783788651228
2164	0.018659468740224838
2165	0.018399929627776146
2166	0.012634831480681896
2167	0.014442543499171734
2168	0.01740248315036297
2169	0.03181084617972374
2170	0.027140920981764793
2171	0.023475585505366325
2172	0.020473042502999306
2173	0.013727487996220589
2174	0.014234188012778759
2175	0.01830248162150383
2176	0.014337974600493908
2177	0.015358919277787209
2178	0.00984284933656454
2179	0.010830563493072987
2180	0.010899140499532223
2181	0.008586681447923183
2182	0.011843778192996979
2183	0.013164362870156765
2184	0.01187443919479847
2185	0.009845550172030926
2186	0.012950940988957882
2187	0.014255127869546413
2188	0.014723392203450203
2189	0.01414410024881363
2190	0.017681410536170006
2191	0.015381437726318836
2192	0.013128763996064663
2193	0.01363347377628088
2194	0.011151309125125408
2195	0.009282168932259083
2196	0.00889184232801199
2197	0.008664017543196678
2198	0.011546805500984192
2199	0.014590702019631863
2200	0.012614465318620205
2201	0.012073347344994545
2202	0.014954916201531887
2203	0.011003035120666027
2204	0.010804499499499798
2205	0.007676885928958654
2206	0.008080089464783669
2207	0.007807351648807526
2208	0.008914969861507416
2209	0.012268098071217537
2210	0.010409480892121792
2211	0.007473993580788374
2212	0.009135899133980274
2213	0.008290658704936504
2214	0.011882578022778034
2215	0.012181391008198261
2216	0.009327352046966553
2217	0.010636033490300179
2218	0.01105471234768629
2219	0.00948246568441391
2220	0.008768032304942608
2221	0.011425836943089962
2222	0.008630934171378613
2223	0.008502381853759289
2224	0.010335605591535568
2225	0.009844801388680935
2226	0.009226292371749878
2227	0.008449519984424114
2228	0.007782367058098316
2229	0.006466494407504797
2230	0.004940965678542852
2231	0.006494478322565556
2232	0.007392510771751404
2233	0.008234078995883465
2234	0.007968294434249401
2235	0.006312523037195206
2236	0.004554057028144598
2237	0.0056445482186973095
2238	0.007559077348560095
2239	0.007194872479885817
2240	0.006569806020706892
2241	0.006427408661693335
2242	0.005604772362858057
2243	0.007544332649558783
2244	0.009001473896205425
2245	0.007689933758229017
2246	0.007534985430538654
2247	0.008457799442112446
2248	0.007760957814753056
2249	0.00827186368405819
2250	0.007971382699906826
2251	0.008973886258900166
2252	0.00798072014003992
2253	0.0088942376896739
2254	0.007077717687934637
2255	0.007902449928224087
2256	0.007114871870726347
2257	0.006243410520255566
2258	0.007387645076960325
2259	0.008227751590311527
2260	0.007668588310480118
2261	0.009365192614495754
2262	0.008878280408680439
2263	0.009533940814435482
2264	0.007485878653824329
2265	0.006461820099502802
2266	0.007435809355229139
2267	0.012760573998093605
2268	0.009786194190382957
2269	0.0076088677160441875
2270	0.00673785200342536
2271	0.00865737535059452
2272	0.008852520026266575
2273	0.00859836395829916
2274	0.008947761729359627
2275	0.009026960469782352
2276	0.007997239008545876
2277	0.011028915643692017
2278	0.012089721858501434
2279	0.013353608548641205
2280	0.00896481703966856
2281	0.01065897848457098
2282	0.011750996112823486
2283	0.011914943344891071
2284	0.010779726319015026
2285	0.011049437336623669
2286	0.010918139480054379
2287	0.012016664259135723
2288	0.012558958493173122
2289	0.01247433666139841
2290	0.010395064018666744
2291	0.010994784533977509
2292	0.011497133411467075
2293	0.00996948778629303
2294	0.012174192816019058
2295	0.010995902121067047
2296	0.009878984652459621
2297	0.010697382502257824
2298	0.010139944031834602
2299	0.01010540034621954
2300	0.014763099141418934
2301	0.009510870091617107
2302	0.010552006773650646
2303	0.011116310022771358
2304	0.00861273892223835
2305	0.01022019237279892
2306	0.010986884124577045
2307	0.008603925816714764
2308	0.008660407736897469
2309	0.008602376095950603
2310	0.008583147078752518
2311	0.009174791164696217
2312	0.009061120450496674
2313	0.008711351081728935
2314	0.010134580545127392
2315	0.007185310125350952
2316	0.008538841269910336
2317	0.009560617618262768
2318	0.008669174276292324
2319	0.009082615375518799
2320	0.009003507904708385
2321	0.00914426613599062
2322	0.012554776854813099
2323	0.011725233867764473
2324	0.0096275107935071
2325	0.010172403417527676
2326	0.012208119034767151
2327	0.00992413330823183
2328	0.008416944183409214
2329	0.007127832155674696
2330	0.006424629595130682
2331	0.006382444407790899
2332	0.0065498375333845615
2333	0.009177155792713165
2334	0.006816558539867401
2335	0.008598285727202892
2336	0.008030160330235958
2337	0.008899743668735027
2338	0.008410301059484482
2339	0.0075605190359056
2340	0.006841525435447693
2341	0.009879021905362606
2342	0.00963067077100277
2343	0.011607872322201729
2344	0.008430725894868374
2345	0.01567804627120495
2346	0.014955124817788601
2347	0.01934342086315155
2348	0.018931323662400246
2349	0.027395177632570267
2350	0.03117690421640873
2351	0.017330683767795563
2352	0.012496553361415863
2353	0.030135637149214745
2354	0.030046045780181885
2355	0.029066449031233788
2356	0.02480470947921276
2357	0.03494759649038315
2358	0.0374307744204998
2359	0.026501303538680077
2360	0.020984861999750137
2361	0.012100666761398315
2362	0.012444685213267803
2363	0.016261614859104156
2364	0.009654819034039974
2365	0.007934840396046638
2366	0.007467931602150202
2367	0.009598585776984692
2368	0.009049564599990845
2369	0.011699289083480835
2370	0.01027586031705141
2371	0.010238245129585266
2372	0.008256325498223305
2373	0.011256970465183258
2374	0.011872854083776474
2375	0.015147578902542591
2376	0.014641164802014828
2377	0.012914721854031086
2378	0.009741631336510181
2379	0.01294612791389227
2380	0.017495406791567802
2381	0.009477420710027218
2382	0.007278157863765955
2383	0.007708756718784571
2384	0.012327629141509533
2385	0.00972071010619402
2386	0.00596360070630908
2387	0.008220440708100796
2388	0.010307999327778816
2389	0.009131892584264278
2390	0.0069275544956326485
2391	0.0084519162774086
2392	0.011307376436889172
2393	0.007524990942329168
2394	0.006515090819448233
2395	0.008022831752896309
2396	0.010603453032672405
2397	0.006142187397927046
2398	0.007692595012485981
2399	0.0074213347397744656
2400	0.007047170307487249
2401	0.008709670975804329
2402	0.008521758951246738
2403	0.005869599524885416
2404	0.005119925364851952
2405	0.006038134451955557
2406	0.0059226811863482
2407	0.005862371064722538
2408	0.006138197612017393
2409	0.006244070362299681
2410	0.007979733869433403
2411	0.007656119763851166
2412	0.006947161164134741
2413	0.008194715715944767
2414	0.011192310601472855
2415	0.007087733130902052
2416	0.006627331953495741
2417	0.007820687256753445
2418	0.005631882231682539
2419	0.006595347076654434
2420	0.0059571717865765095
2421	0.007566229905933142
2422	0.007243581116199493
2423	0.007284899242222309
2424	0.007070580963045359
2425	0.006177881732583046
2426	0.0051088943146169186
2427	0.005460095591843128
2428	0.005137489177286625
2429	0.004881003405898809
2430	0.005476499907672405
2431	0.005065386649221182
2432	0.003702940186485648
2433	0.0037139467895030975
2434	0.004302873741835356
2435	0.0032081163953989744
2436	0.0038665204774588346
2437	0.0035377468448132277
2438	0.002882773522287607
2439	0.002946148393675685
2440	0.003010387299582362
2441	0.0027573041152209044
2442	0.0034763887524604797
2443	0.002906553912907839
2444	0.0031249120365828276
2445	0.003730917116627097
2446	0.004024602007120848
2447	0.004291422199457884
2448	0.0043776012025773525
2449	0.004591571632772684
2450	0.00473231915384531
2451	0.004963842686265707
2452	0.0050694914534688
2453	0.00445625139400363
2454	0.00552874943241477
2455	0.0051963250152766705
2456	0.005567053332924843
2457	0.006218262016773224
2458	0.007533031050115824
2459	0.009097634814679623
2460	0.00901841651648283
2461	0.01917264424264431
2462	0.011752980761229992
2463	0.012174992822110653
2464	0.009660022333264351
2465	0.013692997395992279
2466	0.011792751029133797
2467	0.010511204600334167
2468	0.01066310703754425
2469	0.013656524010002613
2470	0.012996034696698189
2471	0.011485569179058075
2472	0.032959554344415665
2473	0.026746926829218864
2474	0.04979652538895607
2475	0.03673927113413811
2476	0.022916115820407867
2477	0.03683966025710106
2478	0.0318874791264534
2479	0.058878093957901
2480	0.03571850806474686
2481	0.05813366174697876
2482	0.07842351496219635
2483	0.17070063948631287
2484	0.1044272929430008
2485	0.05610288307070732
2486	0.09904804080724716
2487	0.08106162399053574
2488	0.06382616609334946
2489	0.19041331112384796
2490	0.3279951214790344
2491	0.23055975139141083
2492	0.08608648180961609
2493	0.1888427585363388
2494	0.21911875903606415
2495	0.21677124500274658
2496	0.16707579791545868
2497	0.07880460470914841
2498	0.1212238296866417
2499	0.05208653211593628
2500	0.032891709357500076
2501	0.05775513872504234
2502	0.029065078124403954
2503	0.028952008113265038
2504	0.028922224417328835
2505	0.020801549777388573
2506	0.049503978341817856
2507	0.06824104487895966
2508	0.0412399023771286
2509	0.030911220237612724
2510	0.03128723427653313
2511	0.024629270657896996
2512	0.1250334233045578
2513	0.05392312631011009
2514	0.1723223179578781
2515	0.16727569699287415
2516	0.07369618862867355
2517	0.2460661381483078
2518	0.14061181247234344
2519	0.08037848025560379
2520	0.05335063859820366
2521	0.09175190329551697
2522	0.06190088018774986
2523	0.0472065806388855
2524	0.0415513776242733
2525	0.023280171677470207
2526	0.014198905788362026
2527	0.01645755209028721
2528	0.015295037999749184
2529	0.030369911342859268
2530	0.02326001599431038
2531	0.02326544001698494
2532	0.030370747670531273
2533	0.0376862995326519
2534	0.02655830979347229
2535	0.015337101183831692
2536	0.006394613068550825
2537	0.007190517615526915
2538	0.007320760283619165
2539	0.006882475223392248
2540	0.006997768767178059
2541	0.007200917694717646
2542	0.01046473067253828
2543	0.007386930286884308
2544	0.008317490108311176
2545	0.007435166742652655
2546	0.011191694997251034
2547	0.02455250732600689
2548	0.04944583773612976
2549	0.029962832108139992
2550	0.04738236591219902
2551	0.0356518030166626
2552	0.25355014204978943
2553	0.036845337599515915
2554	0.10437554121017456
2555	0.04644786939024925
2556	0.04485638812184334
2557	0.020592618733644485
2558	0.02172636054456234
2559	0.02517998218536377
2560	0.025560719892382622
2561	0.02171224355697632
2562	0.04086762294173241
2563	0.039081133902072906
2564	0.04444488510489464
2565	0.022971978411078453
2566	0.035724930465221405
2567	0.042287856340408325
2568	0.04890703037381172
2569	0.02383945882320404
2570	0.02819129265844822
2571	0.04734249785542488
2572	0.0167852733284235
2573	0.01665635220706463
2574	0.0344570055603981
2575	0.044204745441675186
2576	0.03081955388188362
2577	0.042614199221134186
2578	0.03129095956683159
2579	0.0400194488465786
2580	0.02813078835606575
2581	0.030437612906098366
2582	0.044053178280591965
2583	0.03659707307815552
2584	0.05248726159334183
2585	0.04492495581507683
2586	0.020354563370347023
2587	0.04004382714629173
2588	0.051914941519498825
2589	0.023050596937537193
2590	0.017928767949342728
2591	0.03762773796916008
2592	0.02632092870771885
2593	0.029861554503440857
2594	0.03320106491446495
2595	0.03038986399769783
2596	0.03678181394934654
2597	0.04075343534350395
2598	0.04564998671412468
2599	0.11567571014165878
2600	0.10352955013513565
2601	0.06924859434366226
2602	0.06782710552215576
2603	0.034375082701444626
2604	0.05608644708991051
2605	0.04261411353945732
2606	0.04165467247366905
2607	0.04892946034669876
2608	0.07910553365945816
2609	0.08696077018976212
2610	0.05402253940701485
2611	0.059990931302309036
2612	0.16299086809158325
2613	0.10375558584928513
2614	0.13368523120880127
2615	0.1277533322572708
2616	0.1192309632897377
2617	0.1307574361562729
2618	0.04714258387684822
2619	0.06944537162780762
2620	0.03722139820456505
2621	0.03488178178668022
2622	0.02005416713654995
2623	0.07165133208036423
2624	0.06740619242191315
2625	0.05346396192908287
2626	0.024049801751971245
2627	0.039580728858709335
2628	0.08779213577508926
2629	0.057874154299497604
2630	0.09068948030471802
2631	0.060021426528692245
2632	0.046658892184495926
2633	0.06249365210533142
2634	0.052562009543180466
2635	0.16181114315986633
2636	0.0869171991944313
2637	0.1262797713279724
2638	0.09265518933534622
2639	0.04359417036175728
2640	0.029123013839125633
2641	0.03315514326095581
2642	0.03844326734542847
2643	0.021031344309449196
2644	0.03317878395318985
2645	0.018892968073487282
2646	0.0397554412484169
2647	0.027994439005851746
2648	0.037494439631700516
2649	0.04164128378033638
2650	0.06957580149173737
2651	0.0264029148966074
2652	0.04908240959048271
2653	0.0471782423555851
2654	0.0299213957041502
2655	0.01109465304762125
2656	0.006578195374459028
2657	0.00630903197452426
2658	0.006457521114498377
2659	0.005663258954882622
2660	0.004894081503152847
2661	0.007274857256561518
2662	0.007376834750175476
2663	0.008069032803177834
2664	0.00855419784784317
2665	0.007377564907073975
2666	0.004808306228369474
2667	0.008598752319812775
2668	0.008259962312877178
2669	0.008209047839045525
2670	0.0068260119296610355
2671	0.0060205357149243355
2672	0.005865474697202444
2673	0.007425830699503422
2674	0.00703249080106616
2675	0.008456924930214882
2676	0.008965596556663513
2677	0.009158402681350708
2678	0.011240528896450996
2679	0.008423159830272198
2680	0.01126257237046957
2681	0.010146606713533401
2682	0.009541642852127552
2683	0.007006734609603882
2684	0.007952870801091194
2685	0.012660753913223743
2686	0.01180595438927412
2687	0.009985232725739479
2688	0.008896387182176113
2689	0.008655187673866749
2690	0.011735624633729458
2691	0.012428807094693184
2692	0.01390171330422163
2693	0.012107789516448975
2694	0.01501938235014677
2695	0.01483786292374134
2696	0.012767508625984192
2697	0.013502988032996655
2698	0.012329875491559505
2699	0.014002560637891293
2700	0.010887558571994305
2701	0.012111352756619453
2702	0.013122588396072388
2703	0.015672728419303894
2704	0.01319665927439928
2705	0.014342816546559334
2706	0.013705532066524029
2707	0.020405195653438568
2708	0.012113670818507671
2709	0.012316854670643806
2710	0.012390523217618465
2711	0.014229374006390572
2712	0.01012980006635189
2713	0.011014756746590137
2714	0.016148431226611137
2715	0.018870143219828606
2716	0.008191931992769241
2717	0.01133169699460268
2718	0.008240918628871441
2719	0.010893809609115124
2720	0.01299317367374897
2721	0.01059594564139843
2722	0.012571349740028381
2723	0.01012935396283865
2724	0.011239374056458473
2725	0.011080029420554638
2726	0.010641135275363922
2727	0.013163598254323006
2728	0.01826689951121807
2729	0.01048298180103302
2730	0.01646244339644909
2731	0.017349472269415855
2732	0.026977965608239174
2733	0.012308281846344471
2734	0.00871734507381916
2735	0.007672518491744995
2736	0.00824620109051466
2737	0.007060206029564142
2738	0.005114898085594177
2739	0.00463823601603508
2740	0.0043180533684790134
2741	0.00550577649846673
2742	0.005248823668807745
2743	0.005284312646836042
2744	0.007188478950411081
2745	0.0068484083749353886
2746	0.008170836605131626
2747	0.0065027573145926
2748	0.005692943464964628
2749	0.005769826006144285
2750	0.005874217953532934
2751	0.007485665380954742
2752	0.006204500328749418
2753	0.005484588444232941
2754	0.005864751525223255
2755	0.0038643626030534506
2756	0.00589721417054534
2757	0.004614527802914381
2758	0.0064198109321296215
2759	0.00593781191855669
2760	0.005295263137668371
2761	0.00616085808724165
2762	0.006085322238504887
2763	0.006011185701936483
2764	0.005241916980594397
2765	0.003993417602032423
2766	0.004241001792252064
2767	0.003807760775089264
2768	0.003823873121291399
2769	0.0038161121774464846
2770	0.0038550638128072023
2771	0.003406544914469123
2772	0.004119539167732
2773	0.004205837845802307
2774	0.004485752899199724
2775	0.004237730521708727
2776	0.004517688881605864
2777	0.0036588001530617476
2778	0.00373174250125885
2779	0.0037425297778099775
2780	0.0032207698095589876
2781	0.0030628545209765434
2782	0.004192044492810965
2783	0.00340221612714231
2784	0.00464148772880435
2785	0.003745764261111617
2786	0.0036560208536684513
2787	0.0035232349764555693
2788	0.003117414889857173
2789	0.0033253112342208624
2790	0.00334703060798347
2791	0.0032820457126945257
2792	0.0025485982187092304
2793	0.003058189991861582
2794	0.002855828497558832
2795	0.0036914795637130737
2796	0.003082230454310775
2797	0.003461576299741864
2798	0.0031518058385699987
2799	0.003594066947698593
2800	0.00319416681304574
2801	0.003711264580488205
2802	0.003986869007349014
2803	0.004558790475130081
2804	0.0035898201167583466
2805	0.004277701955288649
2806	0.0039014338981360197
2807	0.003389263991266489
2808	0.003236343851312995
2809	0.004089576192200184
2810	0.005096098408102989
2811	0.004015906248241663
2812	0.003953166306018829
2813	0.0038042147643864155
2814	0.0036183649208396673
2815	0.0035812892019748688
2816	0.003899540053680539
2817	0.004073079209774733
2818	0.004021659027785063
2819	0.004031383898109198
2820	0.0032500014640390873
2821	0.0037007115315645933
2822	0.003666529431939125
2823	0.0035768449306488037
2824	0.0031429671216756105
2825	0.0029310688842087984
2826	0.003180585103109479
2827	0.00473878113552928
2828	0.004212742205709219
2829	0.00507122278213501
2830	0.004769110586494207
2831	0.004609364550560713
2832	0.005364520940929651
2833	0.00542815774679184
2834	0.006732358131557703
2835	0.006139034871011972
2836	0.00785757601261139
2837	0.007246266584843397
2838	0.0074384636245667934
2839	0.009180822409689426
2840	0.01068027876317501
2841	0.008841502480208874
2842	0.010156440548598766
2843	0.012226874008774757
2844	0.008770390413701534
2845	0.009458305314183235
2846	0.007756651844829321
2847	0.008828599005937576
2848	0.009950931183993816
2849	0.008641369640827179
2850	0.009822501800954342
2851	0.010662563145160675
2852	0.010459713637828827
2853	0.012376277707517147
2854	0.010361487045884132
2855	0.0163032915443182
2856	0.012656599283218384
2857	0.01211367454379797
2858	0.012421748600900173
2859	0.022264514118433
2860	0.016792461276054382
2861	0.011857672594487667
2862	0.008628811687231064
2863	0.006861624773591757
2864	0.00792225543409586
2865	0.007032770197838545
2866	0.010516668669879436
2867	0.00952365156263113
2868	0.007106575649231672
2869	0.020869774743914604
2870	0.04831160977482796
2871	0.04429107904434204
2872	0.04828168824315071
2873	0.03706147149205208
2874	0.03547022491693497
2875	0.07771654427051544
2876	0.08829138427972794
2877	0.03505965694785118
2878	0.03698955103754997
2879	0.03588665649294853
2880	0.02852959930896759
2881	0.04911252111196518
2882	0.02022668719291687
2883	0.033590175211429596
2884	0.0549640916287899
2885	0.0731659084558487
2886	0.02058524824678898
2887	0.03482016548514366
2888	0.1704799085855484
2889	0.12965267896652222
2890	0.013941760174930096
2891	0.02610497549176216
2892	0.06381861865520477
2893	0.05779175087809563
2894	0.059657711535692215
2895	0.03715379908680916
2896	0.025884360074996948
2897	0.02215615287423134
2898	0.21109698712825775
2899	0.10406254976987839
2900	0.3038138747215271
2901	0.2786763310432434
2902	0.03141115978360176
2903	0.030721260234713554
2904	0.011532890610396862
2905	0.026916464790701866
2906	0.01353695709258318
2907	0.015595448203384876
2908	0.013379472307860851
2909	0.017408836632966995
2910	0.015368240885436535
2911	0.017569391056895256
2912	0.016222581267356873
2913	0.034978169947862625
2914	0.06236811354756355
2915	0.015872346237301826
2916	0.018953761085867882
2917	0.021586893126368523
2918	0.06550963968038559
2919	0.06015552207827568
2920	0.03493301197886467
2921	0.11812417954206467
2922	0.05569779872894287
2923	0.02736380696296692
2924	0.05379923805594444
2925	0.027493342757225037
2926	0.034718479961156845
2927	0.09193944931030273
2928	0.11004306375980377
2929	0.10264166444540024
2930	0.05196244642138481
2931	0.03934730589389801
2932	0.015988359227776527
2933	0.02472456358373165
2934	0.03241749480366707
2935	0.030373448505997658
2936	0.04691871255636215
2937	0.04422397539019585
2938	0.038194794207811356
2939	0.04052424803376198
2940	0.03474235534667969
2941	0.03647423908114433
2942	0.015707790851593018
2943	0.024568919092416763
2944	0.01153428852558136
2945	0.0075898380018770695
2946	0.007290296256542206
2947	0.006990216672420502
2948	0.0070755332708358765
2949	0.007523023523390293
2950	0.012243575416505337
2951	0.020738108083605766
2952	0.02487725019454956
2953	0.0185135118663311
2954	0.0051034907810389996
2955	0.00538148358464241
2956	0.008454653434455395
2957	0.0054127126932144165
2958	0.003911371808499098
2959	0.003391973441466689
2960	0.003343291347846389
2961	0.00532517721876502
2962	0.007218626327812672
2963	0.0065735685639083385
2964	0.005829747300595045
2965	0.007889688946306705
2966	0.008127469569444656
2967	0.0058434647507965565
2968	0.008238851092755795
2969	0.007365282159298658
2970	0.007930293679237366
2971	0.009770785458385944
2972	0.010565796867012978
2973	0.012284226715564728
2974	0.013607419095933437
2975	0.011438299901783466
2976	0.01394349243491888
2977	0.018965408205986023
2978	0.014739816077053547
2979	0.01399232167750597
2980	0.016237983480095863
2981	0.010567557998001575
2982	0.012192310765385628
2983	0.008449549786746502
2984	0.010460915975272655
2985	0.024752652272582054
2986	0.031171634793281555
2987	0.0567820779979229
2988	0.016749227419495583
2989	0.012785665690898895
2990	0.017493365332484245
2991	0.009488027542829514
2992	0.010799561627209187
2993	0.018247580155730247
2994	0.018728969618678093
2995	0.00905930157750845
2996	0.010067439638078213
2997	0.011945728212594986
2998	0.011716874316334724
2999	0.02125566639006138
3000	0.030280455946922302
3001	0.03512844070792198
3002	0.013843699358403683
3003	0.015745241194963455
3004	0.02491503767669201
3005	0.030095526948571205
3006	0.014263234101235867
3007	0.010802934877574444
3008	0.013440507464110851
3009	0.011836699210107327
3010	0.007839816622436047
3011	0.012064852751791477
3012	0.01117093674838543
3013	0.008067783899605274
3014	0.01345102209597826
3015	0.017020676285028458
3016	0.010154323652386665
3017	0.010887346230447292
3018	0.0078047714196145535
3019	0.011069518513977528
3020	0.03997882828116417
3021	0.017911646515130997
3022	0.01817995123565197
3023	0.025965487584471703
3024	0.024287447333335876
3025	0.04545259848237038
3026	0.03649425506591797
3027	0.013299104757606983
3028	0.02377941645681858
3029	0.02763359621167183
3030	0.009201478213071823
3031	0.015142746269702911
3032	0.010536476038396358
3033	0.009859117679297924
3034	0.011451452039182186
3035	0.012987076304852962
3036	0.017629120498895645
3037	0.010049297474324703
3038	0.011635486967861652
3039	0.014058716595172882
3040	0.007318665273487568
3041	0.00818288791924715
3042	0.010250317864120007
3043	0.007946054451167583
3044	0.006397484336048365
3045	0.007837171666324139
3046	0.008677679114043713
3047	0.00837685912847519
3048	0.0082166139036417
3049	0.011506649665534496
3050	0.013512072153389454
3051	0.00886217225342989
3052	0.01749451830983162
3053	0.01166947279125452
3054	0.01545038353651762
3055	0.007776452694088221
3056	0.009480023756623268
3057	0.008467811159789562
3058	0.019178301095962524
3059	0.014073589816689491
3060	0.013597900047898293
3061	0.009578182362020016
3062	0.00931976456195116
3063	0.01095218863338232
3064	0.011269432492554188
3065	0.009619234129786491
3066	0.010859641246497631
3067	0.010433544404804707
3068	0.010563458316028118
3069	0.011667211540043354
3070	0.01174273993819952
3071	0.010708420537412167
3072	0.007054976653307676
3073	0.013095027767121792
3074	0.01054365560412407
3075	0.013137029483914375
3076	0.013261462561786175
3077	0.01738886348903179
3078	0.021215198561549187
3079	0.017271218821406364
3080	0.01545155793428421
3081	0.020798174664378166
3082	0.01995590142905712
3083	0.013897045515477657
3084	0.016936559230089188
3085	0.02352370135486126
3086	0.036544930189847946
3087	0.013923615217208862
3088	0.014020654372870922
3089	0.018898138776421547
3090	0.013415819965302944
3091	0.01805443875491619
3092	0.012590127065777779
3093	0.01832941547036171
3094	0.013428968377411366
3095	0.019678940996527672
3096	0.016007570549845695
3097	0.013280046172440052
3098	0.017033474519848824
3099	0.017971152439713478
3100	0.019285717979073524
3101	0.03881244733929634
3102	0.032919518649578094
3103	0.02107069455087185
3104	0.037186283618211746
3105	0.0305600855499506
3106	0.031798385083675385
3107	0.040611423552036285
3108	0.029954100027680397
3109	0.03156927227973938
3110	0.025500809773802757
3111	0.0330326072871685
3112	0.029720285907387733
3113	0.01870063692331314
3114	0.02727772668004036
3115	0.024614129215478897
3116	0.011358139105141163
3117	0.01103204395622015
3118	0.018060967326164246
3119	0.009106315672397614
3120	0.009189017117023468
3121	0.020632516592741013
3122	0.011873300187289715
3123	0.009576800279319286
3124	0.01180992927402258
3125	0.01315551158040762
3126	0.018050847575068474
3127	0.018233446404337883
3128	0.012654676102101803
3129	0.018331870436668396
3130	0.013911831192672253
3131	0.010497490875422955
3132	0.008355817757546902
3133	0.008367273025214672
3134	0.00818066205829382
3135	0.013652603141963482
3136	0.011744220741093159
3137	0.012563101015985012
3138	0.011569256894290447
3139	0.010741648264229298
3140	0.010850995779037476
3141	0.008640904910862446
3142	0.007242232095450163
3143	0.010729873552918434
3144	0.011958029121160507
3145	0.011319436132907867
3146	0.01632997952401638
3147	0.014014124870300293
3148	0.027224451303482056
3149	0.024064021185040474
3150	0.023280298337340355
3151	0.014281898736953735
3152	0.012349190190434456
3153	0.014845728874206543
3154	0.013492303900420666
3155	0.0110574159771204
3156	0.01107492670416832
3157	0.01279120147228241
3158	0.022058716043829918
3159	0.014315280131995678
3160	0.012058219872415066
3161	0.014000574126839638
3162	0.010037839412689209
3163	0.0091474000364542
3164	0.014844494871795177
3165	0.006294190883636475
3166	0.006506118457764387
3167	0.006598078645765781
3168	0.005898228380829096
3169	0.006219820585101843
3170	0.006482136435806751
3171	0.009484292939305305
3172	0.006481139454990625
3173	0.007429368793964386
3174	0.009291472844779491
3175	0.0066227661445736885
3176	0.008256067521870136
3177	0.007762420456856489
3178	0.009575731121003628
3179	0.007005409803241491
3180	0.007949741557240486
3181	0.009749511256814003
3182	0.008291557431221008
3183	0.00851175095885992
3184	0.0069970726035535336
3185	0.0068709650076925755
3186	0.007077363785356283
3187	0.010368137620389462
3188	0.018994493409991264
3189	0.01651884987950325
3190	0.008858995512127876
3191	0.007741124834865332
3192	0.006354639772325754
3193	0.006809743586927652
3194	0.007683494593948126
3195	0.009224851615726948
3196	0.006858208682388067
3197	0.011482211761176586
3198	0.011088957078754902
3199	0.00694079278036952
3200	0.00576393585652113
3201	0.007437609136104584
3202	0.008890110068023205
3203	0.005822334438562393
3204	0.0051865181885659695
3205	0.004786272998899221
3206	0.005301815923303366
3207	0.00614034291356802
3208	0.0056151594035327435
3209	0.006070846226066351
3210	0.005530924070626497
3211	0.0058208005502820015
3212	0.00402480736374855
3213	0.005329920910298824
3214	0.005801480263471603
3215	0.006504625082015991
3216	0.005703422706574202
3217	0.006174195092171431
3218	0.005838332697749138
3219	0.006007607094943523
3220	0.006576032377779484
3221	0.005282002501189709
3222	0.005305204074829817
3223	0.0049003781750798225
3224	0.003863473189994693
3225	0.004780457355082035
3226	0.004466361831873655
3227	0.005219831131398678
3228	0.004464404191821814
3229	0.004363877233117819
3230	0.00458908174186945
3231	0.004369864705950022
3232	0.0032741271425038576
3233	0.003981016110628843
3234	0.0037159936036914587
3235	0.0036051541101187468
3236	0.004206197801977396
3237	0.0035791692789644003
3238	0.0033364207483828068
3239	0.0030780136585235596
3240	0.003162757260724902
3241	0.0034027290530502796
3242	0.0031638466753065586
3243	0.004403888713568449
3244	0.004153181798756123
3245	0.004122766200453043
3246	0.005155578255653381
3247	0.004917654674500227
3248	0.004576088394969702
3249	0.005624581128358841
3250	0.005980244372040033
3251	0.005273092072457075
3252	0.006479215808212757
3253	0.006631007883697748
3254	0.005774753633886576
3255	0.005089102778583765
3256	0.006599630694836378
3257	0.0042764837853610516
3258	0.004385831765830517
3259	0.004718633834272623
3260	0.004967348650097847
3261	0.005768958479166031
3262	0.006278694607317448
3263	0.006394198630005121
3264	0.006453585810959339
3265	0.006077312398701906
3266	0.006737419404089451
3267	0.0069525339640676975
3268	0.007552500814199448
3269	0.008825189433991909
3270	0.008456284180283546
3271	0.010431160219013691
3272	0.00802791491150856
3273	0.00862008985131979
3274	0.010606150142848492
3275	0.01012982614338398
3276	0.012786763720214367
3277	0.01781339757144451
3278	0.01418373640626669
3279	0.014108577743172646
3280	0.012145225889980793
3281	0.02150147594511509
3282	0.019051270559430122
3283	0.02612335793673992
3284	0.02461184561252594
3285	0.033167432993650436
3286	0.01786758378148079
3287	0.027233531698584557
3288	0.03170482814311981
3289	0.021413877606391907
3290	0.024915819987654686
3291	0.017824968323111534
3292	0.02705373242497444
3293	0.0353211909532547
3294	0.035659100860357285
3295	0.01904788427054882
3296	0.01678241416811943
3297	0.01254944410175085
3298	0.011072181165218353
3299	0.011928140185773373
3300	0.007965880446135998
3301	0.010021515190601349
3302	0.010626849718391895
3303	0.00946876872330904
3304	0.010134431533515453
3305	0.008932847529649734
3306	0.009888802655041218
3307	0.011282460764050484
3308	0.012233025394380093
3309	0.020895717665553093
3310	0.013994249515235424
3311	0.019233865663409233
3312	0.008780944161117077
3313	0.00652778847143054
3314	0.00622530048713088
3315	0.007416881620883942
3316	0.006993654649704695
3317	0.00606174673885107
3318	0.007074242923408747
3319	0.006935097277164459
3320	0.006951519753783941
3321	0.007648888975381851
3322	0.006885833572596312
3323	0.006492887623608112
3324	0.007949491031467915
3325	0.0086253322660923
3326	0.012394527904689312
3327	0.012198856100440025
3328	0.011425357311964035
3329	0.008463725447654724
3330	0.008092157542705536
3331	0.005869306158274412
3332	0.008042323403060436
3333	0.006668774876743555
3334	0.008974589407444
3335	0.007286597974598408
3336	0.00908998679369688
3337	0.006916135083884001
3338	0.007649831008166075
3339	0.011551651172339916
3340	0.015475824475288391
3341	0.020946893841028214
3342	0.025240087881684303
3343	0.02103695087134838
3344	0.012515244074165821
3345	0.027637217193841934
3346	0.019962090998888016
3347	0.016642045229673386
3348	0.013872194103896618
3349	0.017259789630770683
3350	0.011883184313774109
3351	0.016674740239977837
3352	0.009772692807018757
3353	0.015430879779160023
3354	0.01136904675513506
3355	0.02303854003548622
3356	0.024663520976901054
3357	0.028526341542601585
3358	0.03162217140197754
3359	0.05016309767961502
3360	0.016953736543655396
3361	0.02755199372768402
3362	0.028178691864013672
3363	0.017718881368637085
3364	0.026477307081222534
3365	0.025783896446228027
