frame	prob
0	0.004510397091507912
1	0.004784708376973867
2	0.005472879391163588
3	0.006198206916451454
4	0.006525819189846516
5	0.004779182840138674
6	0.005053275730460882
7	0.005784460809081793
8	0.0067893932573497295
9	0.008650892414152622
10	0.006565542425960302
11	0.006445256061851978
12	0.006734530907124281
13	0.006502664182335138
14	0.00944273080676794
15	0.008082090876996517
16	0.0063011827878654
17	0.006311847362667322
18	0.0072523923590779305
19	0.007401886861771345
20	0.0064453803934156895
21	0.0062554399482905865
22	0.007356399204581976
23	0.009166439063847065
24	0.009682098403573036
25	0.010014669969677925
26	0.010575777851045132
27	0.009675425477325916
28	0.011082775890827179
29	0.011088499799370766
30	0.011837499216198921
31	0.007749795448035002
32	0.009429791942238808
33	0.01171186938881874
34	0.013045191764831543
35	0.010630959644913673
36	0.02456473372876644
37	0.047596275806427
38	0.0481562577188015
39	0.03308356925845146
40	0.0984681025147438
41	0.13220353424549103
42	0.09392493218183517
43	0.08129610866308212
44	0.02611183002591133
45	0.04301118105649948
46	0.05163375288248062
47	0.023150941357016563
48	0.023771138861775398
49	0.03174973279237747
50	0.02457178384065628
51	0.01893608085811138
52	0.025219112634658813
53	0.01921563409268856
54	0.2173769325017929
55	0.6677369475364685
56	0.5933918356895447
57	0.6615809798240662
58	0.6587207913398743
59	0.6464105248451233
60	0.5902097225189209
61	0.500382125377655
62	0.3886854350566864
63	0.27552366256713867
64	0.17188310623168945
65	0.031525660306215286
66	0.03304881602525711
67	0.05816309526562691
68	0.03102337196469307
69	0.04750079661607742
70	0.39626333117485046
71	0.3012552857398987
72	0.02620740607380867
73	0.03763554245233536
74	0.26178932189941406
75	0.5465334057807922
76	0.509828507900238
77	0.10836528986692429
78	0.10576856136322021
79	0.07190509885549545
80	0.1481270045042038
81	0.15151120722293854
82	0.17025026679039001
83	0.2530597150325775
84	0.36980026960372925
85	0.2726522386074066
86	0.4938684105873108
87	0.5595234036445618
88	0.6468979120254517
89	0.44154787063598633
90	0.7135744690895081
91	0.6377387046813965
92	0.490823894739151
93	0.37034255266189575
94	0.3304980397224426
95	0.028868412598967552
96	0.032500963658094406
97	0.00867022480815649
98	0.00784059427678585
99	0.012566911987960339
100	0.00880685169249773
101	0.0075354077853262424
102	0.01010658498853445
103	0.009663516655564308
104	0.009051715023815632
105	0.008801585994660854
106	0.008302700705826283
107	0.010157334618270397
108	0.009867756627500057
109	0.009185180068016052
110	0.008868108503520489
111	0.014920063316822052
112	0.07464321702718735
113	0.20298004150390625
114	0.34963127970695496
115	0.10909370332956314
116	0.4329204559326172
117	0.7585203051567078
118	0.5741693377494812
119	0.13051199913024902
120	0.2014271318912506
121	0.11445603519678116
122	0.02012295089662075
123	0.011007889173924923
124	0.009023145772516727
125	0.009284483268857002
126	0.009617525152862072
127	0.009065733291208744
128	0.01552486140280962
129	0.057387303560972214
130	0.0889153704047203
131	0.1281273365020752
132	0.36279720067977905
133	0.6119192838668823
134	0.6604892611503601
135	0.24315185844898224
136	0.8402568101882935
137	0.8116254806518555
138	0.529766857624054
139	0.09227018803358078
140	0.6145462989807129
141	0.5311484932899475
142	0.5562013983726501
143	0.8012194633483887
144	0.8235490918159485
145	0.8323869705200195
146	0.8974718451499939
147	0.9052349328994751
148	0.7380831241607666
149	0.607927680015564
150	0.7635102868080139
151	0.7802876830101013
152	0.7549368143081665
153	0.7204435467720032
154	0.7901210188865662
155	0.7538805603981018
156	0.3153823912143707
157	0.5894393920898438
158	0.020018497481942177
159	0.011314003728330135
160	0.026650382205843925
161	0.012699420563876629
162	0.008325272239744663
163	0.010109879076480865
164	0.011540677398443222
165	0.008193284273147583
166	0.009209543466567993
167	0.009602379985153675
168	0.007748445961624384
169	0.00793946161866188
170	0.009035934694111347
171	0.009439298883080482
172	0.010218500159680843
173	0.009718631394207478
174	0.008673093281686306
175	0.00995718128979206
176	0.009922715835273266
177	0.009653843939304352
178	0.00893140397965908
179	0.008734135888516903
180	0.009218712337315083
181	0.008906184695661068
182	0.009483220055699348
183	0.00883962120860815
184	0.008687242865562439
185	0.008162479847669601
186	0.009008804336190224
187	0.00981913786381483
188	0.03246007859706879
189	0.010538688860833645
190	0.009768105112016201
191	0.008514921180903912
192	0.01266185101121664
193	0.008406600914895535
194	0.010101784951984882
195	0.0112756984308362
196	0.011289365589618683
197	0.014437312260270119
198	0.010826488956809044
199	0.006926320493221283
200	0.005480341147631407
201	0.007565495558083057
202	0.008028058335185051
203	0.007782209198921919
204	0.006115637253969908
205	0.005896445829421282
206	0.006462996359914541
207	0.005809222348034382
208	0.005284277256578207
209	0.007081703748553991
210	0.007389900274574757
211	0.006785163190215826
212	0.00836279708892107
213	0.009351009503006935
214	0.009489513002336025
215	0.008638925850391388
216	0.008580843918025494
217	0.00807192549109459
218	0.007499444764107466
219	0.00717321177944541
220	0.005687703378498554
221	0.005700878333300352
222	0.007016654592007399
223	0.006199211813509464
224	0.0062829055823385715
225	0.0057448213919997215
226	0.006991472095251083
227	0.005893831141293049
228	0.006509472616016865
229	0.005429506301879883
230	0.004418176133185625
231	0.004992029629647732
232	0.004544274415820837
233	0.00480628851801157
234	0.00540971988812089
235	0.004818345885723829
236	0.0065088458359241486
237	0.005966688971966505
238	0.006376469042152166
239	0.0071281255222857
240	0.007150319870561361
241	0.006607415620237589
242	0.007750769145786762
243	0.007383686490356922
244	0.006304185837507248
245	0.007589605636894703
246	0.007552877068519592
247	0.007274394389241934
248	0.007060450501739979
249	0.006114704068750143
250	0.005870321299880743
251	0.008320215158164501
252	0.01004380639642477
253	0.009601577185094357
254	0.010045505128800869
255	0.008823846466839314
256	0.008553189225494862
257	0.008935435675084591
258	0.01256005372852087
259	0.008899509906768799
260	0.009595134295523167
261	0.008067230693995953
262	0.007300391793251038
263	0.011334548704326153
264	0.012025125324726105
265	0.008399019949138165
266	0.009501263499259949
267	0.007338641677051783
268	0.010814678855240345
269	0.009637728333473206
270	0.008739093318581581
271	0.010415359400212765
272	0.01349441148340702
273	0.013371444307267666
274	0.01409311592578888
275	0.023454908281564713
276	0.013050615787506104
277	0.011452709324657917
278	0.010702790692448616
279	0.010468738153576851
280	0.00984328892081976
281	0.00922985840588808
282	0.01165169756859541
283	0.010404097847640514
284	0.010504399426281452
285	0.009437864646315575
286	0.009498356841504574
287	0.011372954584658146
288	0.010816991329193115
289	0.008330720476806164
290	0.01206911075860262
291	0.011282394640147686
292	0.011982960626482964
293	0.009335354901850224
294	0.008852004073560238
295	0.00854600127786398
296	0.00911757256835699
297	0.008611157536506653
298	0.011306889355182648
299	0.015579736791551113
300	0.05320701748132706
301	0.2942694127559662
302	0.6168234944343567
303	0.6436379551887512
304	0.6502741575241089
305	0.5991131663322449
306	0.44627323746681213
307	0.7167078852653503
308	0.4235968589782715
309	0.3752431869506836
310	0.04144807532429695
311	0.024896949529647827
312	0.0183310117572546
313	0.015937888994812965
314	0.023586083203554153
315	0.017372172325849533
316	0.04505263641476631
317	0.05610687658190727
318	0.024991706013679504
319	0.022525180131196976
320	0.01824476197361946
321	0.018064141273498535
322	0.016303444281220436
323	0.010651062242686749
324	0.011724086478352547
325	0.015715543180704117
326	0.01392018049955368
327	0.009625302627682686
328	0.009882702492177486
329	0.009808710776269436
330	0.008979304693639278
331	0.00904645211994648
332	0.008444015868008137
333	0.00819411315023899
334	0.008933006785809994
335	0.007835902273654938
336	0.0069146412424743176
337	0.005279725883156061
338	0.0053716315887868404
339	0.005111506674438715
340	0.005023496225476265
341	0.006955185439437628
342	0.00784697663038969
343	0.007138386368751526
344	0.004431791137903929
345	0.004096420016139746
346	0.0047163269482553005
347	0.0039760940708220005
348	0.004612328950315714
349	0.004802557174116373
350	0.004557298496365547
351	0.004780940245836973
352	0.005529303569346666
353	0.006489553954452276
354	0.005935751833021641
355	0.005622314754873514
356	0.005552805494517088
357	0.0058718412183225155
358	0.0047974009066820145
359	0.004318488296121359
360	0.00412714434787631
361	0.003919090609997511
362	0.004002209287136793
363	0.004751152358949184
364	0.004815816413611174
365	0.0048343040980398655
366	0.004258162807673216
367	0.0035958760417997837
368	0.0037422929890453815
369	0.0032855996396392584
370	0.003763950662687421
371	0.004089861176908016
372	0.003913255408406258
373	0.004984540399163961
374	0.0043776496313512325
375	0.00516161834821105
376	0.004639315418899059
377	0.0047383988276124
378	0.004895453341305256
379	0.0037501135375350714
380	0.0045437938533723354
381	0.00425869831815362
382	0.00451729167252779
383	0.004149469546973705
384	0.005731191020458937
385	0.007075985427945852
386	0.007574617862701416
387	0.008227678015828133
388	0.0068061440251767635
389	0.00847691111266613
390	0.0092415576800704
391	0.006945477332919836
392	0.008255036547780037
393	0.00710199773311615
394	0.006047275848686695
395	0.006357585079967976
396	0.005407025571912527
397	0.005204204004257917
398	0.004617012571543455
399	0.004528638441115618
400	0.004807247314602137
401	0.0041735367849469185
402	0.0034543988294899464
403	0.0034067758824676275
404	0.004024643450975418
405	0.003226764500141144
406	0.004078907426446676
407	0.00438141543418169
408	0.004178161732852459
409	0.0034040031023323536
410	0.0033947385381907225
411	0.00362480734474957
412	0.004272646736353636
413	0.003796784207224846
414	0.003239569952711463
415	0.003874714719131589
416	0.0040034945122897625
417	0.003758760169148445
418	0.004187448415905237
419	0.006376491393893957
420	0.005481353495270014
421	0.006711479276418686
422	0.006959862541407347
423	0.006035338621586561
424	0.006444695871323347
425	0.0060559543780982494
426	0.005066073965281248
427	0.0058983503840863705
428	0.005517974961549044
429	0.004841085057705641
430	0.005963365081697702
431	0.005188524257391691
432	0.006294552236795425
433	0.005557403899729252
434	0.005403973627835512
435	0.007056534290313721
436	0.006568355951458216
437	0.007970098406076431
438	0.007646140642464161
439	0.005970815662294626
440	0.0053567481227219105
441	0.005372227635234594
442	0.00559038994833827
443	0.005635376088321209
444	0.006288720760494471
445	0.005493403412401676
446	0.006094298791140318
447	0.004922546911984682
448	0.005638522561639547
449	0.004800815135240555
450	0.004952318966388702
451	0.004401550628244877
452	0.0060041602700948715
453	0.006645146757364273
454	0.0056320494040846825
455	0.007086841855198145
456	0.006752886809408665
457	0.007433651480823755
458	0.008339985273778439
459	0.007730167359113693
460	0.008340777829289436
461	0.007478342391550541
462	0.010125972330570221
463	0.008566081523895264
464	0.008871546015143394
465	0.00911217462271452
466	0.008100953884422779
467	0.008651155047118664
468	0.010653533972799778
469	0.010588004253804684
470	0.01041591726243496
471	0.010618156753480434
472	0.010276149027049541
473	0.01075767632573843
474	0.009675262495875359
475	0.008763110265135765
476	0.00939230713993311
477	0.01032498013228178
478	0.012115403078496456
479	0.01202469039708376
480	0.011231810785830021
481	0.010188648477196693
482	0.011567125096917152
483	0.010453573428094387
484	0.013168171048164368
485	0.012360546737909317
486	0.012601183727383614
487	0.014669211581349373
488	0.01330619491636753
489	0.013958674855530262
490	0.014154079370200634
491	0.01404100563377142
492	0.014407679438591003
493	0.014280416071414948
494	0.014508801512420177
495	0.012774634175002575
496	0.01008613221347332
497	0.007622872479259968
498	0.005628781858831644
499	0.00599637208506465
500	0.005840313155204058
501	0.008349224925041199
502	0.004359846469014883
503	0.003985369112342596
504	0.0058850874193012714
505	0.010352871380746365
506	0.010927385650575161
507	0.010303082875907421
508	0.011500312015414238
509	0.014821559190750122
510	0.010677537880837917
511	0.011067225597798824
512	0.007639543619006872
513	0.011042140424251556
514	0.01262694038450718
515	0.012024312280118465
516	0.011666255071759224
517	0.013641809113323689
518	0.01570863462984562
519	0.013345479965209961
520	0.011762968264520168
521	0.0116514191031456
522	0.009302826598286629
523	0.011188695207238197
524	0.009367267601191998
525	0.011176018975675106
526	0.01397321093827486
527	0.009682809002697468
528	0.013881692662835121
529	0.015455888584256172
530	0.012301141396164894
531	0.010918605141341686
532	0.009504693560302258
533	0.00901306327432394
534	0.009699217975139618
535	0.008955041877925396
536	0.008696968667209148
537	0.0065032416023314
538	0.008451736532151699
539	0.008971618488430977
540	0.006923514883965254
541	0.0077830166555941105
542	0.006431940943002701
543	0.0080466503277421
544	0.009430497884750366
545	0.009873829782009125
546	0.013448729179799557
547	0.01512791495770216
548	0.008603422902524471
549	0.011062927544116974
550	0.01227810513228178
551	0.011599204502999783
552	0.009533889591693878
553	0.015038860030472279
554	0.015803297981619835
555	0.013553875498473644
556	0.014726117253303528
557	0.012028268538415432
558	0.011261398904025555
559	0.015880059450864792
560	0.013493589125573635
561	0.01004141103476286
562	0.013317512348294258
563	0.012155835516750813
564	0.013217562809586525
565	0.0140658188611269
566	0.009610872715711594
567	0.009558181278407574
568	0.007821611128747463
569	0.009594539180397987
570	0.00981997698545456
571	0.010688751004636288
572	0.00974586047232151
573	0.007128218654543161
574	0.00801311619579792
575	0.008176120929419994
576	0.008017972111701965
577	0.007674506399780512
578	0.008840314112603664
579	0.007286216598004103
580	0.009481358341872692
581	0.012084315530955791
582	0.013364595361053944
583	0.01076248288154602
584	0.010768849402666092
585	0.012533294968307018
586	0.01232130452990532
587	0.01764541119337082
588	0.013932510279119015
589	0.012304230593144894
590	0.016993295401334763
591	0.014134279452264309
592	0.01906372793018818
593	0.01947067119181156
594	0.015142078511416912
595	0.016810623928904533
596	0.013689170591533184
597	0.012920019216835499
598	0.011509931646287441
599	0.015868470072746277
600	0.017967326566576958
601	0.009452077560126781
602	0.010361205786466599
603	0.011245754547417164
604	0.019958896562457085
605	0.018048448488116264
606	0.017173103988170624
607	0.01581607572734356
608	0.013856926932930946
609	0.013317996636033058
610	0.014103123918175697
611	0.017438853159546852
612	0.016155390068888664
613	0.012579957954585552
614	0.013512814417481422
615	0.011917822062969208
616	0.012479724362492561
617	0.014088991098105907
618	0.009998254477977753
619	0.009396976791322231
620	0.012945306487381458
621	0.01203000545501709
622	0.019933192059397697
623	0.012288406491279602
624	0.013179386034607887
625	0.013953745365142822
626	0.02065008506178856
627	0.020262593403458595
628	0.019284242764115334
629	0.014940991997718811
630	0.013497945852577686
631	0.016524655744433403
632	0.016180867329239845
633	0.013253218494355679
634	0.012622370384633541
635	0.016444358974695206
636	0.014214313589036465
637	0.017771540209650993
638	0.013697417452931404
639	0.015547274611890316
640	0.019703030586242676
641	0.01833970844745636
642	0.01594533585011959
643	0.014358224347233772
644	0.012973037548363209
645	0.018184371292591095
646	0.011029227636754513
647	0.009397855959832668
648	0.011388198472559452
649	0.013376097194850445
650	0.01190250925719738
651	0.01567140594124794
652	0.01212213933467865
653	0.011463897302746773
654	0.012747230939567089
655	0.014840925112366676
656	0.011701246723532677
657	0.0127865020185709
658	0.011051644571125507
659	0.009814160875976086
660	0.013139081187546253
661	0.013299062848091125
662	0.010173424147069454
663	0.011085479520261288
664	0.010052787140011787
665	0.01265630405396223
666	0.01139421109110117
667	0.011720973066985607
668	0.014058149419724941
669	0.014549058862030506
670	0.01231881882995367
671	0.01110625360161066
672	0.011222059838473797
673	0.01023243460804224
674	0.00720157939940691
675	0.008967140689492226
676	0.01107191015034914
677	0.010342685505747795
678	0.009413621388375759
679	0.008981219492852688
680	0.010638306848704815
681	0.008218169212341309
682	0.009396458975970745
683	0.010863670147955418
684	0.00954502820968628
685	0.012522416189312935
686	0.01227529626339674
687	0.009961005300283432
688	0.011027590371668339
689	0.010147027671337128
690	0.009774351492524147
691	0.008441095240414143
692	0.011384694837033749
693	0.013384354300796986
694	0.010369992814958096
695	0.01206060778349638
696	0.010095573030412197
697	0.015190116129815578
698	0.015031573362648487
699	0.010727318935096264
700	0.010094010271131992
701	0.0074422224424779415
702	0.006531159859150648
703	0.007632772903889418
704	0.009333877824246883
705	0.0074110920540988445
706	0.009105599485337734
707	0.007206729147583246
708	0.008855490945279598
709	0.010004972107708454
710	0.010000035166740417
711	0.011375026777386665
712	0.010703669860959053
713	0.012023507617413998
714	0.015977174043655396
715	0.01157923974096775
716	0.009609924629330635
717	0.008610869757831097
718	0.0068130092695355415
719	0.007611849345266819
720	0.007094778120517731
721	0.007625408470630646
722	0.00948451180011034
723	0.00690937926992774
724	0.0068311127834022045
725	0.00857748556882143
726	0.008043602108955383
727	0.005069648381322622
728	0.00447001913562417
729	0.004801375325769186
730	0.004817016888409853
731	0.005156574305146933
732	0.0053297351114451885
733	0.004388235043734312
734	0.004397432319819927
735	0.004302428103983402
736	0.0042033265344798565
737	0.004706654231995344
738	0.004954449366778135
739	0.0037434210535138845
740	0.00419306755065918
741	0.004162962082773447
742	0.00428036879748106
743	0.005138694774359465
744	0.003582353936508298
745	0.004203395452350378
746	0.004140400793403387
747	0.004580873996019363
748	0.0048528509214520454
749	0.004004067275673151
750	0.0039289179258048534
751	0.005198916886001825
752	0.004745842423290014
753	0.004134808667004108
754	0.004342912696301937
755	0.005072723608464003
756	0.005502553191035986
757	0.005548720248043537
758	0.0036952272057533264
759	0.0053877332247793674
760	0.004555850755423307
761	0.0043172687292099
762	0.0057472833432257175
763	0.0051943520084023476
764	0.006275950465351343
765	0.0061804004944860935
766	0.006307646632194519
767	0.007608491461724043
768	0.013260087929666042
769	0.01302609033882618
770	0.013743146322667599
771	0.01150330901145935
772	0.009998313151299953
773	0.01710120029747486
774	0.0939330980181694
775	0.02156992070376873
776	0.01531914807856083
777	0.02195020392537117
778	0.012482952326536179
779	0.012463457882404327
780	0.01568782888352871
781	0.02202487550675869
782	0.015066871419548988
783	0.013414914719760418
784	0.011486837640404701
785	0.01671816222369671
786	0.010215654969215393
787	0.010037017054855824
788	0.01143486239016056
789	0.009357561357319355
790	0.011166569776833057
791	0.011360478587448597
792	0.01010237168520689
793	0.010007616132497787
794	0.009361719712615013
795	0.00972263514995575
796	0.00971179362386465
797	0.009462370537221432
798	0.010495290160179138
799	0.01000004168599844
800	0.011837729252874851
801	0.009653463028371334
802	0.009652923792600632
803	0.01048783864825964
804	0.009115362539887428
805	0.010534700937569141
806	0.012303573079407215
807	0.009921298362314701
808	0.008351474069058895
809	0.005923136603087187
810	0.007490350399166346
811	0.007987359538674355
812	0.00797234009951353
813	0.00710754981264472
814	0.00583890825510025
815	0.007266649045050144
816	0.00744200125336647
817	0.007936027832329273
818	0.007348240818828344
819	0.008570514619350433
820	0.011061294004321098
821	0.007465575821697712
822	0.01066733617335558
823	0.010470663197338581
824	0.010246515274047852
825	0.010054326616227627
826	0.012769187800586224
827	0.014284982345998287
828	0.009217244572937489
829	0.008496199734508991
830	0.010217830538749695
831	0.008252495899796486
832	0.006611366756260395
833	0.004998430609703064
834	0.006431723479181528
835	0.00568143418058753
836	0.005132497288286686
837	0.005994659382849932
838	0.005818367004394531
839	0.006015595979988575
840	0.0056625837460160255
841	0.006196511443704367
842	0.005691017489880323
843	0.005376198794692755
844	0.006570066791027784
845	0.008592421188950539
846	0.0067733945325016975
847	0.007203337736427784
848	0.006104287691414356
849	0.007127877324819565
850	0.008489410392940044
851	0.00925090815871954
852	0.009011889807879925
853	0.01053282618522644
854	0.010742666199803352
855	0.008910764940083027
856	0.007645695004612207
857	0.009450100362300873
858	0.01198327075690031
859	0.012361425906419754
860	0.011690301820635796
861	0.011940822005271912
862	0.012248490937054157
863	0.010862395167350769
864	0.012253455817699432
865	0.010420100763440132
866	0.010607984848320484
867	0.01071812491863966
868	0.010380403138697147
869	0.010019524954259396
870	0.0102253258228302
871	0.007766864728182554
872	0.006234982516616583
873	0.007529336493462324
874	0.004184175282716751
875	0.00800397526472807
876	0.005559431854635477
877	0.005402524955570698
878	0.004705642815679312
879	0.005302262958139181
880	0.00883946567773819
881	0.008137892000377178
882	0.008473033085465431
883	0.014172926545143127
884	0.015171991661190987
885	0.010789035819470882
886	0.011486285366117954
887	0.015592641197144985
888	0.014310294762253761
889	0.016062522307038307
890	0.01653878204524517
891	0.011418306268751621
892	0.012903274968266487
893	0.01544196903705597
894	0.011726691387593746
895	0.020999660715460777
896	0.01353555079549551
897	0.011834288015961647
898	0.017495451495051384
899	0.018443236127495766
900	0.018474431708455086
901	0.020098743960261345
902	0.018175572156906128
903	0.014973846264183521
904	0.017253315076231956
905	0.014902961440384388
906	0.014825873076915741
907	0.0136991236358881
908	0.016333846375346184
909	0.013066144660115242
910	0.0087694451212883
911	0.01278831996023655
912	0.0146228251978755
913	0.012622124515473843
914	0.009674081578850746
915	0.007415106054395437
916	0.007369851227849722
917	0.012429594062268734
918	0.01558700855821371
919	0.013729378581047058
920	0.008033879101276398
921	0.01138316374272108
922	0.009301656857132912
923	0.0088072894141078
924	0.015769755467772484
925	0.012617716565728188
926	0.01200786978006363
927	0.015602394938468933
928	0.014196733012795448
929	0.013178250752389431
930	0.013483176939189434
931	0.013635540381073952
932	0.013036905787885189
933	0.017803741618990898
934	0.02387564443051815
935	0.01577703095972538
936	0.015094864182174206
937	0.0236654132604599
938	0.021584218367934227
939	0.019827192649245262
940	0.018375733867287636
941	0.018605723977088928
942	0.017168104648590088
943	0.017826873809099197
944	0.018526438623666763
945	0.037655770778656006
946	0.032587211579084396
947	0.021739831194281578
948	0.021175814792513847
949	0.03473266586661339
950	0.03705573454499245
951	0.029169250279664993
952	0.029537677764892578
953	0.024315208196640015
954	0.017386216670274734
955	0.02106071263551712
956	0.0331052802503109
957	0.06023668125271797
958	0.02393854595720768
959	0.02931789867579937
960	0.04287981241941452
961	0.030767083168029785
962	0.03488670662045479
963	0.02225450798869133
964	0.02948448620736599
965	0.031443264335393906
966	0.020424634218215942
967	0.022574791684746742
968	0.016428938135504723
969	0.01439867913722992
970	0.011179918423295021
971	0.01298081036657095
972	0.010949629358947277
973	0.009793977253139019
974	0.012077080085873604
975	0.009265245869755745
976	0.00875683594495058
977	0.007511948235332966
978	0.007868229411542416
979	0.008804974146187305
980	0.01090154331177473
981	0.008104010485112667
982	0.008296112529933453
983	0.00983423925936222
984	0.012959658168256283
985	0.01689622737467289
986	0.010598836466670036
987	0.01063336618244648
988	0.009381839074194431
989	0.013409808278083801
990	0.012174323201179504
991	0.017161980271339417
992	0.013151684775948524
993	0.013126373291015625
994	0.012705591507256031
995	0.01226426474750042
996	0.012706189416348934
997	0.014996699057519436
998	0.012430357746779919
999	0.014714211225509644
1000	0.013665370643138885
1001	0.010783612728118896
1002	0.011269940994679928
1003	0.014433550648391247
1004	0.01600060798227787
1005	0.01414687093347311
1006	0.013585534878075123
1007	0.015468062832951546
1008	0.01336832344532013
1009	0.011989935301244259
1010	0.01012845616787672
1011	0.015536852180957794
1012	0.01241226401180029
1013	0.012539947405457497
1014	0.011896630749106407
1015	0.015505248680710793
1016	0.00975522305816412
1017	0.01229489129036665
1018	0.009794074110686779
1019	0.012952606193721294
1020	0.011358862742781639
1021	0.013671822845935822
1022	0.011625969782471657
1023	0.011058934032917023
1024	0.011286863125860691
1025	0.011500714346766472
1026	0.01326684094965458
1027	0.011142158880829811
1028	0.009725493378937244
1029	0.01251321192830801
1030	0.013783021830022335
1031	0.016002831980586052
1032	0.017750738188624382
1033	0.01692342199385166
1034	0.008292500860989094
1035	0.009418106637895107
1036	0.010144096799194813
1037	0.014323561452329159
1038	0.013273782096803188
1039	0.009485146962106228
1040	0.009678361006081104
1041	0.010952620767056942
1042	0.01052613090723753
1043	0.008714056573808193
1044	0.01280221063643694
1045	0.009535680525004864
1046	0.011027485132217407
1047	0.00805856753140688
1048	0.010570686310529709
1049	0.008986091241240501
1050	0.00933761429041624
1051	0.008545087650418282
1052	0.009923055768013
1053	0.00938017200678587
1054	0.005619409028440714
1055	0.007808177266269922
1056	0.006093914154917002
1057	0.0054308027029037476
1058	0.004832122009247541
1059	0.005132959224283695
1060	0.004800909664481878
1061	0.0036023661959916353
1062	0.003501108381897211
1063	0.0036939990241080523
1064	0.0034602114465087652
1065	0.003944284748286009
1066	0.004043848253786564
1067	0.004044456873089075
1068	0.0042174626141786575
1069	0.004602803383022547
1070	0.003803582862019539
1071	0.005558097269386053
1072	0.004745072219520807
1073	0.004197410773485899
1074	0.0047040232457220554
1075	0.005314885172992945
1076	0.004198397975414991
1077	0.0054796114563941956
1078	0.005335803609341383
1079	0.004862717818468809
1080	0.005837257485836744
1081	0.005140726920217276
1082	0.005161455366760492
1083	0.005576730705797672
1084	0.005594406742602587
1085	0.006509840488433838
1086	0.004955110605806112
1087	0.004529997240751982
1088	0.005539468489587307
1089	0.005130174104124308
1090	0.004932274576276541
1091	0.00589745631441474
1092	0.00533977011218667
1093	0.005505677312612534
1094	0.005841962993144989
1095	0.005352930165827274
1096	0.007698732893913984
1097	0.006812273059040308
1098	0.008945285342633724
1099	0.008959002792835236
1100	0.009077407419681549
1101	0.01038875337690115
1102	0.010126623325049877
1103	0.010862740688025951
1104	0.014838027767837048
1105	0.017243357375264168
1106	0.011523640714585781
1107	0.012233655899763107
1108	0.01452093105763197
1109	0.01204043161123991
1110	0.013893443159759045
1111	0.011413122527301311
1112	0.012216085568070412
1113	0.01122978050261736
1114	0.01057365071028471
1115	0.009926642291247845
1116	0.009561567567288876
1117	0.010825145058333874
1118	0.011420031078159809
1119	0.015039907768368721
1120	0.024199115112423897
1121	0.06924643367528915
1122	0.314580500125885
1123	0.019150983542203903
1124	0.019974594935774803
1125	0.04646182805299759
1126	0.028009265661239624
1127	0.019797436892986298
1128	0.03706081584095955
1129	0.057170040905475616
1130	0.01837843842804432
1131	0.09988322108983994
1132	0.3819287121295929
1133	0.48434504866600037
1134	0.4276476502418518
1135	0.5679238438606262
1136	0.6583503484725952
1137	0.7672873139381409
1138	0.5631316304206848
1139	0.5462446212768555
1140	0.6135318875312805
1141	0.1335648149251938
1142	0.5372706055641174
1143	0.2621740698814392
1144	0.03770419582724571
1145	0.010525712743401527
1146	0.012702325358986855
1147	0.009282494895160198
1148	0.01068392675369978
1149	0.009635314345359802
1150	0.009304414503276348
1151	0.007882378064095974
1152	0.010194477625191212
1153	0.008957475423812866
1154	0.008382180705666542
1155	0.008816073648631573
1156	0.010229180566966534
1157	0.007095427718013525
1158	0.007030296605080366
1159	0.02102901041507721
1160	0.008059675805270672
1161	0.010093512944877148
1162	0.0063995192758738995
1163	0.005805842112749815
1164	0.007152365054935217
1165	0.005653467960655689
1166	0.00575109850615263
1167	0.006182108540087938
1168	0.0073851956985890865
1169	0.004440588410943747
1170	0.005371562205255032
1171	0.006691206246614456
1172	0.0098422197625041
1173	0.017842767760157585
1174	0.013300199992954731
1175	0.012673750519752502
1176	0.015974977985024452
1177	0.02226129174232483
1178	0.021760836243629456
1179	0.0237670186907053
1180	0.02300502173602581
1181	0.022236650809645653
1182	0.01473595667630434
1183	0.010166180320084095
1184	0.009497134946286678
1185	0.014057757332921028
1186	0.014849930070340633
1187	0.016945891082286835
1188	0.014639826491475105
1189	0.015222749672830105
1190	0.016224006190896034
1191	0.015632465481758118
1192	0.017218520864844322
1193	0.017077771946787834
1194	0.024790821596980095
1195	0.019530555233359337
1196	0.03670557215809822
1197	0.027826640754938126
1198	0.03086097538471222
1199	0.025676017627120018
1200	0.019588172435760498
1201	0.017114177346229553
1202	0.010714091360569
1203	0.014437085948884487
1204	0.015410308726131916
1205	0.012398654595017433
1206	0.013011720962822437
1207	0.0164495799690485
1208	0.016145693138241768
1209	0.014826885424554348
1210	0.014283314347267151
1211	0.01835312694311142
1212	0.015213689766824245
1213	0.011947180144488811
1214	0.008780024014413357
1215	0.009754597209393978
1216	0.008332407101988792
1217	0.013119163922965527
1218	0.013846692629158497
1219	0.010839365422725677
1220	0.016043946146965027
1221	0.015854479745030403
1222	0.015415488742291927
1223	0.014500001445412636
1224	0.01662665605545044
1225	0.018084952607750893
1226	0.012030485086143017
1227	0.014760935679078102
1228	0.014704743400216103
1229	0.012370693497359753
1230	0.008764061145484447
1231	0.01632068119943142
1232	0.021292034536600113
1233	0.018545066937804222
1234	0.015264513902366161
1235	0.012783785350620747
1236	0.012954756617546082
1237	0.011964756064116955
1238	0.011348353698849678
1239	0.009677186608314514
1240	0.01413339376449585
1241	0.012715242803096771
1242	0.019794005900621414
1243	0.016766756772994995
1244	0.01294495165348053
1245	0.015323090367019176
1246	0.01713724061846733
1247	0.01641186513006687
1248	0.0095450971275568
1249	0.017052819952368736
1250	0.011005536653101444
1251	0.010904735885560513
1252	0.011987842619419098
1253	0.01705041341483593
1254	0.015608424320816994
1255	0.013220259919762611
1256	0.014042801223695278
1257	0.015936745330691338
1258	0.009642074815928936
1259	0.010882476344704628
1260	0.017181003466248512
1261	0.016841718927025795
1262	0.011976773850619793
1263	0.013603192754089832
1264	0.010283381678164005
1265	0.010344517417252064
1266	0.012708554975688457
1267	0.017824333161115646
1268	0.01094320323318243
1269	0.013282962143421173
1270	0.010536818765103817
1271	0.012319742701947689
1272	0.015967825427651405
1273	0.014505497179925442
1274	0.01585504040122032
1275	0.01475063432008028
1276	0.014187894761562347
1277	0.020249489694833755
1278	0.017112556844949722
1279	0.013618570752441883
1280	0.014006546698510647
1281	0.01484649907797575
1282	0.008914502337574959
1283	0.008775272406637669
1284	0.008465002290904522
1285	0.00817663874477148
1286	0.00892771314829588
1287	0.011288891546428204
1288	0.013644051738083363
1289	0.010593648068606853
1290	0.008860393427312374
1291	0.011255289427936077
1292	0.006558542139828205
1293	0.006148518994450569
1294	0.008028574287891388
1295	0.005966785829514265
1296	0.005888720508664846
1297	0.007712353952229023
1298	0.007158782333135605
1299	0.007133183069527149
1300	0.006539446301758289
1301	0.006416071206331253
1302	0.006233205087482929
1303	0.00609603663906455
1304	0.006975998170673847
1305	0.00687451520934701
1306	0.0102092195302248
1307	0.008335395716130733
1308	0.007141395937651396
1309	0.007093199994415045
1310	0.008168128319084644
1311	0.0065658497624099255
1312	0.007455588784068823
1313	0.006646838970482349
1314	0.007265047635883093
1315	0.0070726992562413216
1316	0.007610051427036524
1317	0.007349519524723291
1318	0.007857974618673325
1319	0.007397542241960764
1320	0.007353135850280523
1321	0.00784352608025074
1322	0.006573969032615423
1323	0.006756267044693232
1324	0.006263213697820902
1325	0.0060601080767810345
1326	0.00723677221685648
1327	0.005425041075795889
1328	0.006091925781220198
1329	0.008631417527794838
1330	0.007987738586962223
1331	0.006883138325065374
1332	0.005514278542250395
1333	0.005552304442971945
1334	0.0057355682365596294
1335	0.008194129914045334
1336	0.008033177815377712
1337	0.009073172695934772
1338	0.007053488399833441
1339	0.007176890969276428
1340	0.006194249726831913
1341	0.005768302828073502
1342	0.006431216839700937
1343	0.005065229721367359
1344	0.006277748849242926
1345	0.0054573845118284225
1346	0.0055244797840714455
1347	0.00575792184099555
1348	0.005927808117121458
1349	0.0048502422869205475
1350	0.0053495015017688274
1351	0.0049966201186180115
1352	0.003594357520341873
1353	0.0036485865712165833
1354	0.004375915974378586
1355	0.0032045585103332996
1356	0.00438903970643878
1357	0.004356036428362131
1358	0.004471513908356428
1359	0.004611046519130468
1360	0.004477375652641058
1361	0.004268050193786621
1362	0.004063218366354704
1363	0.003950531128793955
1364	0.003687553806230426
1365	0.004847773350775242
1366	0.005718472879379988
1367	0.004709636326879263
1368	0.004712969064712524
1369	0.004945586901158094
1370	0.00600854679942131
1371	0.005488273687660694
1372	0.0056862919591367245
1373	0.004733647685497999
1374	0.004392212722450495
1375	0.005043264012783766
1376	0.005746844690293074
1377	0.005347792059183121
1378	0.006589341443032026
1379	0.008072986267507076
1380	0.010309244506061077
1381	0.012600592337548733
1382	0.009731215424835682
1383	0.010759251192212105
1384	0.014009281992912292
1385	0.013507074676454067
1386	0.013030222617089748
1387	0.010981187224388123
1388	0.023522308096289635
1389	0.015979895368218422
1390	0.013567700982093811
1391	0.021127521991729736
1392	0.01653405651450157
1393	0.016245892271399498
1394	0.012808077037334442
1395	0.011698096990585327
1396	0.014746114611625671
1397	0.01635397970676422
1398	0.018938133493065834
1399	0.017410552129149437
1400	0.019779933616518974
1401	0.024382680654525757
1402	0.01972196437418461
1403	0.017797918990254402
1404	0.01871849223971367
1405	0.01564544253051281
1406	0.01971748284995556
1407	0.015564711764454842
1408	0.05694549158215523
1409	0.019958199933171272
1410	0.05590493232011795
1411	0.18834753334522247
1412	0.40725040435791016
1413	0.17313909530639648
1414	0.2983222007751465
1415	0.2628647983074188
1416	0.47783151268959045
1417	0.697791337966919
1418	0.8780871629714966
1419	0.879486083984375
1420	0.6744652986526489
1421	0.3310403823852539
1422	0.048813264816999435
1423	0.02163163386285305
1424	0.01000728365033865
1425	0.00939633883535862
1426	0.010905252769589424
1427	0.010280399583280087
1428	0.010226935148239136
1429	0.011177992448210716
1430	0.010639111511409283
1431	0.011340935714542866
1432	0.011223570443689823
1433	0.00782234687358141
1434	0.008347438648343086
1435	0.00770177785307169
1436	0.009057924151420593
1437	0.00726304342970252
1438	0.007243831641972065
1439	0.008851103484630585
1440	0.011356741189956665
1441	0.008739903569221497
1442	0.00725839426741004
1443	0.008177737705409527
1444	0.010162386111915112
1445	0.007393525447696447
1446	0.0070730820298194885
1447	0.0086549436673522
1448	0.01087154634296894
1449	0.012591547332704067
1450	0.010608594864606857
1451	0.010637861676514149
1452	0.009888988919556141
1453	0.012028745375573635
1454	0.009715015068650246
1455	0.011304382234811783
1456	0.009961484931409359
1457	0.0075172851793468
1458	0.008279076777398586
1459	0.008735581301152706
1460	0.009721777401864529
1461	0.009065198712050915
1462	0.008326363749802113
1463	0.009030318818986416
1464	0.006878662388771772
1465	0.00972525030374527
1466	0.00697960564866662
1467	0.009798279963433743
1468	0.009362101554870605
1469	0.010192773304879665
1470	0.008596253581345081
1471	0.010443197563290596
1472	0.008572417311370373
1473	0.010013962164521217
1474	0.008797659538686275
1475	0.007330562919378281
1476	0.011328638531267643
1477	0.008030814118683338
1478	0.006844878196716309
1479	0.0073975431732833385
1480	0.007262490224093199
1481	0.007538306061178446
1482	0.0073155807331204414
1483	0.0070491209626197815
1484	0.008410145528614521
1485	0.007326021790504456
1486	0.007950185798108578
1487	0.009347579441964626
1488	0.009429305791854858
1489	0.010451889596879482
1490	0.009416830725967884
1491	0.015184545889496803
1492	0.011795124039053917
1493	0.013099314644932747
1494	0.011619334109127522
1495	0.013882073573768139
1496	0.012246894650161266
1497	0.010409045033156872
1498	0.011083257384598255
1499	0.011713619343936443
1500	0.011195563711225986
1501	0.013929450884461403
1502	0.01287181954830885
1503	0.01147900428622961
1504	0.013802272267639637
1505	0.0170343816280365
1506	0.016472578048706055
1507	0.014393309131264687
1508	0.011499093845486641
1509	0.014414670877158642
1510	0.012620607390999794
1511	0.013080394826829433
1512	0.012348613701760769
1513	0.013279043138027191
1514	0.019232917577028275
1515	0.022668873891234398
1516	0.05508486181497574
1517	0.13847053050994873
1518	0.15628646314144135
1519	0.3811635673046112
1520	0.40249305963516235
1521	0.15514227747917175
1522	0.04521527886390686
1523	0.2206956148147583
1524	0.027006981894373894
1525	0.03788239508867264
1526	0.3924984037876129
1527	0.5131326913833618
1528	0.6071895956993103
1529	0.7699934840202332
1530	0.7615300416946411
1531	0.7311567664146423
1532	0.39030760526657104
1533	0.34571704268455505
1534	0.511368989944458
1535	0.3552887737751007
1536	0.49550458788871765
1537	0.5563915967941284
1538	0.12518952786922455
1539	0.0911877229809761
1540	0.306885689496994
1541	0.1751856654882431
1542	0.563943088054657
1543	0.08591540902853012
1544	0.0159043837338686
1545	0.010434755124151707
1546	0.010847300291061401
1547	0.010946291498839855
1548	0.009787342511117458
1549	0.008628692477941513
1550	0.010018664412200451
1551	0.010153389535844326
1552	0.010765040293335915
1553	0.007930190302431583
1554	0.008996454998850822
1555	0.010188941843807697
1556	0.00979001447558403
1557	0.009316978976130486
1558	0.008024558424949646
1559	0.0076567563228309155
1560	0.008059284649789333
1561	0.007852590642869473
1562	0.008608589880168438
1563	0.012729561887681484
1564	0.0099232392385602
1565	0.00926890131086111
1566	0.00504454318434
1567	0.0055847023613750935
1568	0.0027007462922483683
1569	0.003864363534376025
1570	0.006061044987291098
1571	0.008678555488586426
1572	0.005182504188269377
1573	0.007566634565591812
1574	0.01021287776529789
1575	0.014166108332574368
1576	0.012328892014920712
1577	0.010194245725870132
1578	0.008362437598407269
1579	0.009220777079463005
1580	0.011866338551044464
1581	0.009739178232848644
1582	0.008465448394417763
1583	0.007603576872497797
1584	0.007449429016560316
1585	0.009663172997534275
1586	0.008619921281933784
1587	0.01131923496723175
1588	0.012401497922837734
1589	0.007704046554863453
1590	0.009435288608074188
1591	0.01011707540601492
1592	0.012020708993077278
1593	0.010866934433579445
1594	0.010929993353784084
1595	0.00845422875136137
1596	0.009371163323521614
1597	0.013082529418170452
1598	0.018158437684178352
1599	0.013844887726008892
1600	0.00868392176926136
1601	0.009183547459542751
1602	0.008380052633583546
1603	0.009185828268527985
1604	0.00829992163926363
1605	0.00957461167126894
1606	0.012847328558564186
1607	0.015807796269655228
1608	0.018821164965629578
1609	0.014516445808112621
1610	0.012899867258965969
1611	0.013119700364768505
1612	0.011673209257423878
1613	0.012164737097918987
1614	0.014227965846657753
1615	0.012664861045777798
1616	0.01104810368269682
1617	0.012669116258621216
1618	0.012584109790623188
1619	0.010784617625176907
1620	0.009815225377678871
1621	0.009984046220779419
1622	0.010798433795571327
1623	0.010510182939469814
1624	0.009850403293967247
1625	0.008296613581478596
1626	0.008741113357245922
1627	0.00977572612464428
1628	0.009451004676520824
1629	0.009039073251187801
1630	0.007210331503301859
1631	0.006698746234178543
1632	0.010765486396849155
1633	0.009135213680565357
1634	0.009270497597754002
1635	0.009914087131619453
1636	0.00998585857450962
1637	0.009278863668441772
1638	0.011091266758739948
1639	0.01293318159878254
1640	0.012594311498105526
1641	0.010728977620601654
1642	0.012064815498888493
1643	0.01681770384311676
1644	0.013050663284957409
1645	0.01330080907791853
1646	0.01396193541586399
1647	0.01257738471031189
1648	0.012524676509201527
1649	0.011938636191189289
1650	0.010067818686366081
1651	0.009180917404592037
1652	0.009760130196809769
1653	0.011164200492203236
1654	0.01034095510840416
1655	0.010332741774618626
1656	0.011651835404336452
1657	0.009746754541993141
1658	0.011708158068358898
1659	0.013336718082427979
1660	0.013325187377631664
1661	0.012826258316636086
1662	0.011839798651635647
1663	0.011418825946748257
1664	0.012077000923454762
1665	0.015902239829301834
1666	0.014080718159675598
1667	0.012759019620716572
1668	0.01577853411436081
1669	0.012208095751702785
1670	0.015103560872375965
1671	0.010311707854270935
1672	0.010970628820359707
1673	0.010838040150702
1674	0.012476990930736065
1675	0.011792308650910854
1676	0.010647146962583065
1677	0.010801833122968674
1678	0.0141585199162364
1679	0.010357676073908806
1680	0.011477087624371052
1681	0.011838942766189575
1682	0.011435404419898987
1683	0.01048077642917633
1684	0.009981447830796242
1685	0.010054467245936394
1686	0.00816407985985279
1687	0.00945750530809164
1688	0.007765392307192087
1689	0.009360136464238167
1690	0.008131866343319416
1691	0.009050671011209488
1692	0.009303150698542595
1693	0.010345669463276863
1694	0.010170956142246723
1695	0.01138328481465578
1696	0.009595982730388641
1697	0.010049683041870594
1698	0.01033382024616003
1699	0.009091705083847046
1700	0.008363357745110989
1701	0.01172396820038557
1702	0.012912203557789326
1703	0.009378139860928059
1704	0.011845390312373638
1705	0.009858302772045135
1706	0.010128648951649666
1707	0.01139847096055746
1708	0.010971087031066418
1709	0.011749221943318844
1710	0.008760285563766956
1711	0.009037832729518414
1712	0.011452696286141872
1713	0.013940286822617054
1714	0.013054760172963142
1715	0.01041712611913681
1716	0.008977530524134636
1717	0.007600732147693634
1718	0.00901681650429964
1719	0.009093894623219967
1720	0.011202940717339516
1721	0.010569648817181587
1722	0.009351457469165325
1723	0.01072047557681799
1724	0.008546910248696804
1725	0.009871321730315685
1726	0.011646303348243237
1727	0.008323664776980877
1728	0.008724866434931755
1729	0.00794003065675497
1730	0.008924363180994987
1731	0.00985232274979353
1732	0.00976176094263792
1733	0.008831612765789032
1734	0.009446647949516773
1735	0.007864989340305328
1736	0.006298036780208349
1737	0.007129068020731211
1738	0.006565538235008717
1739	0.005631663370877504
1740	0.004827294498682022
1741	0.0047601996921002865
1742	0.004865931812673807
1743	0.004800898022949696
1744	0.004228017758578062
1745	0.0047024572268128395
1746	0.004969549831002951
1747	0.004656258970499039
1748	0.00600043311715126
1749	0.004534515086561441
1750	0.004335514735430479
1751	0.004461233504116535
1752	0.004715036600828171
1753	0.004553674720227718
1754	0.004178968723863363
1755	0.004510349594056606
1756	0.004577638115733862
1757	0.003852149238809943
1758	0.004029569216072559
1759	0.003413829719647765
1760	0.0032948104199022055
1761	0.0034128092229366302
1762	0.0038609409239143133
1763	0.0036242983769625425
1764	0.003261314006522298
1765	0.003485351102426648
1766	0.004009775351732969
1767	0.005403261166065931
1768	0.005013848189264536
1769	0.005052804946899414
1770	0.0058073848485946655
1771	0.005229414440691471
1772	0.00780534977093339
1773	0.006807584315538406
1774	0.007573910057544708
1775	0.006763577461242676
1776	0.006420550402253866
1777	0.005954896565526724
1778	0.006910637952387333
1779	0.008763625286519527
1780	0.007127036340534687
1781	0.008425719104707241
1782	0.009866825304925442
1783	0.008792218752205372
1784	0.008400538936257362
1785	0.0117955869063735
1786	0.009765069000422955
1787	0.01035082247108221
1788	0.009968085214495659
1789	0.010680155828595161
1790	0.008794240653514862
1791	0.010416041128337383
1792	0.008327699266374111
1793	0.013585293665528297
1794	0.018506351858377457
1795	0.014180460944771767
1796	0.014030101709067822
1797	0.01553617138415575
1798	0.012293524108827114
1799	0.019651049748063087
1800	0.012084848247468472
1801	0.013660524971783161
1802	0.01203630305826664
1803	0.01782660000026226
1804	0.019289223477244377
1805	0.023520758375525475
1806	0.03385014459490776
1807	0.04951029643416405
1808	0.039751287549734116
1809	0.05633663013577461
1810	0.06448142975568771
1811	0.09813962876796722
1812	0.2021353542804718
1813	0.22930799424648285
1814	0.23775601387023926
1815	0.2500671148300171
1816	0.27577176690101624
1817	0.23533563315868378
1818	0.21935205161571503
1819	0.4679313600063324
1820	0.29505959153175354
1821	0.3084534704685211
1822	0.4705629348754883
1823	0.694401741027832
1824	0.6273446083068848
1825	0.7257934808731079
1826	0.7631832957267761
1827	0.7292953729629517
1828	0.6921844482421875
1829	0.6187531352043152
1830	0.8298018574714661
1831	0.7704383134841919
1832	0.8749693036079407
1833	0.9319761395454407
1834	0.9591863751411438
1835	0.964242160320282
1836	0.938869297504425
1837	0.3287563920021057
1838	0.2913357615470886
1839	0.5167049169540405
1840	0.0667150542140007
1841	0.026898061856627464
1842	0.025089694187045097
1843	0.009840733371675014
1844	0.008235146291553974
1845	0.00865719374269247
1846	0.012203441932797432
1847	0.010793405584990978
1848	0.032432060688734055
1849	0.2843085825443268
1850	0.527622401714325
1851	0.681636393070221
1852	0.7627863883972168
1853	0.35287991166114807
1854	0.01684649847447872
1855	0.006984558887779713
1856	0.004531153477728367
1857	0.005204356275498867
1858	0.0045538898557424545
1859	0.00600302591919899
1860	0.009550073184072971
1861	0.015864089131355286
1862	0.017280174419283867
1863	0.011792649514973164
1864	0.010297611355781555
1865	0.012452680617570877
1866	0.006400625687092543
1867	0.006501664873212576
1868	0.006669489201158285
1869	0.006208458449691534
1870	0.007234042976051569
1871	0.013943681493401527
1872	0.015162045136094093
1873	0.01727098971605301
1874	0.011623277328908443
1875	0.01199309155344963
1876	0.009396669454872608
1877	0.008786924183368683
1878	0.010854561813175678
1879	0.015792379155755043
1880	0.01835509203374386
1881	0.019778786227107048
1882	0.019894510507583618
1883	0.011154042556881905
1884	0.00944542232900858
1885	0.010847277007997036
1886	0.022811666131019592
1887	0.014751824550330639
1888	0.01521235704421997
1889	0.012138230726122856
1890	0.009759080596268177
1891	0.01168612390756607
1892	0.01422087848186493
1893	0.013830700889229774
1894	0.012966384179890156
1895	0.015658492222428322
1896	0.01250401046127081
1897	0.009756776504218578
1898	0.00759473443031311
1899	0.00627440819516778
1900	0.009598291479051113
1901	0.010122467763721943
1902	0.01278648991137743
1903	0.012225927785038948
1904	0.017230326309800148
1905	0.016004879027605057
1906	0.015717748552560806
1907	0.01696968264877796
1908	0.023076456040143967
1909	0.016341781243681908
1910	0.011821793392300606
1911	0.016466138884425163
1912	0.014972761273384094
1913	0.013132003135979176
1914	0.011805851012468338
1915	0.01140303909778595
1916	0.007351422216743231
1917	0.009850773960351944
1918	0.00757628446444869
1919	0.00905873067677021
1920	0.012576140463352203
1921	0.006390680558979511
1922	0.010321547277271748
1923	0.012104489840567112
1924	0.008681136183440685
1925	0.006594597827643156
1926	0.008447590284049511
1927	0.009288091212511063
1928	0.01082585472613573
1929	0.014026227407157421
1930	0.01946484111249447
1931	0.019611509516835213
1932	0.017134174704551697
1933	0.017997389659285545
1934	0.013349080458283424
1935	0.010123915039002895
1936	0.011426372453570366
1937	0.013988791964948177
1938	0.01126058865338564
1939	0.012837551534175873
1940	0.01786940172314644
1941	0.013917696662247181
1942	0.01583818905055523
1943	0.017564674839377403
1944	0.019373957067728043
1945	0.014693153090775013
1946	0.02069844678044319
1947	0.015552297234535217
1948	0.01780948042869568
1949	0.02275955118238926
1950	0.015655094757676125
1951	0.015812397003173828
1952	0.02459654025733471
1953	0.025640029460191727
1954	0.0167906042188406
1955	0.01483102049678564
1956	0.020131254568696022
1957	0.0169543344527483
1958	0.018800869584083557
1959	0.01651076227426529
1960	0.02011958323419094
1961	0.025000039488077164
1962	0.015019289217889309
1963	0.02222125232219696
1964	0.018163612112402916
1965	0.017963577061891556
1966	0.019328312948346138
1967	0.01714995503425598
1968	0.01790052093565464
1969	0.012699918821454048
1970	0.011815043166279793
1971	0.010994588024914265
1972	0.010109580121934414
1973	0.012704076245427132
1974	0.009842336177825928
1975	0.010452832095324993
1976	0.009125418961048126
1977	0.0067041413858532906
1978	0.006677703466266394
1979	0.007471475284546614
1980	0.008632990531623363
1981	0.009789233095943928
1982	0.010496384464204311
1983	0.009299769066274166
1984	0.010946216061711311
1985	0.00831620953977108
1986	0.008780056610703468
1987	0.010443474166095257
1988	0.00992045272141695
1989	0.008390930481255054
1990	0.010445207357406616
1991	0.010251924395561218
1992	0.01039117295295
1993	0.010080342181026936
1994	0.012075688689947128
1995	0.014564761891961098
1996	0.01155474316328764
1997	0.011022503487765789
1998	0.010187151841819286
1999	0.010457831434905529
2000	0.012472743168473244
2001	0.012097092345356941
2002	0.01359986700117588
2003	0.012433900497853756
2004	0.009322245605289936
2005	0.009563698433339596
2006	0.011912288144230843
2007	0.010669424198567867
2008	0.0095845190808177
2009	0.012473990209400654
2010	0.009761454537510872
2011	0.008560188114643097
2012	0.006836924236267805
2013	0.007780759129673243
2014	0.009617544710636139
2015	0.006156285759061575
2016	0.005715380888432264
2017	0.006792612373828888
2018	0.008962759748101234
2019	0.008526035584509373
2020	0.007930698804557323
2021	0.008264884352684021
2022	0.009958187118172646
2023	0.007916842587292194
2024	0.0059512401930987835
2025	0.00650444021448493
2026	0.006057222373783588
2027	0.004956192336976528
2028	0.006337402854114771
2029	0.007745975162833929
2030	0.009882899932563305
2031	0.00905725359916687
2032	0.01138288900256157
2033	0.007688801269978285
2034	0.0075684464536607265
2035	0.007189533207565546
2036	0.007429514080286026
2037	0.007537920959293842
2038	0.007413782179355621
2039	0.009634132497012615
2040	0.009400295093655586
2041	0.007639592979103327
2042	0.009723802097141743
2043	0.00571127375587821
2044	0.006861578207463026
2045	0.006553509272634983
2046	0.007192106451839209
2047	0.004927033092826605
2048	0.005569905508309603
2049	0.0065446048974990845
2050	0.005684449803084135
2051	0.004816078580915928
2052	0.005974043160676956
2053	0.005402933340519667
2054	0.004710653331130743
2055	0.0057282052002847195
2056	0.0049728043377399445
2057	0.0055762953124940395
2058	0.005187963601201773
2059	0.005011353176087141
2060	0.0036924451123923063
2061	0.003524747909978032
2062	0.003830824512988329
2063	0.004245070740580559
2064	0.003858078271150589
2065	0.004289976786822081
2066	0.003318204078823328
2067	0.003621959825977683
2068	0.0036163758486509323
2069	0.0039907414466142654
2070	0.0036251642741262913
2071	0.004393681418150663
2072	0.0043182349763810635
2073	0.0041640824638307095
2074	0.004228522535413504
2075	0.004313814453780651
2076	0.005450050812214613
2077	0.005280703771859407
2078	0.0052634007297456264
2079	0.004324611742049456
2080	0.004485590849071741
2081	0.004774655215442181
2082	0.004800878465175629
2083	0.004814194515347481
2084	0.004442665260285139
2085	0.004388058092445135
2086	0.006803359370678663
2087	0.005035226233303547
2088	0.006357654929161072
2089	0.006113056093454361
2090	0.006677000317722559
2091	0.00593823054805398
2092	0.007540784776210785
2093	0.006904864218086004
2094	0.00734663987532258
2095	0.0077741132117807865
2096	0.007946095429360867
2097	0.009093878790736198
2098	0.00851657148450613
2099	0.008259817026555538
2100	0.008842396549880505
2101	0.008594281040132046
2102	0.010402229614555836
2103	0.009525534696877003
2104	0.014425091445446014
2105	0.015010103583335876
2106	0.012801888398826122
2107	0.013411328196525574
2108	0.017214028164744377
2109	0.016871456056833267
2110	0.013205577619373798
2111	0.015846360474824905
2112	0.020245281979441643
2113	0.0176369808614254
2114	0.022947607561945915
2115	0.01972268894314766
2116	0.022053832188248634
2117	0.061468757688999176
2118	0.09875255823135376
2119	0.043902721256017685
2120	0.06238875538110733
2121	0.34088602662086487
2122	0.25269514322280884
2123	0.0411117747426033
2124	0.33988335728645325
2125	0.5281932353973389
2126	0.6904886960983276
2127	0.8626579642295837
2128	0.9179658889770508
2129	0.8367778658866882
2130	0.9017526507377625
2131	0.8859298825263977
2132	0.7764158248901367
2133	0.9136866927146912
2134	0.9482354521751404
2135	0.933323860168457
2136	0.9684376120567322
2137	0.9615820050239563
2138	0.9373933672904968
2139	0.9667410850524902
2140	0.9833521246910095
2141	0.9567554593086243
2142	0.9401956796646118
2143	0.984713077545166
2144	0.9736688733100891
2145	0.9852542281150818
2146	0.9852626919746399
2147	0.9577862024307251
2148	0.9744059443473816
2149	0.9377471208572388
2150	0.874947726726532
2151	0.8638737797737122
2152	0.8759474754333496
2153	0.8053444027900696
2154	0.829369068145752
2155	0.8828331828117371
2156	0.8702477812767029
2157	0.8339605331420898
2158	0.8554174304008484
2159	0.7805052995681763
2160	0.8856937289237976
2161	0.8328213095664978
2162	0.7497405409812927
2163	0.2505780756473541
2164	0.008096957579255104
2165	0.010261915624141693
2166	0.009072921238839626
2167	0.01249753963202238
2168	0.01959052123129368
2169	0.0435204915702343
2170	0.057310618460178375
2171	0.04360763356089592
2172	0.023186730220913887
2173	0.015145869925618172
2174	0.013198420405387878
2175	0.013344171456992626
2176	0.014434418641030788
2177	0.011942039243876934
2178	0.05452326685190201
2179	0.00802291464060545
2180	0.00592787703499198
2181	0.005691921338438988
2182	0.005467000883072615
2183	0.004868462216109037
2184	0.007650125306099653
2185	0.012809199281036854
2186	0.014206516556441784
2187	0.020585456863045692
2188	0.014646032825112343
2189	0.012544897384941578
2190	0.013582858256995678
2191	0.01586848311126232
2192	0.014841893687844276
2193	0.01451895385980606
2194	0.01541063841432333
2195	0.013872374780476093
2196	0.01214976329356432
2197	0.012760779820382595
2198	0.013011232018470764
2199	0.015296115539968014
2200	0.022006766870617867
2201	0.02207348309457302
2202	0.017779136076569557
2203	0.018181299790740013
2204	0.016417069360613823
2205	0.014700529165565968
2206	0.01377736683934927
2207	0.012235787697136402
2208	0.00953927356749773
2209	0.00976039469242096
2210	0.006719096098095179
2211	0.009098372422158718
2212	0.006656702142208815
2213	0.008210740052163601
2214	0.007254873868077993
2215	0.006405885796993971
2216	0.009027383290231228
2217	0.0061485655605793
2218	0.007736071944236755
2219	0.006659986916929483
2220	0.0104551762342453
2221	0.008244633674621582
2222	0.010843082331120968
2223	0.008213942870497704
2224	0.00852868240326643
2225	0.012866421602666378
2226	0.014775854535400867
2227	0.014878406189382076
2228	0.017179710790514946
2229	0.01966024748980999
2230	0.011991742998361588
2231	0.013182207010686398
2232	0.020956913009285927
2233	0.017495837062597275
2234	0.020120088011026382
2235	0.021768484264612198
2236	0.02361716702580452
2237	0.015598093159496784
2238	0.01575038768351078
2239	0.02224496565759182
2240	0.02946392260491848
2241	0.027167772874236107
2242	0.019510796293616295
2243	0.022950587794184685
2244	0.033336490392684937
2245	0.027961621060967445
2246	0.016635918989777565
2247	0.026171280071139336
2248	0.02761232852935791
2249	0.02020883932709694
2250	0.02211681753396988
2251	0.05350768193602562
2252	0.054523494094610214
2253	0.08824481070041656
2254	0.09701528400182724
2255	0.1284794956445694
2256	0.0424051396548748
2257	0.025133315473794937
2258	0.017558423802256584
2259	0.0349932499229908
2260	0.022529272362589836
2261	0.018768202513456345
2262	0.022296367213129997
2263	0.023582182824611664
2264	0.025537146255373955
2265	0.021794069558382034
2266	0.021325740963220596
2267	0.016822708770632744
2268	0.019516238942742348
2269	0.013793746009469032
2270	0.018634282052516937
2271	0.016877714544534683
2272	0.020167147740721703
2273	0.02459854632616043
2274	0.02111385576426983
2275	0.0207515861839056
2276	0.022045457735657692
2277	0.019889548420906067
2278	0.014262184500694275
2279	0.010463077574968338
2280	0.014972083270549774
2281	0.009641108103096485
2282	0.011212826706469059
2283	0.009713604114949703
2284	0.009570225141942501
2285	0.0075041200034320354
2286	0.006766689009964466
2287	0.007443578448146582
2288	0.006477451417595148
2289	0.008149984292685986
2290	0.01193294022232294
2291	0.009403221309185028
2292	0.007342357188463211
2293	0.007624679710716009
2294	0.007662653923034668
2295	0.0084622697904706
2296	0.006866482086479664
2297	0.009802835993468761
2298	0.007984435185790062
2299	0.005814264062792063
2300	0.008262732066214085
2301	0.007554857525974512
2302	0.0071988217532634735
2303	0.008504870347678661
2304	0.008412827737629414
2305	0.007632044143974781
2306	0.005431566387414932
2307	0.004547945689409971
2308	0.006281665060669184
2309	0.005928751081228256
2310	0.005872390698641539
2311	0.005056979600340128
2312	0.004084170330315828
2313	0.004655659198760986
2314	0.0041184378787875175
2315	0.004606074187904596
2316	0.004195972811430693
2317	0.003859191434457898
2318	0.004255570471286774
2319	0.004108622204512358
2320	0.003692778293043375
2321	0.004041668027639389
2322	0.004112909082323313
2323	0.003765792353078723
2324	0.003911779727786779
2325	0.0037161202635616064
2326	0.0038706453051418066
2327	0.004083938896656036
2328	0.004141743760555983
2329	0.0047375597059726715
2330	0.0042360820807516575
2331	0.004832196049392223
2332	0.0038096250500530005
2333	0.004903899040073156
2334	0.003791154595091939
2335	0.0036952102091163397
2336	0.004785181023180485
2337	0.004779110196977854
2338	0.004590415395796299
2339	0.004730728920549154
2340	0.004754956346005201
2341	0.004580538719892502
2342	0.005606121849268675
2343	0.004955040756613016
2344	0.006240282207727432
2345	0.005815023090690374
2346	0.006115670781582594
2347	0.005362130235880613
2348	0.004932190757244825
2349	0.006189579609781504
2350	0.005733854603022337
2351	0.005816439166665077
2352	0.006375167518854141
2353	0.006154245231300592
2354	0.00619698828086257
2355	0.006771861109882593
2356	0.006607480347156525
2357	0.008957880549132824
2358	0.008641141466796398
2359	0.008027034811675549
2360	0.009920679964125156
2361	0.011763408780097961
2362	0.0101340776309371
2363	0.01489740889519453
2364	0.015249142423272133
2365	0.01199663057923317
2366	0.012741736136376858
2367	0.015472064726054668
2368	0.01290981750935316
2369	0.014444413594901562
2370	0.013524765148758888
2371	0.01558689959347248
2372	0.01574152708053589
2373	0.015932081267237663
2374	0.019908471032977104
2375	0.06478752940893173
2376	0.0339500717818737
2377	0.08183766156435013
2378	0.10395431518554688
2379	0.04623805731534958
2380	0.034756552428007126
2381	0.012067131698131561
2382	0.010315421037375927
2383	0.011135795153677464
2384	0.011343339458107948
2385	0.012415291741490364
2386	0.011954756453633308
2387	0.012003360316157341
2388	0.018231965601444244
2389	0.01506046112626791
2390	0.04900095984339714
2391	0.4697948098182678
2392	0.6262742877006531
2393	0.5354935526847839
2394	0.18821804225444794
2395	0.06786606460809708
2396	0.039015695452690125
2397	0.03893381729722023
2398	0.05234496667981148
2399	0.06550686806440353
2400	0.09882687777280807
2401	0.1271723061800003
2402	0.46480733156204224
2403	0.5664408206939697
2404	0.7626454830169678
2405	0.5424028038978577
2406	0.5922833681106567
2407	0.527247428894043
2408	0.49912071228027344
2409	0.4938283860683441
2410	0.37574049830436707
2411	0.552670955657959
2412	0.5657331347465515
2413	0.6854896545410156
2414	0.754910945892334
2415	0.6922740936279297
2416	0.6747271418571472
2417	0.7727993726730347
2418	0.8097589612007141
2419	0.7593011260032654
2420	0.6677708029747009
2421	0.8334630131721497
2422	0.7718302607536316
2423	0.7421697974205017
2424	0.7353257536888123
2425	0.7121459245681763
2426	0.5359868407249451
2427	0.7662901878356934
2428	0.7772797346115112
2429	0.6512832045555115
2430	0.853720486164093
2431	0.45438775420188904
2432	0.35611096024513245
2433	0.0899728462100029
2434	0.3455955982208252
2435	0.2725679576396942
2436	0.30546998977661133
2437	0.5588296055793762
2438	0.5007054209709167
2439	0.5290225148200989
2440	0.59853595495224
2441	0.4560873210430145
2442	0.720550537109375
2443	0.6585294604301453
2444	0.6636094450950623
2445	0.695149838924408
2446	0.5466092228889465
2447	0.5747893452644348
2448	0.6158400774002075
2449	0.39891353249549866
2450	0.53743577003479
2451	0.010493588633835316
2452	0.011869566515088081
2453	0.008991706185042858
2454	0.012059942819178104
2455	0.009983213618397713
2456	0.006081733852624893
2457	0.00802664551883936
2458	0.006054173689335585
2459	0.007339442614465952
2460	0.0034381956793367863
2461	0.005116896238178015
2462	0.006267497781664133
2463	0.010630596429109573
2464	0.010463776998221874
2465	0.008039857260882854
2466	0.009434415958821774
2467	0.011117269285023212
2468	0.017178183421492577
2469	0.016674935817718506
2470	0.01874951645731926
2471	0.014643192291259766
2472	0.017711425200104713
2473	0.020232710987329483
2474	0.019371865317225456
2475	0.035658545792102814
2476	0.028257979080080986
2477	0.03181182220578194
2478	0.05448838695883751
2479	0.03507285565137863
2480	0.032369256019592285
2481	0.0327426940202713
2482	0.02487788535654545
2483	0.02208595909178257
2484	0.017136750742793083
2485	0.026704734191298485
2486	0.033199746161699295
2487	0.03389731049537659
2488	0.01995743066072464
2489	0.014521372504532337
2490	0.01689527928829193
2491	0.01768696866929531
2492	0.023228486999869347
2493	0.020200489088892937
2494	0.03215403854846954
2495	0.03197913244366646
2496	0.04071367532014847
2497	0.04296190291643143
2498	0.03586064651608467
2499	0.027297204360365868
2500	0.019285542890429497
2501	0.027012482285499573
2502	0.030827676877379417
2503	0.022777585312724113
2504	0.07736215740442276
2505	0.03718243166804314
2506	0.031943947076797485
2507	0.04550468921661377
2508	0.03707665577530861
2509	0.019838731735944748
2510	0.015590811148285866
2511	0.011950157582759857
2512	0.014244424179196358
2513	0.019154349341988564
2514	0.018265316262841225
2515	0.020960494875907898
2516	0.019451439380645752
2517	0.017439231276512146
2518	0.020863786339759827
2519	0.024153554812073708
2520	0.01828298531472683
2521	0.017359042540192604
2522	0.018523678183555603
2523	0.02258475311100483
2524	0.05825166776776314
2525	0.03533376008272171
2526	0.03466135635972023
2527	0.024882275611162186
2528	0.040313731878995895
2529	0.042664553970098495
2530	0.03565766289830208
2531	0.02112376131117344
2532	0.019165251404047012
2533	0.02518308162689209
2534	0.01712973415851593
2535	0.015425781719386578
2536	0.013321928679943085
2537	0.016739141196012497
2538	0.0240293238312006
2539	0.019736099988222122
2540	0.011387419886887074
2541	0.015565963461995125
2542	0.011439698748290539
2543	0.011636708863079548
2544	0.01058567687869072
2545	0.009932469576597214
2546	0.008724686689674854
2547	0.008628075011074543
2548	0.008325512520968914
2549	0.009909210726618767
2550	0.010390148498117924
2551	0.013743365183472633
2552	0.007421360816806555
2553	0.008544168435037136
2554	0.009258400648832321
2555	0.008948738686740398
2556	0.008186121471226215
2557	0.007958849892020226
2558	0.009875327348709106
2559	0.009292309172451496
2560	0.009437117725610733
2561	0.011459270492196083
2562	0.00860840268433094
2563	0.006870328914374113
2564	0.007239697966724634
2565	0.006814304273575544
2566	0.005480779334902763
2567	0.0050094397738575935
2568	0.00504717230796814
2569	0.003525978419929743
2570	0.004705638624727726
2571	0.004410536028444767
2572	0.004785940516740084
2573	0.0048533654771745205
2574	0.0041430639103055
2575	0.004769051913172007
2576	0.0036284239031374454
2577	0.00372690218500793
2578	0.004776343237608671
2579	0.004030840937048197
2580	0.004569233860820532
2581	0.0039945547468960285
2582	0.0046983747743070126
2583	0.004557497799396515
2584	0.004908173345029354
2585	0.00444755470380187
2586	0.004268889781087637
2587	0.0042858850210905075
2588	0.0038575062062591314
2589	0.0035991922486573458
2590	0.003588704392313957
2591	0.0034552619326859713
2592	0.003217174205929041
2593	0.0034227080177515745
2594	0.003158276667818427
2595	0.0033060635905712843
2596	0.003335845423862338
2597	0.0030926025938242674
2598	0.0034106855746358633
2599	0.0028855439741164446
2600	0.0036404889542609453
2601	0.003273759037256241
2602	0.0029643389862030745
2603	0.003291655797511339
2604	0.0039038618560880423
2605	0.0044826362282037735
2606	0.00447368249297142
2607	0.003952912520617247
2608	0.00453402241691947
2609	0.004341803025454283
2610	0.004845750983804464
2611	0.005783421918749809
2612	0.004707171116024256
2613	0.004663405474275351
2614	0.00601584417745471
2615	0.004953392781317234
2616	0.00570316007360816
2617	0.006096255965530872
2618	0.0060202875174582005
2619	0.006336491089314222
2620	0.008214420638978481
2621	0.007949942722916603
2622	0.00753830699250102
2623	0.00722277769818902
2624	0.006094485055655241
2625	0.006602581590414047
2626	0.007720938418060541
2627	0.00691329687833786
2628	0.007599778473377228
2629	0.009506748989224434
2630	0.009079982526600361
2631	0.008868939243257046
2632	0.010029363445937634
2633	0.008284137584269047
2634	0.00893279816955328
2635	0.010376696474850178
2636	0.010523674078285694
2637	0.011621012352406979
2638	0.01211674977093935
2639	0.011199019849300385
2640	0.01194628793746233
2641	0.013236726634204388
2642	0.013535070233047009
2643	0.013422186486423016
2644	0.01682461053133011
2645	0.025056852027773857
2646	0.01826760172843933
2647	0.040715042501688004
2648	0.02997046709060669
2649	0.029854798689484596
2650	0.04753674566745758
2651	0.04797488451004028
2652	0.029124200344085693
2653	0.025237128138542175
2654	0.010819884948432446
2655	0.013270512223243713
2656	0.010352790355682373
2657	0.009218974970281124
2658	0.011052506975829601
2659	0.01512078382074833
2660	0.013434863649308681
2661	0.02233525551855564
2662	0.03408075124025345
2663	0.045890238136053085
2664	0.06640839576721191
2665	0.059802617877721786
2666	0.05930250883102417
2667	0.10907826572656631
2668	0.12348272651433945
2669	0.011959363706409931
2670	0.00921671837568283
2671	0.008381917141377926
2672	0.007129447069019079
2673	0.008853110484778881
2674	0.007641707547008991
2675	0.008985869586467743
2676	0.006616464350372553
2677	0.007284142076969147
2678	0.006920048501342535
2679	0.011622137390077114
2680	0.011455207131803036
2681	0.007872776128351688
2682	0.008590230718255043
2683	0.03479554504156113
2684	0.14424622058868408
2685	0.01613650657236576
2686	0.03299424424767494
2687	0.024633808061480522
2688	0.018060604110360146
2689	0.006843833718448877
2690	0.005886546336114407
2691	0.006164079997688532
2692	0.007344795856624842
2693	0.0047293188981711864
2694	0.0066381231881678104
2695	0.007286702282726765
2696	0.00914152804762125
2697	0.00963825173676014
2698	0.006309051997959614
2699	0.008269169367849827
2700	0.0095978369936347
2701	0.012469954788684845
2702	0.013518467545509338
2703	0.01638888753950596
2704	0.011858100071549416
2705	0.011962799355387688
2706	0.012755164876580238
2707	0.013070352375507355
2708	0.014812360517680645
2709	0.01738535426557064
2710	0.018756328150629997
2711	0.015512731857597828
2712	0.022807104513049126
2713	0.018639547750353813
2714	0.01880229078233242
2715	0.021244743838906288
2716	0.014058721251785755
2717	0.015766417607665062
2718	0.03081212006509304
2719	0.024264542385935783
2720	0.022912314161658287
2721	0.023403359577059746
2722	0.030164241790771484
2723	0.026169074699282646
2724	0.03277386352419853
2725	0.05018585920333862
2726	0.038001254200935364
2727	0.02262371964752674
2728	0.019602714106440544
2729	0.013108739629387856
2730	0.013934287242591381
2731	0.01176727656275034
2732	0.012711635790765285
2733	0.012365679256618023
2734	0.016001282259821892
2735	0.013251992873847485
2736	0.01457950472831726
2737	0.01051777321845293
2738	0.014744664542376995
2739	0.01613219641149044
2740	0.015232309699058533
2741	0.02141072414815426
2742	0.01683293655514717
2743	0.015272763557732105
2744	0.015835613012313843
2745	0.014856879599392414
2746	0.018633857369422913
2747	0.01754492148756981
2748	0.014906734228134155
2749	0.01569882221519947
2750	0.01578126661479473
2751	0.01843307353556156
2752	0.018407968804240227
2753	0.016698123887181282
2754	0.015285879373550415
2755	0.021030014380812645
2756	0.016364265233278275
2757	0.02410290017724037
2758	0.02772989310324192
2759	0.03039020299911499
2760	0.022067207843065262
2761	0.015914950519800186
2762	0.016002241522073746
2763	0.01568683795630932
2764	0.015906427055597305
2765	0.013176891021430492
2766	0.012845249846577644
2767	0.016107382252812386
2768	0.013494607992470264
2769	0.013949329033493996
2770	0.013085640035569668
2771	0.011134825646877289
2772	0.014257821254432201
2773	0.014879628084599972
2774	0.012250787578523159
2775	0.011235321871936321
2776	0.012417780235409737
2777	0.010572770610451698
2778	0.011211223900318146
2779	0.009295768104493618
2780	0.011033090762794018
2781	0.009299235418438911
2782	0.009590253233909607
2783	0.008472325280308723
2784	0.010670204646885395
2785	0.012342235073447227
2786	0.008967874571681023
2787	0.008790659718215466
2788	0.010292867198586464
2789	0.007121083326637745
2790	0.01079567987471819
2791	0.007325947284698486
2792	0.008625169284641743
2793	0.009855455718934536
2794	0.010156682692468166
2795	0.005707616452127695
2796	0.005196795798838139
2797	0.005703310016542673
2798	0.00523811811581254
2799	0.006521071773022413
2800	0.006078636739403009
2801	0.006054552271962166
2802	0.006969503592699766
2803	0.006896647159010172
2804	0.006466846447438002
2805	0.006145830266177654
2806	0.004627381917089224
2807	0.004385571461170912
2808	0.0035113722551614046
2809	0.003970063291490078
2810	0.0040528299286961555
2811	0.004596234764903784
2812	0.0048860227689146996
2813	0.005263147410005331
2814	0.006790757179260254
2815	0.005591809283941984
2816	0.0051800962537527084
2817	0.0050439732149243355
2818	0.004924963694065809
2819	0.0043280464597046375
2820	0.004773641470819712
2821	0.003952317405492067
2822	0.004012903664261103
2823	0.005034130997955799
2824	0.005595830734819174
2825	0.004313184414058924
2826	0.005029406398534775
2827	0.00445154681801796
2828	0.004570267628878355
2829	0.003982813097536564
2830	0.004924157168716192
2831	0.004328706301748753
2832	0.004545265343040228
2833	0.004130865912884474
2834	0.005213741213083267
2835	0.004805730190128088
2836	0.006220315583050251
2837	0.0051916856318712234
2838	0.004961041267961264
2839	0.004965306259691715
2840	0.005486701149493456
2841	0.005890870001167059
2842	0.005905710160732269
2843	0.0057297819294035435
2844	0.00872746855020523
2845	0.007298866752535105
2846	0.008113520219922066
2847	0.010074111633002758
2848	0.010078351013362408
2849	0.009432345628738403
2850	0.00927504152059555
2851	0.007152033504098654
2852	0.010368778370320797
2853	0.009593432769179344
2854	0.010318990796804428
2855	0.00966394692659378
2856	0.008994068019092083
2857	0.009881443344056606
2858	0.01304230373352766
2859	0.010016627609729767
2860	0.014821960590779781
2861	0.01130871195346117
2862	0.014780739322304726
2863	0.015676802024245262
2864	0.03377080336213112
2865	0.02165828086435795
2866	0.03022104501724243
2867	0.07900144159793854
2868	0.12395060062408447
2869	0.09777343273162842
2870	0.22542200982570648
2871	0.1220933198928833
2872	0.037759970873594284
2873	0.022337373346090317
2874	0.013336221687495708
2875	0.029261592775583267
2876	0.032889701426029205
2877	0.0174547228962183
2878	0.018410176038742065
2879	0.014654523693025112
2880	0.013687136583030224
2881	0.011544537730515003
2882	0.007019591983407736
2883	0.006123205181211233
2884	0.006570345256477594
2885	0.007982923649251461
2886	0.00838687177747488
2887	0.007221929728984833
2888	0.00940867979079485
2889	0.008711284957826138
2890	0.0067669483833014965
2891	0.007188358809798956
2892	0.005811561830341816
2893	0.006251929793506861
2894	0.006662982050329447
2895	0.007685379590839148
2896	0.008388438262045383
2897	0.007326153106987476
2898	0.007207092829048634
2899	0.00677745183929801
2900	0.007194375153630972
2901	0.007686217315495014
2902	0.007578030228614807
2903	0.006922359112650156
2904	0.009331787936389446
2905	0.008294704370200634
2906	0.008251934312283993
2907	0.009040223434567451
2908	0.008314752951264381
2909	0.009299639612436295
2910	0.010317539796233177
2911	0.010417032986879349
2912	0.01034321915358305
2913	0.008304130285978317
2914	0.008672311902046204
2915	0.00856077391654253
2916	0.0076961577869951725
2917	0.007668991573154926
2918	0.0076210456900298595
2919	0.007029540371149778
2920	0.0055153160355985165
2921	0.006091064307838678
2922	0.007292911410331726
2923	0.005612389650195837
2924	0.005464394576847553
2925	0.005066018085926771
2926	0.004518647212535143
2927	0.005036832299083471
2928	0.005247884895652533
2929	0.007320258300751448
2930	0.00579506391659379
2931	0.005805420223623514
2932	0.005657787900418043
2933	0.0066009582951664925
2934	0.007176396436989307
2935	0.008183090947568417
2936	0.006995290517807007
2937	0.008445768617093563
2938	0.007349797990173101
2939	0.009768219664692879
2940	0.0074540707282722
2941	0.00669352849945426
2942	0.007355790119618177
2943	0.01652175560593605
2944	0.008520240895450115
2945	0.008190457709133625
2946	0.008784661069512367
2947	0.007394970860332251
2948	0.011104056611657143
2949	0.008435526862740517
2950	0.010274670086801052
2951	0.014251536689698696
2952	0.015026289038360119
2953	0.010994928888976574
2954	0.012145045213401318
2955	0.012712851166725159
2956	0.015952032059431076
2957	0.01874670945107937
2958	0.025482529774308205
2959	0.05980212613940239
2960	0.06386148929595947
2961	0.10281651467084885
2962	0.04391414672136307
2963	0.32198798656463623
2964	0.7217734456062317
2965	0.46976327896118164
2966	0.3026812672615051
2967	0.721377968788147
2968	0.767052948474884
2969	0.6977649927139282
2970	0.8567500114440918
2971	0.319577693939209
2972	0.7846304178237915
2973	0.8223232626914978
2974	0.8148248791694641
2975	0.8127190470695496
2976	0.804292619228363
2977	0.7178477644920349
2978	0.44078341126441956
2979	0.23188996315002441
2980	0.4665040969848633
2981	0.02166982926428318
2982	0.019156239926815033
2983	0.043568070977926254
2984	0.02840407006442547
2985	0.01400431152433157
2986	0.030884847044944763
2987	0.17859049141407013
2988	0.225552037358284
2989	0.15546177327632904
2990	0.09253328293561935
2991	0.04201513156294823
2992	0.01628703810274601
2993	0.007280615158379078
2994	0.011747672222554684
2995	0.010438038967549801
2996	0.00772520387545228
2997	0.006543848663568497
2998	0.002999967662617564
2999	0.007184520363807678
3000	0.008695880882441998
3001	0.007510107010602951
3002	0.005846768151968718
3003	0.005089195910841227
3004	0.0045835161581635475
3005	0.006913094315677881
3006	0.010106982663273811
3007	0.010686442255973816
3008	0.01967523619532585
3009	0.014068550430238247
3010	0.015360400080680847
3011	0.01785387098789215
3012	0.016698826104402542
3013	0.015388855710625648
3014	0.01880205236375332
3015	0.014133754186332226
3016	0.01944267936050892
3017	0.0219142884016037
3018	0.01923992857336998
3019	0.02951849065721035
3020	0.01905071549117565
3021	0.021656310185790062
3022	0.03099607303738594
3023	0.02622063271701336
3024	0.02265755832195282
3025	0.026011407375335693
3026	0.0364980511367321
3027	0.028923476114869118
3028	0.017014240846037865
3029	0.020464524626731873
3030	0.017505615949630737
3031	0.016419103369116783
3032	0.018766293302178383
3033	0.019517753273248672
3034	0.01720457710325718
3035	0.014973361976444721
3036	0.015201739966869354
3037	0.016175992786884308
3038	0.016115469858050346
3039	0.017191201448440552
3040	0.017024321481585503
3041	0.015333110466599464
3042	0.01453989464789629
3043	0.017621023580431938
3044	0.014892679639160633
3045	0.019991496577858925
3046	0.017004365101456642
3047	0.010427409783005714
3048	0.006493214517831802
3049	0.00821738876402378
3050	0.007570130284875631
3051	0.008290594443678856
3052	0.008286389522254467
3053	0.011167383752763271
3054	0.009252192452549934
3055	0.006697922945022583
3056	0.009279540739953518
3057	0.008779465220868587
3058	0.00874330848455429
3059	0.013479731045663357
3060	0.013415022753179073
3061	0.01177279558032751
3062	0.007682976312935352
3063	0.008828174322843552
3064	0.0078057232312858105
3065	0.013617070391774178
3066	0.012284192256629467
3067	0.0057520209811627865
3068	0.005986618343740702
3069	0.005573208909481764
3070	0.00978112407028675
3071	0.010413826443254948
3072	0.007519938051700592
3073	0.010570229962468147
3074	0.013653022237122059
3075	0.007119623012840748
3076	0.009347808547317982
3077	0.008430666290223598
3078	0.012165367603302002
3079	0.015552903525531292
3080	0.007481515407562256
3081	0.004699138458818197
3082	0.004127927124500275
3083	0.007992453873157501
3084	0.01507327426224947
3085	0.01436134334653616
3086	0.008802667260169983
3087	0.0036285966634750366
3088	0.006594815757125616
3089	0.0060969009064137936
3090	0.005680359899997711
3091	0.007208410184830427
3092	0.007415254600346088
3093	0.008026990108191967
3094	0.008504259400069714
3095	0.012966503389179707
3096	0.014387408271431923
3097	0.010392546653747559
3098	0.008804197423160076
3099	0.006172297056764364
3100	0.007323381491005421
3101	0.007594506721943617
3102	0.014644692651927471
3103	0.012604333460330963
3104	0.01301487721502781
3105	0.00803512241691351
3106	0.007973232306540012
3107	0.006321919150650501
3108	0.006718239281326532
3109	0.006929326802492142
3110	0.0072450484149158
3111	0.00686706742271781
3112	0.006191851105540991
3113	0.005432463716715574
3114	0.005950907710939646
3115	0.005901264492422342
3116	0.006794975604861975
3117	0.00804129894822836
3118	0.008966675959527493
3119	0.009523467160761356
3120	0.011899427510797977
3121	0.0167363490909338
3122	0.019432974979281425
3123	0.010378400795161724
3124	0.018790816888213158
3125	0.017577363178133965
3126	0.029247134923934937
3127	0.013716265559196472
3128	0.016121095046401024
3129	0.018050717189908028
3130	0.0217722300440073
3131	0.018626881763339043
3132	0.01809588633477688
3133	0.020176364108920097
3134	0.017102720215916634
3135	0.021815774962306023
3136	0.03348362073302269
3137	0.021381082013249397
3138	0.024298792704939842
3139	0.031126433983445168
3140	0.030443955212831497
3141	0.025276286527514458
3142	0.027774794027209282
3143	0.01922459714114666
3144	0.030059246346354485
3145	0.01586008444428444
3146	0.026334041729569435
3147	0.029441213235259056
3148	0.02578212134540081
3149	0.026549428701400757
3150	0.01666097901761532
3151	0.022057488560676575
3152	0.018992440775036812
3153	0.03644942119717598
3154	0.04213480278849602
3155	0.035550277680158615
3156	0.03376323729753494
3157	0.0649956539273262
3158	0.02982190251350403
3159	0.0224138330668211
3160	0.023190777748823166
3161	0.02106449380517006
3162	0.01563510112464428
3163	0.012659489177167416
3164	0.015345356427133083
3165	0.011259018443524837
3166	0.010417313314974308
3167	0.01035181526094675
3168	0.010047038085758686
3169	0.009695762768387794
3170	0.008588256314396858
3171	0.010240921750664711
3172	0.008031784556806087
3173	0.008598370477557182
3174	0.00841009896248579
3175	0.009154793806374073
3176	0.00835400354117155
3177	0.010060079395771027
3178	0.00878126174211502
3179	0.0073061659932136536
3180	0.007012602873146534
3181	0.009949875064194202
3182	0.008761346340179443
3183	0.009142354130744934
3184	0.011013181880116463
3185	0.008723778650164604
3186	0.011588595807552338
3187	0.01288702804595232
3188	0.010364796034991741
3189	0.009160846471786499
3190	0.010099734179675579
3191	0.007385376375168562
3192	0.006326449103653431
3193	0.006718769669532776
3194	0.0088542765006423
3195	0.007866250351071358
3196	0.008150127716362476
3197	0.007279516663402319
3198	0.008847753517329693
3199	0.007727605290710926
3200	0.006563097238540649
3201	0.007183775305747986
3202	0.005886871367692947
3203	0.007452130317687988
3204	0.005701291374862194
3205	0.006587390787899494
3206	0.006910659372806549
3207	0.00717443972826004
3208	0.006739540491253138
3209	0.004720470402389765
3210	0.004798471461981535
3211	0.004618489649146795
3212	0.004386554937809706
3213	0.0041737742722034454
3214	0.004220515489578247
3215	0.004326211754232645
3216	0.004515137989073992
3217	0.004119443241506815
3218	0.0035960525274276733
3219	0.003916785586625338
3220	0.003861048026010394
3221	0.00416268827393651
3222	0.004071496892720461
3223	0.0036982044111937284
3224	0.0034369805362075567
3225	0.0031328999903053045
3226	0.003995857667177916
3227	0.004561753012239933
3228	0.004799982067197561
3229	0.004697143565863371
3230	0.005136731546372175
3231	0.004846813622862101
3232	0.005644544493407011
3233	0.005450018681585789
3234	0.006336819380521774
3235	0.007472187280654907
3236	0.00680703017860651
3237	0.0067375535145401955
3238	0.008762603625655174
3239	0.007540687453001738
3240	0.012477370910346508
3241	0.012743241153657436
3242	0.013859841041266918
3243	0.019258037209510803
3244	0.016403747722506523
3245	0.01623670570552349
3246	0.05103536322712898
3247	0.0575338713824749
3248	0.08108773082494736
3249	0.08538656681776047
3250	0.052443910390138626
3251	0.09296803921461105
3252	0.024063600227236748
3253	0.018307531252503395
3254	0.01145913079380989
3255	0.008611934259533882
3256	0.01595667563378811
3257	0.038615014404058456
3258	0.017553314566612244
3259	0.019442720338702202
3260	0.02572813630104065
3261	0.033989109098911285
3262	0.10199790447950363
3263	0.2921891212463379
3264	0.19078755378723145
3265	0.363504558801651
3266	0.3429170250892639
3267	0.5344790816307068
3268	0.5837084650993347
3269	0.28881606459617615
3270	0.3964158892631531
3271	0.22275249660015106
3272	0.06516657769680023
3273	0.031637948006391525
3274	0.030901072546839714
3275	0.01653457060456276
3276	0.00985484104603529
3277	0.009682632982730865
3278	0.15268658101558685
3279	0.4668388068675995
3280	0.4736628532409668
3281	0.39138227701187134
3282	0.4787333607673645
3283	0.624129593372345
3284	0.7069329619407654
3285	0.8193874359130859
3286	0.8000010848045349
3287	0.7427753806114197
3288	0.9094535708427429
3289	0.8325183987617493
3290	0.7598288655281067
3291	0.777851939201355
3292	0.7471532225608826
3293	0.7548255324363708
3294	0.7425487041473389
3295	0.6209304928779602
3296	0.6185279488563538
3297	0.44072484970092773
3298	0.5452624559402466
3299	0.39210057258605957
3300	0.6670942306518555
3301	0.6892842054367065
3302	0.7014247179031372
3303	0.7712632417678833
3304	0.8065323233604431
3305	0.8614431619644165
3306	0.7237669229507446
3307	0.5141849517822266
3308	0.384092777967453
3309	0.1979726105928421
3310	0.2230800837278366
3311	0.8211307525634766
3312	0.8046671748161316
3313	0.8724367022514343
3314	0.8437496423721313
3315	0.8165655136108398
