frame	prob
0	0.00979172345250845
1	0.027088511735200882
2	0.01864754967391491
3	0.039800014346838
4	0.031487803906202316
5	0.0320245735347271
6	0.024271784350275993
7	0.01609193906188011
8	0.010725929401814938
9	0.010696141980588436
10	0.013062357902526855
11	0.034327324479818344
12	0.03004145622253418
13	0.04961422085762024
14	0.1751108169555664
15	0.6098431944847107
16	0.6954320669174194
17	0.6306195259094238
18	0.4822012484073639
19	0.6134243607521057
20	0.5695970058441162
21	0.3273535370826721
22	0.06226983293890953
23	0.1597246676683426
24	0.20167843997478485
25	0.2544373869895935
26	0.3019329011440277
27	0.3055698871612549
28	0.477313369512558
29	0.5012637972831726
30	0.4861548840999603
31	0.5210047364234924
32	0.5347921252250671
33	0.661565899848938
34	0.5406638979911804
35	0.7571800351142883
36	0.6821824908256531
37	0.6302521824836731
38	0.6340147852897644
39	0.2753279507160187
40	0.10989659279584885
41	0.31277814507484436
42	0.3247579038143158
43	0.16253851354122162
44	0.09137745946645737
45	0.2008068561553955
46	0.2793028950691223
47	0.26565638184547424
48	0.1569453775882721
49	0.12859736382961273
50	0.010595052503049374
51	0.013141507282853127
52	0.012712172232568264
53	0.017308993265032768
54	0.01615099422633648
55	0.012827500700950623
56	0.014135004952549934
57	0.013178783468902111
58	0.014616983942687511
59	0.014491063542664051
60	0.013551401905715466
61	0.012061401270329952
62	0.010705365799367428
63	0.008697602897882462
64	0.007962613366544247
65	0.006752421613782644
66	0.010089103132486343
67	0.00789943803101778
68	0.006503609009087086
69	0.007897967472672462
70	0.006842080038040876
71	0.007329561747610569
72	0.0047691985964775085
73	0.004681834019720554
74	0.005256977863609791
75	0.0053902375511825085
76	0.00616940064355731
77	0.006472948472946882
78	0.005394987296313047
79	0.0063140070997178555
80	0.004707110580056906
81	0.004527570214122534
82	0.003871271852403879
83	0.0038897746708244085
84	0.006128431763499975
85	0.008422303013503551
86	0.007968454621732235
87	0.00754103809595108
88	0.007640719413757324
89	0.007296811789274216
90	0.00651117879897356
91	0.007809312082827091
92	0.006203705444931984
93	0.006135214120149612
94	0.00510841328650713
95	0.005025023128837347
96	0.00478711910545826
97	0.004029508680105209
98	0.006369076669216156
99	0.007103543262928724
100	0.007540485356003046
101	0.008145204745233059
102	0.00702759250998497
103	0.007783656008541584
104	0.007924455218017101
105	0.006981098558753729
106	0.007841408252716064
107	0.007164604961872101
108	0.008022886700928211
109	0.008647546172142029
110	0.009443792514503002
111	0.008937333710491657
112	0.007118526380509138
113	0.010219202376902103
114	0.008873767219483852
115	0.009118798188865185
116	0.007454186212271452
117	0.008146434091031551
118	0.007849674671888351
119	0.009211977012455463
120	0.008005055598914623
121	0.011879346333444118
122	0.009131443686783314
123	0.01100433524698019
124	0.011294009163975716
125	0.017533689737319946
126	0.014249900355935097
127	0.014592607505619526
128	0.014000019989907742
129	0.016653690487146378
130	0.015349593944847584
131	0.01935698091983795
132	0.020479951053857803
133	0.013763874769210815
134	0.02063591778278351
135	0.01937226764857769
136	0.03269392251968384
137	0.03087475895881653
138	0.06199032813310623
139	0.28488513827323914
140	0.37497425079345703
141	0.17383505403995514
142	0.3626973330974579
143	0.30002734065055847
144	0.33455440402030945
145	0.27371668815612793
146	0.5055028200149536
147	0.48779937624931335
148	0.40468207001686096
149	0.4729040265083313
150	0.42439863085746765
151	0.2841326892375946
152	0.37357038259506226
153	0.36353057622909546
154	0.4431033134460449
155	0.4977034628391266
156	0.03834070637822151
157	0.05287664011120796
158	0.3338642120361328
159	0.4426012933254242
160	0.27718645334243774
161	0.3720035254955292
162	0.5146732330322266
163	0.537939190864563
164	0.17129020392894745
165	0.13605986535549164
166	0.08409881591796875
167	0.1730211079120636
168	0.03820614144206047
169	0.026491377502679825
170	0.008249432779848576
171	0.00918322242796421
172	0.009184757247567177
173	0.00911346822977066
174	0.010599957779049873
175	0.012158219702541828
176	0.01065109670162201
177	0.013226526789367199
178	0.010181376710534096
179	0.008187773637473583
180	0.005304419901221991
181	0.0069173648953437805
182	0.010737371630966663
183	0.009540843777358532
184	0.009673811495304108
185	0.005249734967947006
186	0.00488379318267107
187	0.005385120399296284
188	0.005005169194191694
189	0.005433681886643171
190	0.00502443453297019
191	0.005499192979186773
192	0.005402713548392057
193	0.0060277641750872135
194	0.006493435241281986
195	0.006429554428905249
196	0.008167297579348087
197	0.008182813413441181
198	0.007099672686308622
199	0.0051207393407821655
200	0.005015414208173752
201	0.004145048558712006
202	0.004529126919806004
203	0.005384919699281454
204	0.0050474489107728004
205	0.005809277296066284
206	0.0061294338665902615
207	0.00724010681733489
208	0.006197096314281225
209	0.00633471691980958
210	0.0054710861295461655
211	0.005908095743507147
212	0.00640574935823679
213	0.004993463400751352
214	0.005155439954251051
215	0.005668097175657749
216	0.009569600224494934
217	0.007628572639077902
218	0.014515066519379616
219	0.03412456065416336
220	0.03544018045067787
221	0.050004418939352036
222	0.030135298147797585
223	0.06437849253416061
224	0.07581060379743576
225	0.07451492547988892
226	0.015909776091575623
227	0.008207391016185284
228	0.00974500086158514
229	0.009529979899525642
230	0.010884261690080166
231	0.011468212120234966
232	0.01164840068668127
233	0.013549300841987133
234	0.013038034550845623
235	0.017971565946936607
236	0.026115626096725464
237	0.03024279512465
238	0.08889845758676529
239	0.028122523799538612
240	0.019778450950980186
241	0.019141990691423416
242	0.009010573849081993
243	0.008890568278729916
244	0.011264906264841557
245	0.00993493665009737
246	0.012465662322938442
247	0.01676664873957634
248	0.010306042619049549
249	0.07020670175552368
250	0.14106614887714386
251	0.12718477845191956
252	0.23073212802410126
253	0.16152821481227875
254	0.08038543909788132
255	0.14351895451545715
256	0.08313459157943726
257	0.09032648056745529
258	0.11310591548681259
259	0.5932759642601013
260	0.623821496963501
261	0.8486869931221008
262	0.837993323802948
263	0.8520128130912781
264	0.8101553320884705
265	0.8374177813529968
266	0.8253875970840454
267	0.6804249286651611
268	0.6923897862434387
269	0.02630484104156494
270	0.010882116854190826
271	0.012983083724975586
272	0.010304967872798443
273	0.011452588252723217
274	0.010282516479492188
275	0.011192749254405499
276	0.010508391074836254
277	0.011673323810100555
278	0.012088650837540627
279	0.009713186882436275
280	0.008747251704335213
281	0.010937800630927086
282	0.015379580669105053
283	0.12646465003490448
284	0.03492894396185875
285	0.009446363896131516
286	0.011959930881857872
287	0.011273416690528393
288	0.01209049578756094
289	0.010438556782901287
290	0.011921152472496033
291	0.012224100530147552
292	0.01305184792727232
293	0.012420940212905407
294	0.017090551555156708
295	0.012149994261562824
296	0.013547474518418312
297	0.00916879903525114
298	0.014671127311885357
299	0.01445779949426651
300	0.018198028206825256
301	0.011318343691527843
302	0.01877598464488983
303	0.01701120100915432
304	0.014814510941505432
305	0.01358602661639452
306	0.015782460570335388
307	0.010546425357460976
308	0.007016900926828384
309	0.006836450193077326
310	0.00652704481035471
311	0.007891934365034103
312	0.00530603900551796
313	0.009810254909098148
314	0.010706210508942604
315	0.007817058824002743
316	0.01052722055464983
317	0.010985374450683594
318	0.01820969209074974
319	0.011449278332293034
320	0.01416527945548296
321	0.012133675627410412
322	0.011533522978425026
323	0.010594981722533703
324	0.011969136074185371
325	0.013149877078831196
326	0.011728072538971901
327	0.012632015161216259
328	0.010221842676401138
329	0.011092801578342915
330	0.010265412740409374
331	0.01119981613010168
332	0.013392247259616852
333	0.012573080137372017
334	0.01600421778857708
335	0.0114756990224123
336	0.012929516844451427
337	0.012197470292448997
338	0.017085326835513115
339	0.014475899748504162
340	0.014704740606248379
341	0.012619811110198498
342	0.012300972826778889
343	0.011770837008953094
344	0.011449314653873444
345	0.014390169642865658
346	0.01325420942157507
347	0.014124082401394844
348	0.014508701860904694
349	0.011530441232025623
350	0.01408415473997593
351	0.0158623568713665
352	0.01672428287565708
353	0.011956611648201942
354	0.01871570572257042
355	0.016108987852931023
356	0.013774330727756023
357	0.024029439315199852
358	0.01886226050555706
359	0.018458938226103783
360	0.020852867513895035
361	0.029809003695845604
362	0.02294275164604187
363	0.023409230634570122
364	0.024694927036762238
365	0.03434700891375542
366	0.01674218848347664
367	0.023380940780043602
368	0.016690874472260475
369	0.01661553792655468
370	0.015160473994910717
371	0.012269987724721432
372	0.011146802455186844
373	0.017413197085261345
374	0.009367127902805805
375	0.010408508591353893
376	0.01099349744617939
377	0.008490784093737602
378	0.012548411265015602
379	0.01478769164532423
380	0.011499426327645779
381	0.009353107772767544
382	0.008521435782313347
383	0.010321456007659435
384	0.015555433928966522
385	0.008728059940040112
386	0.0138121722266078
387	0.01255220640450716
388	0.01388617791235447
389	0.007630289997905493
390	0.019177353009581566
391	0.18383245170116425
392	0.15932480990886688
393	0.029190678149461746
394	0.015752995386719704
395	0.007743374444544315
396	0.006899992469698191
397	0.006983004044741392
398	0.004790447186678648
399	0.012356129474937916
400	0.008388129062950611
401	0.006647661328315735
402	0.007208286318928003
403	0.006833402905613184
404	0.006200382020324469
405	0.011751063168048859
406	0.008504935540258884
407	0.008836108259856701
408	0.007244132459163666
409	0.007643720600754023
410	0.0068731666542589664
411	0.009111990220844746
412	0.008921608328819275
413	0.00920606404542923
414	0.012413915246725082
415	0.01207996066659689
416	0.010467528365552425
417	0.009480264037847519
418	0.008041448891162872
419	0.00921847578138113
420	0.01220005750656128
421	0.01627962850034237
422	0.013328214175999165
423	0.017167283222079277
424	0.01949087344110012
425	0.016473418101668358
426	0.015603850595653057
427	0.022332578897476196
428	0.021850068122148514
429	0.02464512549340725
430	0.06208471208810806
431	0.03193613514304161
432	0.02254796400666237
433	0.03299441561102867
434	0.08641497790813446
435	0.2213977873325348
436	0.054023660719394684
437	0.02261170744895935
438	0.02083488181233406
439	0.019431665539741516
440	0.015108722262084484
441	0.012196003459393978
442	0.013904920779168606
443	0.01800423301756382
444	0.09888937324285507
445	0.016777345910668373
446	0.014002308249473572
447	0.01592325232923031
448	0.01983821578323841
449	0.015841996297240257
450	0.01863262616097927
451	0.01799888350069523
452	0.018952658399939537
453	0.020179077982902527
454	0.01624990440905094
455	0.02091158926486969
456	0.051562320441007614
457	0.011678449809551239
458	0.011367762461304665
459	0.011476789601147175
460	0.008417109027504921
461	0.011005035601556301
462	0.013266629539430141
463	0.011570301838219166
464	0.011581508442759514
465	0.01205519586801529
466	0.0129004567861557
467	0.012233372777700424
468	0.01395137794315815
469	0.016988137736916542
470	0.021198449656367302
471	0.013326919637620449
472	0.01781400479376316
473	0.012621062807738781
474	0.018534494563937187
475	0.016036449000239372
476	0.015309075824916363
477	0.013805157504975796
478	0.016442108899354935
479	0.01407149713486433
480	0.014327162876725197
481	0.013418924994766712
482	0.01347901951521635
483	0.012267599813640118
484	0.01238678116351366
485	0.01297423243522644
486	0.011839115992188454
487	0.012236431241035461
488	0.009849553927779198
489	0.00390351633541286
490	0.008772874251008034
491	0.007957321591675282
492	0.007239766418933868
493	0.007351710926741362
494	0.012011437676846981
495	0.012328023090958595
496	0.01799011044204235
497	0.014813408255577087
498	0.01365858968347311
499	0.02113357000052929
500	0.01959569752216339
501	0.008791978470981121
502	0.009168313816189766
503	0.010477609932422638
504	0.018326470628380775
505	0.011012143455445766
506	0.018114620819687843
507	0.00942994561046362
508	0.009731660597026348
509	0.013150754384696484
510	0.008569040335714817
511	0.012895909138023853
512	0.011927436105906963
513	0.010820623487234116
514	0.014802304096519947
515	0.04167012497782707
516	0.025077596306800842
517	0.0436076819896698
518	0.02704375796020031
519	0.023178471252322197
520	0.019484883174300194
521	0.012093325145542622
522	0.01134933065623045
523	0.016025668010115623
524	0.014543629251420498
525	0.01798746921122074
526	0.018564358353614807
527	0.018134046345949173
528	0.016091911122202873
529	0.022857563570141792
530	0.019535942003130913
531	0.013772818259894848
532	0.025070710107684135
533	0.03789756819605827
534	0.03712647780776024
535	0.012238233350217342
536	0.008960659615695477
537	0.01139866840094328
538	0.01248180028051138
539	0.012023258022964
540	0.008822468109428883
541	0.013411642983555794
542	0.014241740107536316
543	0.009998435154557228
544	0.014985901303589344
545	0.029037026688456535
546	0.01760231889784336
547	0.012802541255950928
548	0.0226926077157259
549	0.013601595535874367
550	0.020205078646540642
551	0.030897999182343483
552	0.01924864947795868
553	0.015550130978226662
554	0.014342769980430603
555	0.014059814624488354
556	0.01506718434393406
557	0.016697753220796585
558	0.02781413309276104
559	0.04990140721201897
560	0.02113516628742218
561	0.014246299862861633
562	0.01673695258796215
563	0.018390018492937088
564	0.013946602120995522
565	0.01673068478703499
566	0.01605674996972084
567	0.013503694906830788
568	0.014509602449834347
569	0.01137860119342804
570	0.011475926265120506
571	0.011576460674405098
572	0.007933361455798149
573	0.009238106198608875
574	0.013943882659077644
575	0.015472655184566975
576	0.010018117725849152
577	0.009681402705609798
578	0.011172303929924965
579	0.011708799749612808
580	0.011695985682308674
581	0.01140199601650238
582	0.009999561123549938
583	0.007788213435560465
584	0.00862616766244173
585	0.012829615734517574
586	0.011512390337884426
587	0.010170201770961285
588	0.01123532373458147
589	0.008667783811688423
590	0.013003799133002758
591	0.014776510186493397
592	0.013250911608338356
593	0.01255283784121275
594	0.011973808519542217
595	0.01481983345001936
596	0.009427986107766628
597	0.01140750851482153
598	0.008100156672298908
599	0.00970316119492054
600	0.008298768661916256
601	0.007791848387569189
602	0.009754943661391735
603	0.011767232790589333
604	0.009454588405787945
605	0.0186444278806448
606	0.006709010805934668
607	0.005373064428567886
608	0.005981722380965948
609	0.004774916917085648
610	0.005036469083279371
611	0.004868939984589815
612	0.005730138625949621
613	0.006820902228355408
614	0.006048881448805332
615	0.0060504525899887085
616	0.0060569788329303265
617	0.005645113531500101
618	0.006701403763145208
619	0.010477273724973202
620	0.008967368863523006
621	0.010487298481166363
622	0.00801608245819807
623	0.011485831812024117
624	0.008326330222189426
625	0.008978882804512978
626	0.009412363171577454
627	0.008693127892911434
628	0.009248984977602959
629	0.010239052586257458
630	0.008049733005464077
631	0.010616169311106205
632	0.010125741362571716
633	0.00714464345946908
634	0.005534295924007893
635	0.004861192777752876
636	0.004915528930723667
637	0.004715720657259226
638	0.006081447005271912
639	0.005745984148234129
640	0.005724083632230759
641	0.005939841270446777
642	0.0058698090724647045
643	0.004373427014797926
644	0.005076551344245672
645	0.004414839204400778
646	0.005381956696510315
647	0.005706758704036474
648	0.005379477981477976
649	0.004882613196969032
650	0.004713129717856646
651	0.003757091239094734
652	0.00536655867472291
653	0.0055390940979123116
654	0.004384478088468313
655	0.005300947930663824
656	0.005314480513334274
657	0.006633013486862183
658	0.006607717368751764
659	0.008116096258163452
660	0.006645796354860067
661	0.007689915131777525
662	0.008186496794223785
663	0.0064567881636321545
664	0.005665678530931473
665	0.00734733184799552
666	0.005108399782329798
667	0.004492742475122213
668	0.004643366672098637
669	0.004270744975656271
670	0.004259223584085703
671	0.004634288605302572
672	0.006679069250822067
673	0.005650175269693136
674	0.004791704006493092
675	0.004811676684767008
676	0.005094383843243122
677	0.004262804519385099
678	0.0035371636040508747
679	0.00446774298325181
680	0.004394616931676865
681	0.004819013178348541
682	0.0056993961334228516
683	0.005966034717857838
684	0.006632886826992035
685	0.005663988180458546
686	0.005097558256238699
687	0.006940772291272879
688	0.006055781617760658
689	0.00909916590899229
690	0.0059422277845442295
691	0.008499527350068092
692	0.005137953441590071
693	0.0072939516976475716
694	0.007796780671924353
695	0.00968801137059927
696	0.007788587361574173
697	0.010757631622254848
698	0.009517093189060688
699	0.00964954774826765
700	0.0071952748112380505
701	0.007326995488256216
702	0.008419143036007881
703	0.00971460621803999
704	0.007568666245788336
705	0.015339392237365246
706	0.01509829331189394
707	0.02240924909710884
708	0.027782101184129715
709	0.03817686066031456
710	0.02659028209745884
711	0.016536183655261993
712	0.010372916236519814
713	0.011568008922040462
714	0.00989508256316185
715	0.010530875995755196
716	0.009659068658947945
717	0.011134586296975613
718	0.01246659830212593
719	0.011586761102080345
720	0.011524775996804237
721	0.011702354997396469
722	0.01387228723615408
723	0.013241606764495373
724	0.014448708854615688
725	0.01470989640802145
726	0.010099542327225208
727	0.014205552637577057
728	0.013297396712005138
729	0.014741874299943447
730	0.04004127159714699
731	0.05859208106994629
732	0.09437917917966843
733	0.05606108903884888
734	0.035303447395563126
735	0.06009119749069214
736	0.05879009887576103
737	0.09640764445066452
738	0.0607805959880352
739	0.06270114332437515
740	0.050106775015592575
741	0.058145176619291306
742	0.039748478680849075
743	0.04544011503458023
744	0.01369603630155325
745	0.016222447156906128
746	0.01651298813521862
747	0.04127204045653343
748	0.031822849065065384
749	0.04443126916885376
750	0.08454816788434982
751	0.08878929167985916
752	0.039213877171278
753	0.13184423744678497
754	0.411130428314209
755	0.6432284712791443
756	0.5643361210823059
757	0.5760436654090881
758	0.49634143710136414
759	0.5397340655326843
760	0.4922994077205658
761	0.536107063293457
762	0.44231900572776794
763	0.547623336315155
764	0.5654407143592834
765	0.4230770766735077
766	0.12921497225761414
767	0.028929082676768303
768	0.025197148323059082
769	0.01528102159500122
770	0.017975442111492157
771	0.012484562583267689
772	0.01044099684804678
773	0.013682221062481403
774	0.010105607099831104
775	0.01376937236636877
776	0.01307986956089735
777	0.011229326017200947
778	0.011607279069721699
779	0.010315271094441414
780	0.005659074988216162
781	0.008171993307769299
782	0.0071683465503156185
783	0.008607431314885616
784	0.005664527881890535
785	0.006562457419931889
786	0.013352553360164165
787	0.021178683266043663
788	0.03190586343407631
789	0.022563638165593147
790	0.021361513063311577
791	0.018546661362051964
792	0.01138131134212017
793	0.010334703139960766
794	0.007960447110235691
795	0.009991081431508064
796	0.008445736020803452
797	0.007490936201065779
798	0.007988948374986649
799	0.007602422032505274
800	0.010772665962576866
801	0.00899344403296709
802	0.00981542095541954
803	0.010979859158396721
804	0.010002907365560532
805	0.00878166500478983
806	0.008919531479477882
807	0.008437181822955608
808	0.00880439579486847
809	0.008111483417451382
810	0.01040286011993885
811	0.007857446558773518
812	0.009101013652980328
813	0.007543954532593489
814	0.00652193371206522
815	0.007631527725607157
816	0.007108023855835199
817	0.006413294468075037
818	0.006243132520467043
819	0.007322578225284815
820	0.00552794337272644
821	0.008417725563049316
822	0.009152759797871113
823	0.011961374431848526
824	0.0101463682949543
825	0.010562251321971416
826	0.009987427853047848
827	0.008654673583805561
828	0.010639103129506111
829	0.011733387596905231
830	0.010566426441073418
831	0.013640004210174084
832	0.010912315919995308
833	0.013457799330353737
834	0.012765045277774334
835	0.011255001649260521
836	0.010503042489290237
837	0.017821451649069786
838	0.014059490524232388
839	0.018909012898802757
840	0.01717815175652504
841	0.03960762917995453
842	0.03963294252753258
843	0.02815175987780094
844	0.01731780543923378
845	0.021472889930009842
846	0.016654007136821747
847	0.026310211047530174
848	0.02404041588306427
849	0.021186193451285362
850	0.014489597640931606
851	0.020214227959513664
852	0.01958916150033474
853	0.027152925729751587
854	0.015316170640289783
855	0.014753726311028004
856	0.011076944880187511
857	0.012380018830299377
858	0.01314198412001133
859	0.01274063903838396
860	0.011795273050665855
861	0.01507063489407301
862	0.01978311501443386
863	0.017902325838804245
864	0.015165929682552814
865	0.011932930909097195
866	0.010305032134056091
867	0.012990173883736134
868	0.012987452559173107
869	0.011612883768975735
870	0.011154074221849442
871	0.008925876580178738
872	0.009938281960785389
873	0.010682513006031513
874	0.012493935413658619
875	0.010061352513730526
876	0.008485229685902596
877	0.012107976712286472
878	0.006616407074034214
879	0.006500915624201298
880	0.00947942491620779
881	0.00737071642652154
882	0.007379110436886549
883	0.0072387331165373325
884	0.007117833476513624
885	0.007933850400149822
886	0.005975441075861454
887	0.007881209254264832
888	0.007836367003619671
889	0.006917457561939955
890	0.005998815875500441
891	0.007559199817478657
892	0.007767983712255955
893	0.005135299637913704
894	0.006605011411011219
895	0.008090904913842678
896	0.005826221778988838
897	0.005122717469930649
898	0.005035338923335075
899	0.005454465746879578
900	0.005536192562431097
901	0.006138815078884363
902	0.0056230160407722
903	0.0055487132631242275
904	0.005073504988104105
905	0.00505115557461977
906	0.005446461029350758
907	0.004888397641479969
908	0.0045561580918729305
909	0.004883804824203253
910	0.0038014494348317385
911	0.004063734319061041
912	0.004274714272469282
913	0.0040382216684520245
914	0.004031808115541935
915	0.003622371004894376
916	0.003562667639926076
917	0.005120272282510996
918	0.0053021847270429134
919	0.004637149628251791
920	0.0051463753916323185
921	0.004432985093444586
922	0.0050516375340521336
923	0.005741672590374947
924	0.00593958655372262
925	0.006501916330307722
926	0.005894666071981192
927	0.00609706761315465
928	0.007488835137337446
929	0.008966753259301186
930	0.009262705221772194
931	0.008593483828008175
932	0.008104696869850159
933	0.007248815149068832
934	0.005877127405256033
935	0.004970188718289137
936	0.004288707859814167
937	0.0051854574121534824
938	0.00469122314825654
939	0.0046784477308392525
940	0.0037773679941892624
941	0.004679969511926174
942	0.005178114864975214
943	0.0048040966503322124
944	0.0066308449022471905
945	0.00701161939650774
946	0.006304078735411167
947	0.011056969873607159
948	0.009996301494538784
949	0.011081419885158539
950	0.011824078857898712
951	0.008872649632394314
952	0.00932279136031866
953	0.008378840051591396
954	0.00945152249187231
955	0.007797172758728266
956	0.008172480389475822
957	0.007353596389293671
958	0.00964303594082594
959	0.008297472260892391
960	0.009418996050953865
961	0.009649424813687801
962	0.006256130989640951
963	0.009851721115410328
964	0.008261305280029774
965	0.01152888871729374
966	0.006438873242586851
967	0.009938993491232395
968	0.008170835673809052
969	0.007891172543168068
970	0.009100286290049553
971	0.006894797086715698
972	0.008405192755162716
973	0.008236094377934933
974	0.009489238262176514
975	0.008701917715370655
976	0.007824147120118141
977	0.007777448743581772
978	0.006205605808645487
979	0.005451146513223648
980	0.006149011198431253
981	0.005805525928735733
982	0.005400374997407198
983	0.007655452936887741
984	0.007050150074064732
985	0.008939534425735474
986	0.009707750752568245
987	0.00829065591096878
988	0.00863924715667963
989	0.008730565197765827
990	0.008348943665623665
991	0.008332396857440472
992	0.00938293058425188
993	0.010028836317360401
994	0.010111677460372448
995	0.008828356862068176
996	0.007456501014530659
997	0.006704212632030249
998	0.007241860032081604
999	0.008733528666198254
1000	0.008061684668064117
1001	0.006974029820412397
1002	0.007730582263320684
1003	0.00589241087436676
1004	0.005470715928822756
1005	0.0051981075666844845
1006	0.006017036736011505
1007	0.005969369318336248
1008	0.005027721170336008
1009	0.005808604881167412
1010	0.00591051671653986
1011	0.006551820784807205
1012	0.005560292396694422
1013	0.004808219615370035
1014	0.004850361496210098
1015	0.005384434945881367
1016	0.005615168251097202
1017	0.006829491350799799
1018	0.00520083773881197
1019	0.005063655320554972
1020	0.005102586932480335
1021	0.00671380152925849
1022	0.004912100732326508
1023	0.007598895579576492
1024	0.004943815525621176
1025	0.006185072474181652
1026	0.005755291786044836
1027	0.0055378093384206295
1028	0.005759207997471094
1029	0.007772980723530054
1030	0.005764062516391277
1031	0.005846197251230478
1032	0.006998079363256693
1033	0.006741856224834919
1034	0.0063913180492818356
1035	0.005482095759361982
1036	0.005777526181191206
1037	0.005524882115423679
1038	0.004385612905025482
1039	0.005338326096534729
1040	0.006146387662738562
1041	0.005794865544885397
1042	0.005810111295431852
1043	0.0068175955675542355
1044	0.007934125140309334
1045	0.006364590022712946
1046	0.010331976227462292
1047	0.007288120687007904
1048	0.007675431203097105
1049	0.007009399589151144
1050	0.007682894356548786
1051	0.006166195962578058
1052	0.0064115687273442745
1053	0.007371846120804548
1054	0.008204356767237186
1055	0.007772799581289291
1056	0.009094633162021637
1057	0.007840071804821491
1058	0.010363489389419556
1059	0.013256100006401539
1060	0.018323861062526703
1061	0.025935202836990356
1062	0.019861498847603798
1063	0.03050505928695202
1064	0.014572933316230774
1065	0.015980228781700134
1066	0.009919044561684132
1067	0.013644317165017128
1068	0.010637451894581318
1069	0.026325959712266922
1070	0.03481987118721008
1071	0.029220372438430786
1072	0.036215003579854965
1073	0.030178874731063843
1074	0.03105788864195347
1075	0.036633577197790146
1076	0.03152795508503914
1077	0.021568840369582176
1078	0.01932944543659687
1079	0.026868952438235283
1080	0.029832175001502037
1081	0.08427884429693222
1082	0.0744657889008522
1083	0.11073001474142075
1084	0.0984257236123085
1085	0.125736266374588
1086	0.11057042330503464
1087	0.14086100459098816
1088	0.025741031393408775
1089	0.03653791546821594
1090	0.01839418150484562
1091	0.015924964100122452
1092	0.014307701960206032
1093	0.012611481361091137
1094	0.010870206169784069
1095	0.0101704066619277
1096	0.013939677737653255
1097	0.010990098118782043
1098	0.012242224998772144
1099	0.017385214567184448
1100	0.015797078609466553
1101	0.019770672544836998
1102	0.017475388944149017
1103	0.015634555369615555
1104	0.011340317316353321
1105	0.009490429423749447
1106	0.008234498091042042
1107	0.012053707614541054
1108	0.040733397006988525
1109	0.1272018700838089
1110	0.16102512180805206
1111	0.2919653654098511
1112	0.23597164452075958
1113	0.1833920031785965
1114	0.37835535407066345
1115	0.4438438415527344
1116	0.370008647441864
1117	0.596868634223938
1118	0.4014837443828583
1119	0.45252999663352966
1120	0.2616609036922455
1121	0.37986570596694946
1122	0.649235188961029
1123	0.39473840594291687
1124	0.5236875414848328
1125	0.6966415643692017
1126	0.7768044471740723
1127	0.5180283188819885
1128	0.6121500730514526
1129	0.4806828498840332
1130	0.5483536720275879
1131	0.41430026292800903
1132	0.46139928698539734
1133	0.7252835631370544
1134	0.7771731615066528
1135	0.6695058345794678
1136	0.6872002482414246
1137	0.823394775390625
1138	0.8730186820030212
1139	0.8459888696670532
1140	0.9319942593574524
1141	0.9220382571220398
1142	0.8520046472549438
1143	0.8959575891494751
1144	0.6704558730125427
1145	0.8001947402954102
1146	0.7932314872741699
1147	0.7130643129348755
1148	0.9062520861625671
1149	0.843533456325531
1150	0.8059415221214294
1151	0.8454219698905945
1152	0.8049795031547546
1153	0.5999478101730347
1154	0.4274298846721649
1155	0.364624559879303
1156	0.35604166984558105
1157	0.06450631469488144
1158	0.04174157604575157
1159	0.10077724605798721
1160	0.040899187326431274
1161	0.015174400992691517
1162	0.011678598821163177
1163	0.014559770002961159
1164	0.01548108458518982
1165	0.013254440389573574
1166	0.012314471416175365
1167	0.20463314652442932
1168	0.010610527358949184
1169	0.008070975542068481
1170	0.007948081009089947
1171	0.009369772858917713
1172	0.004104699473828077
1173	0.007232603617012501
1174	0.008431471884250641
1175	0.009144975803792477
1176	0.013318232260644436
1177	0.018492301926016808
1178	0.02787121944129467
1179	0.013947251252830029
1180	0.012030965648591518
1181	0.012104260735213757
1182	0.01574001833796501
1183	0.014007151126861572
1184	0.01946655474603176
1185	0.011278152465820312
1186	0.016958214342594147
1187	0.01192287728190422
1188	0.009184415452182293
1189	0.011765274219214916
1190	0.014614680781960487
1191	0.016001323238015175
1192	0.013387319631874561
1193	0.014998155646026134
1194	0.012125805020332336
1195	0.01672014407813549
1196	0.012574391439557076
1197	0.010654835030436516
1198	0.01322882529348135
1199	0.014257135801017284
1200	0.018457800149917603
1201	0.012597143650054932
1202	0.010186487808823586
1203	0.00978898722678423
1204	0.008746867068111897
1205	0.006788432598114014
1206	0.007023770362138748
1207	0.006013538688421249
1208	0.005254773888736963
1209	0.005889441352337599
1210	0.005781840067356825
1211	0.0056773037649691105
1212	0.0059386868961155415
1213	0.007325177546590567
1214	0.007005708757787943
1215	0.006976092699915171
1216	0.008050023578107357
1217	0.006371891591697931
1218	0.00596403144299984
1219	0.0051936255767941475
1220	0.005457315128296614
1221	0.005516017787158489
1222	0.006634872406721115
1223	0.0067915902473032475
1224	0.0080290911719203
1225	0.007248568814247847
1226	0.007215016521513462
1227	0.007476979400962591
1228	0.0060683055780828
1229	0.00579622108489275
1230	0.008172275498509407
1231	0.00670329574495554
1232	0.007323273923248053
1233	0.005347928963601589
1234	0.005692777223885059
1235	0.005870942957699299
1236	0.004230823367834091
1237	0.004980257246643305
1238	0.005406276322901249
1239	0.007188495248556137
1240	0.006742557976394892
1241	0.0050978525541722775
1242	0.004721852485090494
1243	0.006154482718557119
1244	0.005783751606941223
1245	0.006543156690895557
1246	0.005787564441561699
1247	0.005954028107225895
1248	0.005718627478927374
1249	0.005149669945240021
1250	0.006161505822092295
1251	0.005163548048585653
1252	0.005707463715225458
1253	0.004694912116974592
1254	0.005558394361287355
1255	0.006328720133751631
1256	0.0058487169444561005
1257	0.0058023035526275635
1258	0.00791752990335226
1259	0.006516768131405115
1260	0.007655084133148193
1261	0.005905186291784048
1262	0.006223031785339117
1263	0.008798619732260704
1264	0.007834071293473244
1265	0.007591099478304386
1266	0.006028685253113508
1267	0.007785955909639597
1268	0.00889494176954031
1269	0.0060892715118825436
1270	0.00591385830193758
1271	0.006064004730433226
1272	0.007153007667511702
1273	0.00645912392064929
1274	0.007171107921749353
1275	0.006420502904802561
1276	0.006533903069794178
1277	0.006410731468349695
1278	0.0075041563250124454
1279	0.007407118566334248
1280	0.006818526890128851
1281	0.007039021234959364
1282	0.00824674405157566
1283	0.009013560600578785
1284	0.007421259768307209
1285	0.006145086605101824
1286	0.00650831637904048
1287	0.006574308965355158
1288	0.00675173569470644
1289	0.006837435066699982
1290	0.0061725894920527935
1291	0.006210626568645239
1292	0.006595751736313105
1293	0.006759611424058676
1294	0.005372028797864914
1295	0.005607783328741789
1296	0.005769783165305853
1297	0.0071996659971773624
1298	0.005939418915659189
1299	0.004945972468703985
1300	0.00612749345600605
1301	0.006690359208732843
1302	0.0063306065276265144
1303	0.005228889640420675
1304	0.0067944154143333435
1305	0.005723616108298302
1306	0.006284561939537525
1307	0.006499321199953556
1308	0.00898772943764925
1309	0.007193122990429401
1310	0.00680205225944519
1311	0.0070363059639930725
1312	0.006516553461551666
1313	0.006817752029746771
1314	0.006612382363528013
1315	0.0068788412027060986
1316	0.006153576076030731
1317	0.0064658112823963165
1318	0.007209752686321735
1319	0.009411505423486233
1320	0.013033941388130188
1321	0.01394620444625616
1322	0.01374991238117218
1323	0.016742011532187462
1324	0.015210630372166634
1325	0.037354666739702225
1326	0.03458347171545029
1327	0.01709379069507122
1328	0.030887562781572342
1329	0.01802973449230194
1330	0.024442380294203758
1331	0.016236865893006325
1332	0.0266106016933918
1333	0.033378757536411285
1334	0.015013301745057106
1335	0.018552741035819054
1336	0.04544119909405708
1337	0.03269711881875992
1338	0.034361984580755234
1339	0.04871514067053795
1340	0.038706935942173004
1341	0.051448043435811996
1342	0.03722136840224266
1343	0.01405305415391922
1344	0.011981859803199768
1345	0.02425430156290531
1346	0.018555322661995888
1347	0.011000341735780239
1348	0.017543843016028404
1349	0.04809212312102318
1350	0.04744705930352211
1351	0.018442166969180107
1352	0.009939762763679028
1353	0.013231441378593445
1354	0.027330508455634117
1355	0.037591345608234406
1356	0.034873541444540024
1357	0.030348438769578934
1358	0.02965632453560829
1359	0.0241873599588871
1360	0.0207670908421278
1361	0.03421076759696007
1362	0.02329624444246292
1363	0.023958876729011536
1364	0.02137031964957714
1365	0.034822072833776474
1366	0.0258116964250803
1367	0.018296409398317337
1368	0.02367311529815197
1369	0.038092177361249924
1370	0.04169652611017227
1371	0.029223743826150894
1372	0.026877587661147118
1373	0.04190904647111893
1374	0.03010076843202114
1375	0.022133437916636467
1376	0.01377229392528534
1377	0.012601866386830807
1378	0.011841051280498505
1379	0.01592942886054516
1380	0.013157332316040993
1381	0.02314763329923153
1382	0.018413832411170006
1383	0.02416522242128849
1384	0.015300772152841091
1385	0.016183972358703613
1386	0.013425796292722225
1387	0.014898106455802917
1388	0.010722197592258453
1389	0.014581792056560516
1390	0.016182785853743553
1391	0.017634987831115723
1392	0.017495667561888695
1393	0.017816802486777306
1394	0.011998179368674755
1395	0.010712431743741035
1396	0.009884491562843323
1397	0.013249456882476807
1398	0.010388686321675777
1399	0.011814543046057224
1400	0.010007794015109539
1401	0.010428046807646751
1402	0.008843773975968361
1403	0.007562908809632063
1404	0.005557052791118622
1405	0.005863976664841175
1406	0.00640971539542079
1407	0.007640158291906118
1408	0.007754934020340443
1409	0.008175170980393887
1410	0.008851847611367702
1411	0.007489328272640705
1412	0.006575935520231724
1413	0.007671563420444727
1414	0.00953145232051611
1415	0.007983802817761898
1416	0.0068605500273406506
1417	0.006678445730358362
1418	0.007459358777850866
1419	0.006051901262253523
1420	0.006685461383312941
1421	0.006597119849175215
1422	0.005887472070753574
1423	0.0064123086631298065
1424	0.006122823338955641
1425	0.005053739529103041
1426	0.00531550170853734
1427	0.004284807946532965
1428	0.0048373700119555
1429	0.005501389037817717
1430	0.005924826487898827
1431	0.004831106401979923
1432	0.005762082990258932
1433	0.004872740712016821
1434	0.005013564135879278
1435	0.0050996169447898865
1436	0.005380799528211355
1437	0.004812891129404306
1438	0.003923545125871897
1439	0.004254975821822882
1440	0.003501351922750473
1441	0.004605324473232031
1442	0.003973787184804678
1443	0.004680932965129614
1444	0.0038800567854195833
1445	0.004652243573218584
1446	0.004673231393098831
1447	0.003967368975281715
1448	0.00352141703478992
1449	0.0037722818087786436
1450	0.0034047767985612154
1451	0.004290551878511906
1452	0.003854946931824088
1453	0.0033169693779200315
1454	0.004061377141624689
1455	0.004310167860239744
1456	0.0036756310146301985
1457	0.004716061055660248
1458	0.00545367319136858
1459	0.004513782449066639
1460	0.006051646079868078
1461	0.0066993581131100655
1462	0.006483276840299368
1463	0.009129754267632961
1464	0.0073989033699035645
1465	0.008180786855518818
1466	0.00832216627895832
1467	0.009136265143752098
1468	0.007358759641647339
1469	0.008571718819439411
1470	0.007922440767288208
1471	0.007972112856805325
1472	0.008658339269459248
1473	0.007118680980056524
1474	0.008618297055363655
1475	0.009129785001277924
1476	0.01059034839272499
1477	0.01120715867727995
1478	0.014369184151291847
1479	0.017075151205062866
1480	0.0448276661336422
1481	0.09589138627052307
1482	0.15605495870113373
1483	0.3037990927696228
1484	0.3372744619846344
1485	0.5115616917610168
1486	0.5195271968841553
1487	0.47922906279563904
1488	0.7368358969688416
1489	0.7093432545661926
1490	0.7439928650856018
1491	0.7306671142578125
1492	0.5731719136238098
1493	0.835980236530304
1494	0.7603711485862732
1495	0.79579097032547
1496	0.774554431438446
1497	0.5966010093688965
1498	0.6999249458312988
1499	0.6089548468589783
1500	0.7153803706169128
1501	0.6741592288017273
1502	0.6290430426597595
1503	0.05096857622265816
1504	0.3111172020435333
1505	0.19615180790424347
1506	0.2956419885158539
1507	0.02210722677409649
1508	0.01676999405026436
1509	0.00822084117680788
1510	0.010215495713055134
1511	0.008108588866889477
1512	0.00785064697265625
1513	0.00914666336029768
1514	0.009776885621249676
1515	0.008987613022327423
1516	0.006153766997158527
1517	0.007765187416225672
1518	0.008316782303154469
1519	0.007239439990371466
1520	0.008671000599861145
1521	0.007774279918521643
1522	0.008722702972590923
1523	0.07112014293670654
1524	0.2070430964231491
1525	0.007514457684010267
1526	0.004515648819506168
1527	0.006358286831527948
1528	0.006854337640106678
1529	0.006991203874349594
1530	0.011449900455772877
1531	0.011979842558503151
1532	0.014907938428223133
1533	0.024430274963378906
1534	0.026406466960906982
1535	0.018789302557706833
1536	0.018914727494120598
1537	0.015086253173649311
1538	0.02037401869893074
1539	0.018174832686781883
1540	0.021294353529810905
1541	0.015364818274974823
1542	0.021380409598350525
1543	0.022505104541778564
1544	0.039776962250471115
1545	0.02146325074136257
1546	0.0198591947555542
1547	0.023774169385433197
1548	0.013540329411625862
1549	0.01520778238773346
1550	0.021602688357234
1551	0.03336096927523613
1552	0.02226698398590088
1553	0.02117404155433178
1554	0.01093860249966383
1555	0.007754284422844648
1556	0.01177582424134016
1557	0.014111409895122051
1558	0.018544156104326248
1559	0.03183576092123985
1560	0.022651052102446556
1561	0.023892013356089592
1562	0.09826874732971191
1563	0.07407642900943756
1564	0.06049704551696777
1565	0.06347068399190903
1566	0.03630146384239197
1567	0.032827217131853104
1568	0.04365324601531029
1569	0.058233655989170074
1570	0.05356813222169876
1571	0.04711047559976578
1572	0.08855324238538742
1573	0.05255816504359245
1574	0.05359866842627525
1575	0.025588715448975563
1576	0.020952757447957993
1577	0.01631658710539341
1578	0.017943503335118294
1579	0.010184291750192642
1580	0.007913081906735897
1581	0.014151331968605518
1582	0.01759486272931099
1583	0.025961214676499367
1584	0.01491998415440321
1585	0.0070578353479504585
1586	0.008098343387246132
1587	0.00919050257652998
1588	0.019277596846222878
1589	0.014374935999512672
1590	0.01793776825070381
1591	0.01628780923783779
1592	0.015358480624854565
1593	0.017424389719963074
1594	0.016912493854761124
1595	0.01539961714297533
1596	0.01138235628604889
1597	0.017637131735682487
1598	0.015256041660904884
1599	0.015769829973578453
1600	0.010982150211930275
1601	0.012855127453804016
1602	0.010073785670101643
1603	0.012368929572403431
1604	0.014478242956101894
1605	0.010251290164887905
1606	0.009830846451222897
1607	0.012004072777926922
1608	0.012063751928508282
1609	0.009888137690722942
1610	0.009701221249997616
1611	0.011248861439526081
1612	0.0099245710298419
1613	0.00903304573148489
1614	0.008103306405246258
1615	0.00849345326423645
1616	0.006298195570707321
1617	0.006546621676534414
1618	0.008267861790955067
1619	0.008341132663190365
1620	0.0076613291166722775
1621	0.006714582443237305
1622	0.008242673240602016
1623	0.00930235255509615
1624	0.006942253094166517
1625	0.00679658493027091
1626	0.008669586852192879
1627	0.007656879723072052
1628	0.007266487926244736
1629	0.006137864198535681
1630	0.007729833479970694
1631	0.0100003806874156
1632	0.009269810281693935
1633	0.00623927591368556
1634	0.007274557836353779
1635	0.0076234969310462475
1636	0.005601588170975447
1637	0.007370855659246445
1638	0.0066848136484622955
1639	0.006278885994106531
1640	0.005691133439540863
1641	0.005224831402301788
1642	0.0052597722969949245
1643	0.00434328755363822
1644	0.005236002616584301
1645	0.005039903800934553
1646	0.0046806903555989265
1647	0.004362438805401325
1648	0.005244414787739515
1649	0.004874192178249359
1650	0.005132598336786032
1651	0.005165384151041508
1652	0.005014610476791859
1653	0.005719512235373259
1654	0.006815201137214899
1655	0.0069292220287024975
1656	0.006882790010422468
1657	0.006154699716717005
1658	0.0051878378726542
1659	0.005494879093021154
1660	0.005928952246904373
1661	0.005336507689207792
1662	0.0060077547095716
1663	0.0060425568372011185
1664	0.005585249047726393
1665	0.004243344999849796
1666	0.005024490412324667
1667	0.004939299076795578
1668	0.004781255964189768
1669	0.0052841827273368835
1670	0.00748318899422884
1671	0.009496751241385937
1672	0.009089015424251556
1673	0.009109093807637691
1674	0.008692527189850807
1675	0.009302240796387196
1676	0.006754353176802397
1677	0.008172302506864071
1678	0.009115759283304214
1679	0.010504159145057201
1680	0.007799317128956318
1681	0.008406337350606918
1682	0.00924655981361866
1683	0.007004871964454651
1684	0.007373016327619553
1685	0.006988148670643568
1686	0.00718651432543993
1687	0.007791446056216955
1688	0.008203761652112007
1689	0.007066638674587011
1690	0.004553746432065964
1691	0.004227971192449331
1692	0.005240298807621002
1693	0.004970669746398926
1694	0.006072535645216703
1695	0.005141891539096832
1696	0.005029612686485052
1697	0.005257659591734409
1698	0.004553157836198807
1699	0.005308665335178375
1700	0.006018794607371092
1701	0.006881722714751959
1702	0.005267313215881586
1703	0.006140816956758499
1704	0.006447231862694025
1705	0.0056776427663862705
1706	0.005557126831263304
1707	0.005536433309316635
1708	0.00627942755818367
1709	0.005825180094689131
1710	0.006776766385883093
1711	0.006250475998967886
1712	0.008265926502645016
1713	0.0067193047143518925
1714	0.0069126831367611885
1715	0.009109600447118282
1716	0.01008332334458828
1717	0.011624958366155624
1718	0.010747447609901428
1719	0.013298931531608105
1720	0.01570122502744198
1721	0.05661725997924805
1722	0.21341697871685028
1723	0.28477731347084045
1724	0.39693373441696167
1725	0.2410469502210617
1726	0.538740336894989
1727	0.5780501365661621
1728	0.27946728467941284
1729	0.09301295131444931
1730	0.2396838217973709
1731	0.020151127129793167
1732	0.013956749811768532
1733	0.012872010469436646
1734	0.011272010393440723
1735	0.012604695744812489
1736	0.012268044985830784
1737	0.014442527666687965
1738	0.012633088044822216
1739	0.013392649590969086
1740	0.013173875398933887
1741	0.534873902797699
1742	0.8610441088676453
1743	0.7697148323059082
1744	0.19553802907466888
1745	0.01936403289437294
1746	0.018557874485850334
1747	0.023516183719038963
1748	0.1272648572921753
1749	0.06363768875598907
1750	0.5293976664543152
1751	0.5928362011909485
1752	0.6981977224349976
1753	0.6464075446128845
1754	0.4858737885951996
1755	0.25439929962158203
1756	0.052125610411167145
1757	0.2090073674917221
1758	0.16624438762664795
1759	0.2358030527830124
1760	0.08028101176023483
1761	0.009150237776339054
1762	0.01080281287431717
1763	0.009415270760655403
1764	0.011466238647699356
1765	0.009097202681005001
1766	0.011764290742576122
1767	0.011161984875798225
1768	0.01154790073633194
1769	0.013070168904960155
1770	0.013105416670441628
1771	0.01042220089584589
1772	0.007410533260554075
1773	0.010748964734375477
1774	0.008012810721993446
1775	0.011141442693769932
1776	0.007060105446726084
1777	0.005901494529098272
1778	0.005737835541367531
1779	0.007683670613914728
1780	0.008539554663002491
1781	0.008110332302749157
1782	0.011193483136594296
1783	0.012735423631966114
1784	0.008871704339981079
1785	0.011660573072731495
1786	0.015380348078906536
1787	0.01276746392250061
1788	0.014108115807175636
1789	0.012189683504402637
1790	0.011493589729070663
1791	0.010400045663118362
1792	0.007508479058742523
1793	0.008237394504249096
1794	0.01063725259155035
1795	0.017325326800346375
1796	0.016149738803505898
1797	0.012469942681491375
1798	0.012346873991191387
1799	0.013734965585172176
1800	0.013624128885567188
1801	0.012369784526526928
1802	0.011028732173144817
1803	0.00953188631683588
1804	0.010520512238144875
1805	0.010291178710758686
1806	0.011846954934298992
1807	0.01209241058677435
1808	0.011883153580129147
1809	0.01462432648986578
1810	0.012356291525065899
1811	0.014081085100769997
1812	0.009801755659282207
1813	0.009353317320346832
1814	0.008734027855098248
1815	0.010577317327260971
1816	0.010776014067232609
1817	0.012781667523086071
1818	0.010201074182987213
1819	0.010867837816476822
1820	0.012324647977948189
1821	0.009543207474052906
1822	0.008859164081513882
1823	0.013689999468624592
1824	0.01245895680040121
1825	0.009922674857079983
1826	0.01022291462868452
1827	0.012256513349711895
1828	0.012025979347527027
1829	0.009237480349838734
1830	0.010559898801147938
1831	0.010144929401576519
1832	0.010750900954008102
1833	0.010361974127590656
1834	0.009573242627084255
1835	0.00999677088111639
1836	0.010809256695210934
1837	0.012339386157691479
1838	0.009174399077892303
1839	0.010241134092211723
1840	0.010937961749732494
1841	0.010422411374747753
1842	0.01044111605733633
1843	0.010038095526397228
1844	0.010267632082104683
1845	0.008536494337022305
1846	0.013146904297173023
1847	0.01304545160382986
1848	0.010360471904277802
1849	0.010427123866975307
1850	0.008997705765068531
1851	0.008341324515640736
1852	0.01210798416286707
1853	0.010079124942421913
1854	0.007168053183704615
1855	0.007840406149625778
1856	0.007222261279821396
1857	0.006902504246681929
1858	0.010966670699417591
1859	0.008299176581203938
1860	0.008534900844097137
1861	0.0068853991106152534
1862	0.007421332877129316
1863	0.006649489980190992
1864	0.005431696772575378
1865	0.007316478993743658
1866	0.0058320970274508
1867	0.00554696237668395
1868	0.005129599012434483
1869	0.0056884209625422955
1870	0.004613588564097881
1871	0.0056417337618768215
1872	0.004477099981158972
1873	0.00502024358138442
1874	0.004421507474035025
1875	0.005750810261815786
1876	0.005227783229202032
1877	0.0056926230899989605
1878	0.005985703319311142
1879	0.006452303379774094
1880	0.0061463662423193455
1881	0.006094820331782103
1882	0.005261439364403486
1883	0.006820134352892637
1884	0.006008665543049574
1885	0.00644180690869689
1886	0.00489836186170578
1887	0.004582363646477461
1888	0.006449710577726364
1889	0.0070005073212087154
1890	0.006563936825841665
1891	0.0038860798813402653
1892	0.0038402762729674578
1893	0.0035831064451485872
1894	0.004488811362534761
1895	0.004466404672712088
1896	0.003937524743378162
1897	0.004112858325242996
1898	0.004588521551340818
1899	0.004799266811460257
1900	0.0046373698860406876
1901	0.00355548900552094
1902	0.004682611674070358
1903	0.0044318088330328465
1904	0.004434714559465647
1905	0.003938713576644659
1906	0.004247019533067942
1907	0.004735260736197233
1908	0.004932303912937641
1909	0.0050286585465073586
1910	0.005392191931605339
1911	0.00669683376327157
1912	0.004828528501093388
1913	0.005058370064944029
1914	0.00463982904329896
1915	0.006180570926517248
1916	0.005994924809783697
1917	0.006370055954903364
1918	0.005872296169400215
1919	0.00580153102055192
1920	0.0058019161224365234
1921	0.0058899736031889915
1922	0.007700504269450903
1923	0.00665742252022028
1924	0.006737429182976484
1925	0.007403828203678131
1926	0.008867236785590649
1927	0.009026448242366314
1928	0.00983214657753706
1929	0.00965351052582264
1930	0.00856407918035984
1931	0.009408438578248024
1932	0.014045928604900837
1933	0.013398650102317333
1934	0.015256565995514393
1935	0.026269016787409782
1936	0.013772949576377869
1937	0.01678282581269741
1938	0.013355798088014126
1939	0.013790443539619446
1940	0.01398476492613554
1941	0.013478592038154602
1942	0.015620318241417408
1943	0.012851021252572536
1944	0.01575792208313942
1945	0.013157397508621216
1946	0.034804414957761765
1947	0.15369926393032074
1948	0.21680179238319397
1949	0.5071077942848206
1950	0.7255560755729675
1951	0.7068668007850647
1952	0.8723592758178711
1953	0.7976666688919067
1954	0.8062829375267029
1955	0.8065436482429504
1956	0.7376274466514587
1957	0.5270635485649109
1958	0.11933939903974533
1959	0.03040868602693081
1960	0.016466403380036354
1961	0.015932567417621613
1962	0.016664467751979828
1963	0.011750554665923119
1964	0.013546626083552837
1965	0.012001179158687592
1966	0.011888653971254826
1967	0.010691061615943909
1968	0.011165429838001728
1969	0.016122763976454735
1970	0.020268438383936882
1971	0.012569128535687923
1972	0.020490624010562897
1973	0.01792399026453495
1974	0.007789504714310169
1975	0.007668029051274061
1976	0.005536056589335203
1977	0.007879376411437988
1978	0.007100678980350494
1979	0.004893679171800613
1980	0.008761138655245304
1981	0.00821357499808073
1982	0.007733142469078302
1983	0.00997184682637453
1984	0.014389094896614552
1985	0.025896534323692322
1986	0.01651049591600895
1987	0.012955166399478912
1988	0.02025204710662365
1989	0.013545616529881954
1990	0.011689466424286366
1991	0.011843700893223286
1992	0.008063241839408875
1993	0.011169971898198128
1994	0.008991650305688381
1995	0.007540383841842413
1996	0.009762059897184372
1997	0.009481622837483883
1998	0.011198011226952076
1999	0.00784236192703247
2000	0.008799972012639046
2001	0.009712384082376957
2002	0.012602239847183228
2003	0.008106628432869911
2004	0.01103557925671339
2005	0.008772755973041058
2006	0.009532460942864418
2007	0.010710525326430798
2008	0.012608795426785946
2009	0.011583148501813412
2010	0.010402400977909565
2011	0.009831098839640617
2012	0.009938818402588367
2013	0.010224615223705769
2014	0.010345342569053173
2015	0.014377261511981487
2016	0.01043261494487524
2017	0.01261799968779087
2018	0.009921252727508545
2019	0.013219380751252174
2020	0.011381466872990131
2021	0.011438154615461826
2022	0.011664903722703457
2023	0.009719045832753181
2024	0.009141507558524609
2025	0.012032582424581051
2026	0.010833539068698883
2027	0.011426644399762154
2028	0.010916112922132015
2029	0.014027661643922329
2030	0.009852892719209194
2031	0.010327110067009926
2032	0.009361899457871914
2033	0.008191262371838093
2034	0.0054566385224461555
2035	0.007612188346683979
2036	0.00861626397818327
2037	0.01483463030308485
2038	0.013512012548744678
2039	0.014534956775605679
2040	0.015605426393449306
2041	0.02915292978286743
2042	0.013506308197975159
2043	0.011759496293962002
2044	0.012710332870483398
2045	0.025758255273103714
2046	0.012799501419067383
2047	0.011941520497202873
2048	0.02514122985303402
2049	0.0179747324436903
2050	0.01609674096107483
2051	0.015152781270444393
2052	0.015781521797180176
2053	0.018700769171118736
2054	0.015196639113128185
2055	0.013103428296744823
2056	0.009427902288734913
2057	0.015067638829350471
2058	0.02139420434832573
2059	0.012752053327858448
2060	0.010748184286057949
2061	0.010444249026477337
2062	0.00785976741462946
2063	0.008456593379378319
2064	0.007248040288686752
2065	0.009059681557118893
2066	0.0076432004570961
2067	0.009597702883183956
2068	0.010260588489472866
2069	0.006340331863611937
2070	0.006187730468809605
2071	0.006440026219934225
2072	0.007927018217742443
2073	0.011329920962452888
2074	0.008985304273664951
2075	0.01149206142872572
2076	0.008914451114833355
2077	0.010333050973713398
2078	0.009289427660405636
2079	0.008676870726048946
2080	0.015123464167118073
2081	0.008750759065151215
2082	0.01386923249810934
2083	0.011757130734622478
2084	0.01228296384215355
2085	0.006164053920656443
2086	0.006404602434486151
2087	0.006921242922544479
2088	0.006364529021084309
2089	0.006290163844823837
2090	0.007727512624114752
2091	0.008614584803581238
2092	0.010882428847253323
2093	0.009471969678997993
2094	0.0153344152495265
2095	0.010337543673813343
2096	0.011433587409555912
2097	0.012318422086536884
2098	0.011941085569560528
2099	0.015505808405578136
2100	0.014170174486935139
2101	0.020027590915560722
2102	0.013491778634488583
2103	0.014146531000733376
2104	0.025991646572947502
2105	0.029574021697044373
2106	0.03878104314208031
2107	0.028704077005386353
2108	0.024316396564245224
2109	0.028110016137361526
2110	0.026041818782687187
2111	0.030022932216525078
2112	0.027825135737657547
2113	0.021787643432617188
2114	0.0263401810079813
2115	0.0192885585129261
2116	0.03947938606142998
2117	0.02977471426129341
2118	0.030619917437434196
2119	0.047961995005607605
2120	0.03604978322982788
2121	0.030983908101916313
2122	0.04107726737856865
2123	0.026216376572847366
2124	0.028427446261048317
2125	0.020711809396743774
2126	0.024359140545129776
2127	0.020613079890608788
2128	0.01544418465346098
2129	0.02044026553630829
2130	0.017922967672348022
2131	0.01975865662097931
2132	0.015631934627890587
2133	0.0155344782397151
2134	0.01269774604588747
2135	0.02121572755277157
2136	0.01277147140353918
2137	0.010370837524533272
2138	0.011461708694696426
2139	0.0105123957619071
2140	0.009759137406945229
2141	0.007714614272117615
2142	0.007712924387305975
2143	0.006919001694768667
2144	0.013005726039409637
2145	0.006399002857506275
2146	0.007457471918314695
2147	0.007008624263107777
2148	0.005911113228648901
2149	0.004897112026810646
2150	0.00531439995393157
2151	0.005066296085715294
2152	0.005959683563560247
2153	0.005600107833743095
2154	0.005180259235203266
2155	0.004941918887197971
2156	0.005853942595422268
2157	0.00529558164998889
2158	0.006502057891339064
2159	0.0043385750614106655
2160	0.00554836168885231
2161	0.005303556565195322
2162	0.00466137146577239
2163	0.005741165019571781
2164	0.004439700394868851
2165	0.004637005738914013
2166	0.004194745793938637
2167	0.004549050237983465
2168	0.005277517717331648
2169	0.00405613798648119
2170	0.0039040129631757736
2171	0.004392427857965231
2172	0.00408980855718255
2173	0.004518532194197178
2174	0.004492183681577444
2175	0.005041253753006458
2176	0.004320998676121235
2177	0.004606323782354593
2178	0.0046708169393241405
2179	0.005216371268033981
2180	0.004397980868816376
2181	0.0039893146604299545
2182	0.0044812713749706745
2183	0.0064142243936657906
2184	0.005827273242175579
2185	0.0058824969455599785
2186	0.0057244799099862576
2187	0.006674957927316427
2188	0.007317592389881611
2189	0.00911184772849083
2190	0.009546750225126743
2191	0.029821833595633507
2192	0.04063987359404564
2193	0.05019674450159073
2194	0.03169934079051018
2195	0.03527578338980675
2196	0.04770226404070854
2197	0.09784241765737534
2198	0.07858892530202866
2199	0.07233478873968124
2200	0.10057836771011353
2201	0.12143804877996445
2202	0.09557069838047028
2203	0.1664869636297226
2204	0.27896949648857117
2205	0.29196351766586304
2206	0.17476186156272888
2207	0.22016559541225433
2208	0.1228874921798706
2209	0.25911685824394226
2210	0.2692684829235077
2211	0.32703742384910583
2212	0.37694522738456726
2213	0.6218873858451843
2214	0.7693141102790833
2215	0.6942955255508423
2216	0.7511207461357117
2217	0.7764776945114136
2218	0.819762647151947
2219	0.8096889853477478
2220	0.7839917540550232
2221	0.8226518630981445
2222	0.6629248857498169
2223	0.7524124979972839
2224	0.6827151775360107
2225	0.6116145849227905
2226	0.6133388876914978
2227	0.7380196452140808
2228	0.6861171126365662
2229	0.622937798500061
2230	0.7530655860900879
2231	0.6577526330947876
2232	0.627147376537323
2233	0.7213224172592163
2234	0.652315080165863
2235	0.6863096356391907
2236	0.6282550692558289
2237	0.6767687201499939
2238	0.02657211385667324
2239	0.015232965350151062
2240	0.015911567956209183
2241	0.01435735821723938
2242	0.01642967201769352
2243	0.015053010545670986
2244	0.014648153446614742
2245	0.021964682266116142
2246	0.19626258313655853
2247	0.48212939500808716
2248	0.7357857823371887
2249	0.8673052191734314
2250	0.7886633276939392
2251	0.8808309435844421
2252	0.3021793067455292
2253	0.14904487133026123
2254	0.04523187875747681
2255	0.01983308605849743
2256	0.06068423017859459
2257	0.45882996916770935
2258	0.8475937843322754
2259	0.8159372210502625
2260	0.7171611785888672
2261	0.7740248441696167
2262	0.8536367416381836
2263	0.6221227645874023
2264	0.437181293964386
2265	0.178476020693779
2266	0.024297287687659264
2267	0.04815606027841568
2268	0.03032813034951687
2269	0.01156845223158598
2270	0.011780395172536373
2271	0.012797671370208263
2272	0.011120961979031563
2273	0.01276137214154005
2274	0.014123908244073391
2275	0.016308804973959923
2276	0.01638728938996792
2277	0.012374738231301308
2278	0.01505140122026205
2279	0.012830130755901337
2280	0.01793694868683815
2281	0.010406932793557644
2282	0.014879769645631313
2283	0.011673863045871258
2284	0.013134041801095009
2285	0.009323438629508018
2286	0.009568281471729279
2287	0.011963548138737679
2288	0.008800210431218147
2289	0.009947984479367733
2290	0.009314575232565403
2291	0.007060726638883352
2292	0.009081760421395302
2293	0.009595762006938457
2294	0.009620849043130875
2295	0.010486737824976444
2296	0.009762716479599476
2297	0.01094223652034998
2298	0.010564932599663734
2299	0.010906280018389225
2300	0.011461188085377216
2301	0.0075592705979943275
2302	0.009413419291377068
2303	0.009571554139256477
2304	0.007556950207799673
2305	0.008476480841636658
2306	0.008346634916961193
2307	0.006830174010246992
2308	0.0069784061051905155
2309	0.005597969982773066
2310	0.004314891528338194
2311	0.005252448376268148
2312	0.005211308132857084
2313	0.005510383751243353
2314	0.005921323783695698
2315	0.005980677902698517
2316	0.005458661820739508
2317	0.005208553280681372
2318	0.0059873745776712894
2319	0.005475512705743313
2320	0.006014504935592413
2321	0.005769766867160797
2322	0.007084742188453674
2323	0.009249139577150345
2324	0.011626660823822021
2325	0.007768115494400263
2326	0.011578930541872978
2327	0.010498614981770515
2328	0.009720345959067345
2329	0.011280556209385395
2330	0.010351056233048439
2331	0.009947830811142921
2332	0.008739366196095943
2333	0.008744172751903534
2334	0.00876468326896429
2335	0.009068349376320839
2336	0.008638907223939896
2337	0.009587511420249939
2338	0.010488897562026978
2339	0.017410164698958397
2340	0.030592024326324463
2341	0.01783941686153412
2342	0.014211085624992847
2343	0.02428569830954075
2344	0.014065560884773731
2345	0.01748974435031414
2346	0.016491957008838654
2347	0.023173673078417778
2348	0.035809699445962906
2349	0.034389883279800415
2350	0.014476289041340351
2351	0.02087366208434105
2352	0.016611410304903984
2353	0.020150218158960342
2354	0.018802279606461525
2355	0.013872751966118813
2356	0.010130337439477444
2357	0.009372607804834843
2358	0.008887884207069874
2359	0.013697248883545399
2360	0.0201574694365263
2361	0.01489216834306717
2362	0.012411527335643768
2363	0.014522889629006386
2364	0.015304731205105782
2365	0.043683972209692
2366	0.03215327858924866
2367	0.023167690262198448
2368	0.048880841583013535
2369	0.09843939542770386
2370	0.12342812120914459
2371	0.44156309962272644
2372	0.31778788566589355
2373	0.5384856462478638
2374	0.3066258430480957
2375	0.697335422039032
2376	0.10350554436445236
2377	0.0568263940513134
2378	0.010637428611516953
2379	0.008207960985600948
2380	0.010718329809606075
2381	0.008200173266232014
2382	0.007200547493994236
2383	0.006535737309604883
2384	0.005316354334354401
2385	0.0068602352403104305
2386	0.006430003326386213
2387	0.007378550712019205
2388	0.005969638004899025
2389	0.0060866158455610275
2390	0.007706478238105774
2391	0.0065207332372665405
2392	0.009096095338463783
2393	0.007170357741415501
2394	0.00784937385469675
2395	0.007885393686592579
2396	0.007757854647934437
2397	0.007501466665416956
2398	0.008207271806895733
2399	0.007752425968647003
2400	0.007265978492796421
2401	0.006150842644274235
2402	0.005083760712295771
2403	0.004391427617520094
2404	0.00611112779006362
2405	0.00485738180577755
2406	0.0057065109722316265
2407	0.011064963415265083
2408	0.007062955293804407
2409	0.011094731278717518
2410	0.007714770268648863
2411	0.0102169094607234
2412	0.013361068442463875
2413	0.017420584335923195
2414	0.018847573548555374
2415	0.010203806683421135
2416	0.010903134942054749
2417	0.006906107068061829
2418	0.008491563610732555
2419	0.009586182422935963
2420	0.007191620767116547
2421	0.00717679038643837
2422	0.005788068752735853
2423	0.0068679386749863625
2424	0.005472071468830109
2425	0.005380410701036453
2426	0.005861723329871893
2427	0.005848502740263939
2428	0.005537834949791431
2429	0.005646222271025181
2430	0.006693647708743811
2431	0.007188207004219294
2432	0.008482025936245918
2433	0.008360423147678375
2434	0.012140120379626751
2435	0.01020894106477499
2436	0.012031758204102516
2437	0.01183527521789074
2438	0.010317605920135975
2439	0.01103849709033966
2440	0.012632885947823524
2441	0.012678086757659912
2442	0.009486233815550804
2443	0.010460433550179005
2444	0.012375219725072384
2445	0.011584433726966381
2446	0.009682024829089642
2447	0.012271744199097157
2448	0.008928692899644375
2449	0.01001124270260334
2450	0.011008760891854763
2451	0.0118229566141963
2452	0.013000979088246822
2453	0.00952188204973936
2454	0.010007300414144993
2455	0.008128553628921509
2456	0.010779283940792084
2457	0.010902638547122478
2458	0.011941023170948029
2459	0.013122359290719032
2460	0.01094770897179842
2461	0.010035214014351368
2462	0.011295114643871784
2463	0.010332836769521236
2464	0.009006249718368053
2465	0.008835419081151485
2466	0.009584206156432629
2467	0.010884205810725689
2468	0.012100582011044025
2469	0.009233236312866211
2470	0.01192071195691824
2471	0.010532528162002563
2472	0.011924679391086102
2473	0.007398372981697321
2474	0.009206550195813179
2475	0.00725059537217021
2476	0.00969646591693163
2477	0.007967203855514526
2478	0.00967464130371809
2479	0.00788919534534216
2480	0.007241555489599705
2481	0.005577806383371353
2482	0.007940366864204407
2483	0.00871953833848238
2484	0.013114768080413342
2485	0.009110882878303528
2486	0.00993907917290926
2487	0.008591501973569393
2488	0.007073715329170227
2489	0.009322483092546463
2490	0.008591515012085438
2491	0.012048195116221905
2492	0.011867332272231579
2493	0.012039616703987122
2494	0.010949141345918179
2495	0.015182352624833584
2496	0.014594842679798603
2497	0.009331020526587963
2498	0.007723603397607803
2499	0.009542087092995644
2500	0.010110489092767239
2501	0.009583265520632267
2502	0.014504343271255493
2503	0.01171931903809309
2504	0.017132317647337914
2505	0.014280078001320362
2506	0.016965879127383232
2507	0.016742099076509476
2508	0.012311771512031555
2509	0.012399970553815365
2510	0.012261214666068554
2511	0.01021535787731409
2512	0.011735579930245876
2513	0.017737841233611107
2514	0.01114190649241209
2515	0.022162169218063354
2516	0.014650523662567139
2517	0.018501928076148033
2518	0.018135916441679
2519	0.01967754028737545
2520	0.01601313427090645
2521	0.01347240712493658
2522	0.019798392429947853
2523	0.012953373603522778
2524	0.024053554981946945
2525	0.028899608179926872
2526	0.02013360895216465
2527	0.024079490453004837
2528	0.025628138333559036
2529	0.016312481835484505
2530	0.01803811825811863
2531	0.022305861115455627
2532	0.019726181402802467
2533	0.02064807526767254
2534	0.022292891517281532
2535	0.02175806276500225
2536	0.021898547187447548
2537	0.02571358159184456
2538	0.016202660277485847
2539	0.017768308520317078
2540	0.011381781660020351
2541	0.01345768291503191
2542	0.009627657942473888
2543	0.012662375345826149
2544	0.008691465482115746
2545	0.00991901196539402
2546	0.008066482841968536
2547	0.010779343545436859
2548	0.009551639668643475
2549	0.007994936779141426
2550	0.011594189330935478
2551	0.010236850939691067
2552	0.007876823656260967
2553	0.008382584899663925
2554	0.005721020046621561
2555	0.006254400592297316
2556	0.0068536424078047276
2557	0.006168634630739689
2558	0.005621961783617735
2559	0.005752226337790489
2560	0.005568304564803839
2561	0.0050949412398040295
2562	0.0054565006867051125
2563	0.004963132552802563
2564	0.004929724149405956
2565	0.005193985532969236
2566	0.005079377442598343
2567	0.004499219357967377
2568	0.00425527710467577
2569	0.005083073396235704
2570	0.004520791582763195
2571	0.004555376712232828
2572	0.005091837141662836
2573	0.004244377836585045
2574	0.004692594986408949
2575	0.00460850028321147
2576	0.005125388503074646
2577	0.004997615702450275
2578	0.005805954337120056
2579	0.005984204355627298
2580	0.005972977727651596
2581	0.006905870046466589
2582	0.006999810226261616
2583	0.005949824582785368
2584	0.006776976864784956
2585	0.00622914731502533
2586	0.007564907427877188
2587	0.007279685232788324
2588	0.007123103830963373
2589	0.00839396845549345
2590	0.015365771017968655
2591	0.012435796670615673
2592	0.021273581311106682
2593	0.02165667712688446
2594	0.02570360340178013
2595	0.009916535578668118
2596	0.018176168203353882
2597	0.022441662847995758
2598	0.043512012809515
2599	0.02796175517141819
2600	0.01934727095067501
2601	0.12245617061853409
2602	0.050505947321653366
2603	0.07055677473545074
2604	0.2660101354122162
2605	0.35536637902259827
2606	0.44851189851760864
2607	0.36951982975006104
2608	0.49308332800865173
2609	0.8056129813194275
2610	0.550612211227417
2611	0.6048241853713989
2612	0.4125331938266754
2613	0.2188684493303299
2614	0.3173181116580963
2615	0.27409684658050537
2616	0.08555736392736435
2617	0.09459010511636734
2618	0.28060421347618103
2619	0.7578603029251099
2620	0.6286041140556335
2621	0.512538731098175
2622	0.05411725118756294
2623	0.05043235048651695
2624	0.032876770943403244
2625	0.2960542142391205
2626	0.4994296133518219
2627	0.8225418925285339
2628	0.9131118655204773
2629	0.8428577780723572
2630	0.7827720642089844
2631	0.4723093509674072
2632	0.6026485562324524
2633	0.9096302390098572
2634	0.9475938677787781
2635	0.9157838821411133
2636	0.9471139311790466
2637	0.9629011154174805
2638	0.9351077079772949
2639	0.9262329936027527
2640	0.8656551241874695
2641	0.14671415090560913
2642	0.010758720338344574
2643	0.015646427869796753
2644	0.012414239346981049
2645	0.016205688938498497
2646	0.01311213057488203
2647	0.014981895685195923
2648	0.014054334722459316
2649	0.010246247053146362
2650	0.014263922348618507
2651	0.013661039061844349
2652	0.01486270409077406
2653	0.010344993323087692
2654	0.01099549513310194
2655	0.008533242158591747
2656	0.6188099384307861
2657	0.9215714335441589
2658	0.907581627368927
2659	0.9205649495124817
2660	0.9040708541870117
2661	0.8965429663658142
2662	0.7558159232139587
2663	0.8189858794212341
2664	0.8847050666809082
2665	0.7439647912979126
2666	0.913641095161438
2667	0.8902794122695923
2668	0.7986095547676086
2669	0.007986651733517647
2670	0.00848438497632742
2671	0.008548793382942677
2672	0.0106125483289361
2673	0.011859108693897724
