frame	prob
0	0.736496090888977
1	0.5918882489204407
2	0.6064430475234985
3	0.27898237109184265
4	0.4809208810329437
5	0.47968292236328125
6	0.362397164106369
7	0.2830173075199127
8	0.18397600948810577
9	0.1752677708864212
10	0.20547392964363098
11	0.12086987495422363
12	0.14607064425945282
13	0.06614817678928375
14	0.027356136590242386
15	0.030286436900496483
16	0.037647128105163574
17	0.02529141865670681
18	0.013757494278252125
19	0.014836186543107033
20	0.011295233853161335
21	0.010119829326868057
22	0.012958928942680359
23	0.049835871905088425
24	0.010172043927013874
25	0.0074905455112457275
26	0.00816386193037033
27	0.008774650283157825
28	0.008465002290904522
29	0.009631541557610035
30	0.00845450907945633
31	0.007527971174567938
32	0.00984025839716196
33	0.008920574560761452
34	0.006743662059307098
35	0.0073865922167897224
36	0.007241175975650549
37	0.008771048858761787
38	0.00872581172734499
39	0.010469253174960613
40	0.009126405231654644
41	0.011947140097618103
42	0.010196632705628872
43	0.011543403379619122
44	0.010313378646969795
45	0.009343944489955902
46	0.008993457071483135
47	0.00932315643876791
48	0.007606174796819687
49	0.005629662424325943
50	0.006647386588156223
51	0.006367080844938755
52	0.005655806045979261
53	0.0070247589610517025
54	0.007501642685383558
55	0.007512856274843216
56	0.007841888815164566
57	0.009428897872567177
58	0.007873154245316982
59	0.005958740599453449
60	0.006164398975670338
61	0.004528392106294632
62	0.004094526171684265
63	0.006410299334675074
64	0.00610113563016057
65	0.007524362299591303
66	0.006115485914051533
67	0.006414552219212055
68	0.0061930338852107525
69	0.0065869116224348545
70	0.0060269953683018684
71	0.006974170450121164
72	0.00625393632799387
73	0.01098991371691227
74	0.01343261357396841
75	0.014580284245312214
76	0.012992456555366516
77	0.013055011630058289
78	0.0091075599193573
79	0.007951823063194752
80	0.00750070670619607
81	0.007349442690610886
82	0.010058899410068989
83	0.010115128941833973
84	0.009083210490643978
85	0.012436936609447002
86	0.011178233660757542
87	0.014274582266807556
88	0.010542772710323334
89	0.012448112480342388
90	0.01079358346760273
91	0.02323765866458416
92	0.013162625022232533
93	0.015496066771447659
94	0.013752487488090992
95	0.013352977111935616
96	0.012940242886543274
97	0.014929448254406452
98	0.011950000189244747
99	0.014022228308022022
100	0.007329720538109541
101	0.010383700020611286
102	0.00807964988052845
103	0.011435533873736858
104	0.010948779992759228
105	0.011200661770999432
106	0.010318799875676632
107	0.01194769423455
108	0.017356259748339653
109	0.01517140306532383
110	0.023583784699440002
111	0.03215048462152481
112	0.02828931249678135
113	0.026319924741983414
114	0.02078685350716114
115	0.025880608707666397
116	0.01887686736881733
117	0.013501769863069057
118	0.01300822850316763
119	0.019421959295868874
120	0.0164816714823246
121	0.01753801666200161
122	0.026338785886764526
123	0.019848981872200966
124	0.029266050085425377
125	0.024750031530857086
126	0.034930165857076645
127	0.037666432559490204
128	0.058990269899368286
129	0.13368459045886993
130	0.25139889121055603
131	0.3193928599357605
132	0.264596551656723
133	0.2933293282985687
134	0.23419241607189178
135	0.23008659482002258
136	0.2364521026611328
137	0.062095094472169876
138	0.14120839536190033
139	0.1050797626376152
140	0.3308236300945282
141	0.3113117516040802
142	0.4131224751472473
143	0.29879137873649597
144	0.6999552845954895
145	0.7707913517951965
146	0.7893890142440796
147	0.8555707931518555
148	0.8700492978096008
149	0.8169960379600525
150	0.8799344897270203
151	0.8377895355224609
152	0.8409616351127625
153	0.6814628839492798
154	0.6019434332847595
155	0.646359920501709
156	0.6013868451118469
157	0.5056764483451843
158	0.5295133590698242
159	0.43989965319633484
160	0.685292661190033
161	0.585839569568634
162	0.41517892479896545
163	0.5953153371810913
164	0.6027180552482605
165	0.6583477854728699
166	0.7800042033195496
167	0.6806527972221375
168	0.8024455904960632
169	0.724183201789856
170	0.8066458702087402
171	0.7412633299827576
172	0.6871015429496765
173	0.5542417764663696
174	0.48048678040504456
175	0.33441686630249023
176	0.04712836816906929
177	0.04748133569955826
178	0.010987751185894012
179	0.01279433723539114
180	0.01624271273612976
181	0.017712561413645744
182	0.013404309749603271
183	0.00983389187604189
184	0.012055359780788422
185	0.015413576737046242
186	0.01625520922243595
187	0.01361661683768034
188	0.016825098544359207
189	0.009063470177352428
190	0.009833286516368389
191	0.01177841704338789
192	0.010105658322572708
193	0.010795190930366516
194	0.012817624025046825
195	0.018687935546040535
196	0.015607220120728016
197	0.019179895520210266
198	0.031037626788020134
199	0.01791408844292164
200	0.017819730564951897
201	0.019845997914671898
202	0.015359717421233654
203	0.010647634044289589
204	0.009881222620606422
205	0.013111869804561138
206	0.010615185834467411
207	0.013295571319758892
208	0.011332030408084393
209	0.010749386623501778
210	0.01059573981910944
211	0.010777524672448635
212	0.011311590671539307
213	0.014956763945519924
214	0.018463879823684692
215	0.013736448250710964
216	0.01968693546950817
217	0.01669379137456417
218	0.016552744433283806
219	0.01508098840713501
220	0.01500145997852087
221	0.01997487060725689
222	0.012208363972604275
223	0.010114585049450397
224	0.011840038001537323
225	0.009417364373803139
226	0.010946357622742653
227	0.01255439966917038
228	0.011559419333934784
229	0.010806450620293617
230	0.012099341489374638
231	0.01275714673101902
232	0.01007690466940403
233	0.011440406553447247
234	0.009385055862367153
235	0.010177974589169025
236	0.038891423493623734
237	0.033326633274555206
238	0.06520365923643112
239	0.13386182487010956
240	0.08729247748851776
241	0.08020627498626709
242	0.13193117082118988
243	0.07758165895938873
244	0.08406678587198257
245	0.10272448509931564
246	0.0568968839943409
247	0.13734669983386993
248	0.12073566019535065
249	0.30728211998939514
250	0.3646204173564911
251	0.4709722101688385
252	0.6279577612876892
253	0.4908253252506256
254	0.47600528597831726
255	0.20895519852638245
256	0.15392456948757172
257	0.14388643205165863
258	0.04856777563691139
259	0.10740416496992111
260	0.2388535588979721
261	0.2672859728336334
262	0.4337541162967682
263	0.6234204769134521
264	0.6419825553894043
265	0.7431628108024597
266	0.8715589642524719
267	0.6541007161140442
268	0.656258761882782
269	0.5853244066238403
270	0.6126238703727722
271	0.4739796817302704
272	0.5299092531204224
273	0.3993616998195648
274	0.6235530972480774
275	0.5371371507644653
276	0.48859333992004395
277	0.4245845377445221
278	0.530376136302948
279	0.4458369314670563
280	0.42056146264076233
281	0.3244155943393707
282	0.3988538682460785
283	0.5735920667648315
284	0.5314159393310547
285	0.6744656562805176
286	0.7557897567749023
287	0.8307506442070007
288	0.8588501214981079
289	0.7598946690559387
290	0.2820553183555603
291	0.17024746537208557
292	0.09127400070428848
293	0.036609966307878494
294	0.05993831157684326
295	0.037322159856557846
296	0.04810316115617752
297	0.06837853044271469
298	0.11488717794418335
299	0.3673480749130249
300	0.636208176612854
301	0.2997690737247467
302	0.05593087896704674
303	0.03665291145443916
304	0.03153390809893608
305	0.019193468615412712
306	0.01980961300432682
307	0.020973632112145424
308	0.021597502753138542
309	0.02353171445429325
310	0.018282493576407433
311	0.01667463406920433
312	0.03997910022735596
313	0.030389148741960526
314	0.018839923664927483
315	0.016573427245020866
316	0.02937847375869751
317	0.022473325952887535
318	0.015422947704792023
319	0.40671902894973755
320	0.6438081860542297
321	0.6237227320671082
322	0.2618411183357239
323	0.13969863951206207
324	0.011497399769723415
325	0.006543560419231653
326	0.009529799222946167
327	0.009272594936192036
328	0.01109081506729126
329	0.012155565433204174
330	0.016413889825344086
331	0.016706466674804688
332	0.014307253062725067
333	0.018943458795547485
334	0.011592048220336437
335	0.012397365644574165
336	0.010552025400102139
337	0.009229207411408424
338	0.008760022930800915
339	0.011330838315188885
340	0.0084080770611763
341	0.008120029233396053
342	0.009766513481736183
343	0.009344863705337048
344	0.008813799358904362
345	0.007305378559976816
346	0.008460178971290588
347	0.00684419646859169
348	0.006454799324274063
349	0.006714364048093557
350	0.005756431724876165
351	0.0065190838649868965
352	0.005897806491702795
353	0.005677687469869852
354	0.005528061650693417
355	0.006188588682562113
356	0.0066025638952851295
357	0.006730050779879093
358	0.00835411436855793
359	0.008478197269141674
360	0.0062251402996480465
361	0.005942716728895903
362	0.006762971170246601
363	0.0058866445906460285
364	0.006820205133408308
365	0.005903320852667093
366	0.004980321507900953
367	0.0053313556127250195
368	0.005133109632879496
369	0.006636957172304392
370	0.005729812663048506
371	0.005771100055426359
372	0.006315103266388178
373	0.007106769364327192
374	0.008726424537599087
375	0.0070107802748680115
376	0.007449327502399683
377	0.008458840660750866
378	0.007473450154066086
379	0.007960393093526363
380	0.007185734808444977
381	0.007777767721563578
382	0.00855810847133398
383	0.0067016915418207645
384	0.006612546741962433
385	0.010458491742610931
386	0.007131784688681364
387	0.007880525663495064
388	0.005465964321047068
389	0.007620977703481913
390	0.007318742107599974
391	0.006382310297340155
392	0.007273802999407053
393	0.00658890325576067
394	0.00797309260815382
395	0.008354309014976025
396	0.009742587804794312
397	0.011734306812286377
398	0.01037618238478899
399	0.008332951925694942
400	0.0068907784298062325
401	0.00739994365721941
402	0.007609669119119644
403	0.007819379679858685
404	0.007220110390335321
405	0.007350290659815073
406	0.007319986820220947
407	0.009130810387432575
408	0.0064713070169091225
409	0.00777705991640687
410	0.007029633969068527
411	0.007333310786634684
412	0.008599139750003815
413	0.007509314920753241
414	0.008466457016766071
415	0.005779880564659834
416	0.005992323625832796
417	0.005962137132883072
418	0.008498000912368298
419	0.0063499631360173225
420	0.007166840136051178
421	0.006973471026867628
422	0.00664589274674654
423	0.005913286469876766
424	0.005628274288028479
425	0.004000229295343161
426	0.006335980724543333
427	0.007038247771561146
428	0.005206169094890356
429	0.006489605642855167
430	0.005641690921038389
431	0.006052128504961729
432	0.0059592509642243385
433	0.00595919881016016
434	0.005648709833621979
435	0.004850875120609999
436	0.005340964999049902
437	0.007500219624489546
438	0.007148447912186384
439	0.0064065055921673775
440	0.006829678546637297
441	0.006750086788088083
442	0.006486646365374327
443	0.007882347330451012
444	0.006037167739123106
445	0.008644764311611652
446	0.006386703345924616
447	0.006812301464378834
448	0.006490245461463928
449	0.009837021119892597
450	0.007525554392486811
451	0.01090474333614111
452	0.008325932547450066
453	0.00775107741355896
454	0.006849158089607954
455	0.006859786808490753
456	0.007242635823786259
457	0.006817488465458155
458	0.006867540068924427
459	0.007699077017605305
460	0.007055508438497782
461	0.006448754575103521
462	0.006249356549233198
463	0.007758732885122299
464	0.008396640419960022
465	0.007323193829506636
466	0.00804478581994772
467	0.007960383780300617
468	0.008039692416787148
469	0.007986137643456459
470	0.006979300174862146
471	0.008173528127372265
472	0.008665096946060658
473	0.008660397492349148
474	0.005970717407763004
475	0.007896814495325089
476	0.004503236152231693
477	0.005171123426407576
478	0.007985944859683514
479	0.00914450641721487
480	0.007381256204098463
481	0.004964420571923256
482	0.004063703119754791
483	0.007137323264032602
484	0.008460847660899162
485	0.005571314599364996
486	0.006727296859025955
487	0.00832346361130476
488	0.011544075794517994
489	0.008647220209240913
490	0.008840265683829784
491	0.006850118283182383
492	0.010179265402257442
493	0.006709007080644369
494	0.008452561683952808
495	0.0074224406853318214
496	0.007578379008919001
497	0.0078033581376075745
498	0.007399208843708038
499	0.008857030421495438
500	0.007761788554489613
501	0.006450919900089502
502	0.0061276378110051155
503	0.006831424776464701
504	0.006557098124176264
505	0.00582191813737154
506	0.00598909193649888
507	0.007839472964406013
508	0.006596015300601721
509	0.008515620604157448
510	0.008104328997433186
511	0.008897130377590656
512	0.00932691153138876
513	0.010416211560368538
514	0.009998743422329426
515	0.01483005192130804
516	0.012753555551171303
517	0.012220471166074276
518	0.014801702462136745
519	0.013149350881576538
520	0.011299340054392815
521	0.011948381550610065
522	0.009413064457476139
523	0.013725901022553444
524	0.012002159841358662
525	0.012796910479664803
526	0.009845338761806488
527	0.014163034968078136
528	0.010117058642208576
529	0.014773077331483364
530	0.013381796889007092
531	0.017418546602129936
532	0.013104644604027271
533	0.013050148263573647
534	0.010112762451171875
535	0.014896524138748646
536	0.011291866190731525
537	0.007546104025095701
538	0.009400801733136177
539	0.009996908716857433
540	0.009088722057640553
541	0.008222093805670738
542	0.00812940951436758
543	0.009688532911241055
544	0.014263920485973358
545	0.007652468979358673
546	0.007234455551952124
547	0.008814032189548016
548	0.011294979602098465
549	0.010318644344806671
550	0.010577166453003883
551	0.011230180971324444
552	0.010746954008936882
553	0.009911328554153442
554	0.01079124491661787
555	0.009050169959664345
556	0.010701444931328297
557	0.008295929059386253
558	0.010815954767167568
559	0.0092421630397439
560	0.012396481819450855
561	0.012352034449577332
562	0.009446321055293083
563	0.010688739828765392
564	0.011447695083916187
565	0.009972102008759975
566	0.012059805914759636
567	0.012710677459836006
568	0.013731337152421474
569	0.011348390951752663
570	0.014413301832973957
571	0.011496360413730145
572	0.012247792445123196
573	0.011958034709095955
574	0.01030587125569582
575	0.01276092417538166
576	0.012548746541142464
577	0.011159221641719341
578	0.012145700864493847
579	0.012741331942379475
580	0.015928683802485466
581	0.009806825779378414
582	0.010416579432785511
583	0.009521180763840675
584	0.008257771842181683
585	0.009899984113872051
586	0.0095251789316535
587	0.010213631205260754
588	0.011014117859303951
589	0.008939206600189209
590	0.009742740541696548
591	0.007039373274892569
592	0.00920066237449646
593	0.004816365893930197
594	0.007305059116333723
595	0.007598648313432932
596	0.005401948932558298
597	0.007198885083198547
598	0.006430766079574823
599	0.005241484846919775
600	0.0042553371749818325
601	0.0052467226050794125
602	0.004687943961471319
603	0.003789555747061968
604	0.005372949875891209
605	0.0047138528898358345
606	0.0063381800428032875
607	0.0061754691414535046
608	0.005559995770454407
609	0.004943329840898514
610	0.0044829146936535835
611	0.0059473030269145966
612	0.007455216255038977
613	0.005955509375780821
614	0.0048413327895104885
615	0.005046200938522816
616	0.005252661649137735
617	0.005612000357359648
618	0.006090554408729076
619	0.007259103003889322
620	0.004846035037189722
621	0.005240173544734716
622	0.005674318410456181
623	0.00494623277336359
624	0.0061037191189825535
625	0.006554563995450735
626	0.006068728398531675
627	0.005006752442568541
628	0.006700167898088694
629	0.005392871797084808
630	0.005952890962362289
631	0.005215558689087629
632	0.00612108176574111
633	0.006051042582839727
634	0.006144064944237471
635	0.00612381799146533
636	0.005165103357285261
637	0.00582306832075119
638	0.007499472703784704
639	0.006694776006042957
640	0.006008520722389221
641	0.006683234125375748
642	0.005298019386827946
643	0.005783754400908947
644	0.007222899701446295
645	0.006750378757715225
646	0.006036326289176941
647	0.006262544076889753
648	0.0065518091432750225
649	0.0064670429565012455
650	0.006512913387268782
651	0.005817614030092955
652	0.0061444430612027645
653	0.005785364657640457
654	0.007497155573219061
655	0.005741511471569538
656	0.005815749056637287
657	0.0057586925104260445
658	0.0060202996246516705
659	0.006624519359320402
660	0.006374055985361338
661	0.007070611696690321
662	0.006257400847971439
663	0.006028126459568739
664	0.005726373754441738
665	0.005675696302205324
666	0.005263158585876226
667	0.005738799460232258
668	0.006620632018893957
669	0.007963527925312519
670	0.005605192389339209
671	0.005840204656124115
672	0.006264925934374332
673	0.006809141021221876
674	0.0076690614223480225
675	0.005740362219512463
676	0.005350218620151281
677	0.00623371172696352
678	0.005905219819396734
679	0.005665471777319908
680	0.005309396423399448
681	0.004410286899656057
682	0.004903282970190048
683	0.004447072744369507
684	0.005438491236418486
685	0.004638997372239828
686	0.0053987582214176655
687	0.004727114457637072
688	0.005530884023755789
689	0.006051973439753056
690	0.00471440190449357
691	0.005175119731575251
692	0.00412885844707489
693	0.005505172535777092
694	0.005862209480255842
695	0.00632542883977294
696	0.0066879610531032085
697	0.006322632078081369
698	0.005518339574337006
699	0.006142167374491692
700	0.006493796594440937
701	0.005765064153820276
702	0.00623263930901885
703	0.00595416035503149
704	0.0050379312597215176
705	0.005568929947912693
706	0.005295564886182547
707	0.006813319865614176
708	0.007701386697590351
709	0.006414184812456369
710	0.00716359680518508
711	0.008310921490192413
712	0.007250349503010511
713	0.008153792470693588
714	0.008308145217597485
715	0.007120057940483093
716	0.007578195538371801
717	0.007784718181937933
718	0.006763582117855549
719	0.007523150648921728
720	0.007083730306476355
721	0.0069170729257166386
722	0.008058203384280205
723	0.007613641209900379
724	0.007881744764745235
725	0.007327644620090723
726	0.00531808752566576
727	0.006185838021337986
728	0.006020306143909693
729	0.006681091617792845
730	0.0073856934905052185
731	0.008842254988849163
732	0.007482040207833052
733	0.007012790534645319
734	0.006752721965312958
735	0.0075431764125823975
736	0.006438992917537689
737	0.008221655152738094
738	0.006656270008534193
739	0.007160167675465345
740	0.006850932724773884
741	0.006901619490236044
742	0.009680296294391155
743	0.008255419321358204
744	0.0076581076718866825
745	0.007878809235990047
746	0.009857398457825184
747	0.0068489923141896725
748	0.007811503019183874
749	0.00787664856761694
750	0.007033877074718475
751	0.006601010449230671
752	0.0052681476809084415
753	0.006376714911311865
754	0.0061597819440066814
755	0.0075506181456148624
756	0.006046629976481199
757	0.006419330835342407
758	0.006600742228329182
759	0.005971177015453577
760	0.006808286998420954
761	0.006646421737968922
762	0.007125546224415302
763	0.007018387317657471
764	0.007288774941116571
765	0.008294433355331421
766	0.011525197885930538
767	0.00964160542935133
768	0.008052741177380085
769	0.010022573173046112
770	0.010961636900901794
771	0.009071883745491505
772	0.008261868730187416
773	0.009753653779625893
774	0.012803497724235058
775	0.015924304723739624
776	0.019186971709132195
777	0.02420205809175968
778	0.018533052876591682
779	0.01376422680914402
780	0.01369457971304655
781	0.012883724644780159
782	0.013315108604729176
783	0.009324634447693825
784	0.010786992497742176
785	0.014713945798575878
786	0.013065981678664684
787	0.016087260097265244
788	0.014944486320018768
789	0.01453107874840498
790	0.016584550961852074
791	0.015128749422729015
792	0.016240159049630165
793	0.015237824991345406
794	0.01569489575922489
795	0.01602751389145851
796	0.016929669305682182
797	0.01304897665977478
798	0.012577543035149574
799	0.012037734501063824
800	0.011474907398223877
801	0.012457727454602718
802	0.013935062102973461
803	0.013591905124485493
804	0.013525123707950115
805	0.01574292592704296
806	0.013953836634755135
807	0.014127969741821289
808	0.01769615150988102
809	0.0130262840539217
810	0.015671318396925926
811	0.0180767010897398
812	0.013942549005150795
813	0.017177725210785866
814	0.011473821476101875
815	0.01346664410084486
816	0.01131125632673502
817	0.012529474683105946
818	0.014899787493050098
819	0.012067765928804874
820	0.011575733311474323
821	0.010138086974620819
822	0.013134586624801159
823	0.013515233062207699
824	0.01208739634603262
825	0.013514185324311256
826	0.013587315566837788
827	0.0152230653911829
828	0.008139774203300476
829	0.013267025351524353
830	0.009780899621546268
831	0.010268683545291424
832	0.009159763343632221
833	0.013635731302201748
834	0.014019730500876904
835	0.01162403542548418
836	0.013379925861954689
837	0.01280894037336111
838	0.012210102751851082
839	0.01345458347350359
840	0.012347700074315071
841	0.01881369762122631
842	0.014635423198342323
843	0.015029951930046082
844	0.013759816065430641
845	0.019325336441397667
846	0.0265748742967844
847	0.01841280236840248
848	0.010542643256485462
849	0.012811277993023396
850	0.01082408707588911
851	0.008023290894925594
852	0.008759590797126293
853	0.011207234114408493
854	0.010493425652384758
855	0.009862245991826057
856	0.008993367664515972
857	0.005275990813970566
858	0.004622630774974823
859	0.004153147805482149
860	0.010000144131481647
861	0.013072174973785877
862	0.0122584393247962
863	0.009991507045924664
864	0.018425418063998222
865	0.018012141808867455
866	0.018064184114336967
867	0.011839594691991806
868	0.01661871373653412
869	0.026113256812095642
870	0.029040103778243065
871	0.024099797010421753
872	0.0373641736805439
873	0.04757528379559517
874	0.04241379350423813
875	0.054087407886981964
876	0.040939271450042725
877	0.03921162709593773
878	0.043522078543901443
879	0.061539143323898315
880	0.043570831418037415
881	0.10242096334695816
882	0.029684726148843765
883	0.025328317657113075
884	0.03918350860476494
885	0.030824745073914528
886	0.04758596792817116
887	0.04928949102759361
888	0.03491770103573799
889	0.032216381281614304
890	0.033746685832738876
891	0.04224134236574173
892	0.040529388934373856
893	0.03025052323937416
894	0.04710860922932625
895	0.03791917487978935
896	0.04196305200457573
897	0.04632377251982689
898	0.04374752566218376
899	0.029668932780623436
900	0.025025928393006325
901	0.035440538078546524
902	0.024745618924498558
903	0.05378817394375801
904	0.03173600882291794
905	0.02362898550927639
906	0.04556247219443321
907	0.03784982115030289
908	0.03362378478050232
909	0.03909673914313316
910	0.040619563311338425
911	0.03462377190589905
912	0.03502550348639488
913	0.0317525789141655
914	0.03953934460878372
915	0.03124278597533703
916	0.02937358431518078
917	0.03789624944329262
918	0.03341035917401314
919	0.04697279632091522
920	0.026118600741028786
921	0.036633625626564026
922	0.03781522437930107
923	0.04314331337809563
924	0.037623804062604904
925	0.036392658948898315
926	0.0268796868622303
927	0.04103438928723335
928	0.035526275634765625
929	0.04357993230223656
930	0.056238628923892975
931	0.033197250217199326
932	0.027587682008743286
933	0.02181842178106308
934	0.01208692416548729
935	0.018727770075201988
936	0.022083409130573273
937	0.02792351320385933
938	0.014933985657989979
939	0.029564781114459038
940	0.02242325060069561
941	0.029682699590921402
942	0.037370212376117706
943	0.04658995941281319
944	0.038810115307569504
945	0.02763410285115242
946	0.035374272614717484
947	0.0358944870531559
948	0.046322084963321686
949	0.03042401745915413
950	0.03867563605308533
951	0.05513397604227066
952	0.0502583272755146
953	0.04355006292462349
954	0.03317972645163536
955	0.03052493743598461
956	0.03625617176294327
957	0.034287821501493454
958	0.03907874971628189
959	0.09079017490148544
960	0.051217056810855865
961	0.035235095769166946
962	0.029055047780275345
963	0.020311590284109116
964	0.022446131333708763
965	0.04578452184796333
966	0.03505510836839676
967	0.027219129726290703
968	0.02489384077489376
969	0.035186879336833954
970	0.024424759671092033
971	0.01869085803627968
972	0.013569006696343422
973	0.01474104542285204
974	0.013826417736709118
975	0.014784886501729488
976	0.01660848967730999
977	0.017651701346039772
978	0.018539952114224434
979	0.020320232957601547
980	0.016040440648794174
981	0.01599101722240448
982	0.020722929388284683
983	0.014865651726722717
984	0.014530039392411709
985	0.015534860081970692
986	0.015437397174537182
987	0.019884398207068443
988	0.018037831410765648
989	0.019303414970636368
990	0.022906629368662834
991	0.019306132569909096
992	0.018039459362626076
993	0.01652078703045845
994	0.010998251847922802
995	0.010866533033549786
996	0.010452322661876678
997	0.01150918286293745
998	0.012584278360009193
999	0.009587237611413002
1000	0.008728193119168282
1001	0.011135461740195751
1002	0.010671228170394897
1003	0.008717450313270092
1004	0.009380916133522987
1005	0.0064917863346636295
1006	0.007247275207191706
1007	0.009161931462585926
1008	0.009751691482961178
1009	0.00816444680094719
1010	0.008125299587845802
1011	0.010905523784458637
1012	0.009191825985908508
1013	0.007639776915311813
1014	0.008082862012088299
1015	0.005796489771455526
1016	0.005855300929397345
1017	0.006945443339645863
1018	0.006774547975510359
1019	0.008771476335823536
1020	0.008590349927544594
1021	0.00798614788800478
1022	0.009293227456510067
1023	0.00923119392246008
1024	0.009723635390400887
1025	0.01035082247108221
1026	0.009062051773071289
1027	0.00995452981442213
1028	0.009702863171696663
1029	0.007578997407108545
1030	0.008675806224346161
1031	0.008282159455120564
1032	0.011957383714616299
1033	0.009385691955685616
1034	0.010457786731421947
1035	0.012394698336720467
1036	0.010204486548900604
1037	0.010633825324475765
1038	0.009409653954207897
1039	0.00865361001342535
1040	0.007625023368746042
1041	0.008942394517362118
1042	0.007341179996728897
1043	0.007347910199314356
1044	0.007668546866625547
1045	0.007607123348861933
1046	0.007938581518828869
1047	0.00785208772867918
1048	0.007232516538351774
1049	0.008880719542503357
1050	0.009098752401769161
1051	0.006962999701499939
1052	0.007084228098392487
1053	0.006707351189106703
1054	0.008291457779705524
1055	0.005842890124768019
1056	0.0069261640310287476
1057	0.0090877590700984
1058	0.008163908496499062
1059	0.007720418274402618
1060	0.009621532633900642
1061	0.006944839842617512
1062	0.007192328106611967
1063	0.007754195481538773
1064	0.007989956997334957
1065	0.007209478411823511
1066	0.007406687829643488
1067	0.007637900300323963
1068	0.00695192813873291
1069	0.006951581686735153
1070	0.008292160928249359
1071	0.010397019796073437
1072	0.009357460774481297
1073	0.007385960314422846
1074	0.008149342611432076
1075	0.008223946206271648
1076	0.0071037220768630505
1077	0.00701187876984477
1078	0.006439857184886932
1079	0.005689691752195358
1080	0.0062126233242452145
1081	0.005313565023243427
1082	0.008017735555768013
1083	0.006537304259836674
1084	0.006704470608383417
1085	0.006645377725362778
1086	0.007342316210269928
1087	0.008157500997185707
1088	0.009032867848873138
1089	0.008895033039152622
1090	0.007239579688757658
1091	0.007545493543148041
1092	0.008272899314761162
1093	0.007764859590679407
1094	0.007353296037763357
1095	0.007656617555767298
1096	0.007482733111828566
1097	0.008927661925554276
1098	0.008927885442972183
1099	0.008144551888108253
1100	0.008683358319103718
1101	0.007834362797439098
1102	0.007473030127584934
1103	0.00817853957414627
1104	0.00914048496633768
1105	0.00987307634204626
1106	0.006854681763797998
1107	0.007521267980337143
1108	0.007341751363128424
1109	0.008231214247643948
1110	0.00832852628082037
1111	0.009729824960231781
1112	0.010070166550576687
1113	0.00856456346809864
1114	0.010135418735444546
1115	0.008081193082034588
1116	0.007274861913174391
1117	0.0072540538385510445
1118	0.007903657853603363
1119	0.007473422680050135
1120	0.010990262031555176
1121	0.00852669682353735
1122	0.00836116448044777
1123	0.00949085783213377
1124	0.010940100066363811
1125	0.010720244608819485
1126	0.008878212422132492
1127	0.008005930110812187
1128	0.008097955957055092
1129	0.007821946404874325
1130	0.008019307628273964
1131	0.008027789182960987
1132	0.00961956288665533
1133	0.00900282897055149
1134	0.008150092326104641
1135	0.008851580321788788
1136	0.010781168937683105
1137	0.010882945731282234
1138	0.01024005189538002
1139	0.008510717190802097
1140	0.009094806388020515
1141	0.008675276301801205
1142	0.008813854306936264
1143	0.009985946118831635
1144	0.010465343482792377
1145	0.009202045388519764
1146	0.009750209748744965
1147	0.007641950156539679
1148	0.010147175751626492
1149	0.011311151087284088
1150	0.011346369050443172
1151	0.010972944088280201
1152	0.0211728997528553
1153	0.015220025554299355
1154	0.01453411765396595
1155	0.011221731081604958
1156	0.00837247259914875
1157	0.007230459246784449
1158	0.009584886021912098
1159	0.007109440863132477
1160	0.006881780922412872
1161	0.006080442573875189
1162	0.004113650880753994
1163	0.00488663837313652
1164	0.005374691914767027
1165	0.0049164812080562115
1166	0.004803569056093693
1167	0.005519752390682697
1168	0.00701160728931427
1169	0.00743046123534441
1170	0.00796394981443882
1171	0.007359652314335108
1172	0.005802751053124666
1173	0.008317395113408566
1174	0.008626955561339855
1175	0.007546089589595795
1176	0.007100195623934269
1177	0.007575388997793198
1178	0.006224385928362608
1179	0.0065703364089131355
1180	0.006840541958808899
1181	0.006282775197178125
1182	0.007523058447986841
1183	0.00615205941721797
1184	0.007257485296577215
1185	0.006817002780735493
1186	0.006587169598788023
1187	0.008040237240493298
1188	0.006467533763498068
1189	0.00743152154609561
1190	0.00668267160654068
1191	0.006660501006990671
1192	0.005692232400178909
1193	0.006395420525223017
1194	0.0069030821323394775
1195	0.007254870142787695
1196	0.006762057542800903
1197	0.007748153991997242
1198	0.008757560513913631
1199	0.008916676975786686
1200	0.008443822152912617
1201	0.01027527917176485
1202	0.0083475885912776
1203	0.009746472351253033
1204	0.00925667118281126
1205	0.010416793636977673
1206	0.008316818624734879
1207	0.008625471964478493
1208	0.009064052253961563
1209	0.010741166770458221
1210	0.010328021831810474
1211	0.010614042170345783
1212	0.012330004945397377
1213	0.014930943958461285
1214	0.016332371160387993
1215	0.018127260729670525
1216	0.01578005962073803
1217	0.01883023791015148
1218	0.01673978380858898
1219	0.01620154082775116
1220	0.013668817467987537
1221	0.012714564800262451
1222	0.010286879725754261
1223	0.009108860045671463
1224	0.009493110701441765
1225	0.007632149849087
1226	0.008801929652690887
1227	0.008466958999633789
1228	0.008505793288350105
1229	0.008668172173202038
1230	0.01200190745294094
1231	0.00840278435498476
1232	0.008735127747058868
1233	0.009355388581752777
1234	0.009837995283305645
1235	0.009464161470532417
1236	0.010674728080630302
1237	0.010397029109299183
1238	0.011572430841624737
1239	0.01279681921005249
1240	0.010481162928044796
1241	0.010271327570080757
1242	0.01106259785592556
1243	0.010282022878527641
1244	0.009897664189338684
1245	0.01049977820366621
1246	0.012379107065498829
1247	0.012350144796073437
1248	0.011841857805848122
1249	0.010743580758571625
1250	0.012163112871348858
1251	0.013318679295480251
1252	0.015209898352622986
1253	0.010218850336968899
1254	0.008451610803604126
1255	0.009919356554746628
1256	0.00907145906239748
1257	0.0080613037571311
1258	0.009075862355530262
1259	0.006765070836991072
1260	0.006882493384182453
1261	0.0068152411840856075
1262	0.003767570247873664
1263	0.005521498154848814
1264	0.010509182699024677
1265	0.007428197655826807
1266	0.006348229944705963
1267	0.005176120437681675
1268	0.004561242647469044
1269	0.0036298297345638275
1270	0.005028665065765381
1271	0.0034053397830575705
1272	0.00515440758317709
1273	0.004647320602089167
1274	0.006689657457172871
1275	0.008210080675780773
1276	0.008154084905982018
1277	0.011260312050580978
1278	0.007011461537331343
1279	0.007917866110801697
1280	0.00784160103648901
1281	0.006352217402309179
1282	0.007121018599718809
1283	0.007424673531204462
1284	0.008322617039084435
1285	0.00833944696933031
1286	0.00747087225317955
1287	0.008761650882661343
1288	0.009316527284681797
1289	0.008207266218960285
1290	0.009073450230062008
1291	0.009341508150100708
1292	0.008325275965034962
1293	0.009763497859239578
1294	0.009687754325568676
1295	0.011313527822494507
1296	0.009998462162911892
1297	0.011407221667468548
1298	0.01047997921705246
1299	0.012175388634204865
1300	0.015135176479816437
1301	0.009748428128659725
1302	0.012734713964164257
1303	0.014247543178498745
1304	0.011604765430092812
1305	0.013820886611938477
1306	0.015052533708512783
1307	0.014883908443152905
1308	0.013915511779487133
1309	0.015521073713898659
1310	0.013233184814453125
1311	0.01917138323187828
1312	0.013671422377228737
1313	0.0245529692620039
1314	0.016508040949702263
1315	0.014670549891889095
1316	0.014709162525832653
1317	0.008973559364676476
