frame	prob
0	0.2821164131164551
1	0.5196632742881775
2	0.6441721320152283
3	0.5157455205917358
4	0.8391264081001282
5	0.7009376883506775
6	0.8058550953865051
7	0.5365988612174988
8	0.5197120904922485
9	0.3937900960445404
10	0.28116050362586975
11	0.30742159485816956
12	0.33947426080703735
13	0.35116660594940186
14	0.3048368990421295
15	0.46042343974113464
16	0.4271283745765686
17	0.33918920159339905
18	0.5161463022232056
19	0.422341912984848
20	0.35667353868484497
21	0.5416838526725769
22	0.37385955452919006
23	0.43786388635635376
24	0.6505832672119141
25	0.6589288115501404
26	0.704804539680481
27	0.7246168851852417
28	0.5940849184989929
29	0.4873817563056946
30	0.7425472736358643
31	0.7694055438041687
32	0.7674563527107239
33	0.7381675839424133
34	0.7652323842048645
35	0.8069425821304321
36	0.7771466970443726
37	0.5656906962394714
38	0.49866199493408203
39	0.689183235168457
40	0.6981865167617798
41	0.5893933176994324
42	0.5079420208930969
43	0.4299027621746063
44	0.6594902873039246
45	0.7174663543701172
46	0.4903125762939453
47	0.6552734971046448
48	0.6562560200691223
49	0.8006675839424133
50	0.7423566579818726
51	0.7242734432220459
52	0.814885139465332
53	0.7131087183952332
54	0.5774415731430054
55	0.3643459975719452
56	0.3754590153694153
57	0.39970555901527405
58	0.3856774866580963
59	0.3866754174232483
60	0.6386341452598572
61	0.5976265072822571
62	0.5619646310806274
63	0.8218957781791687
64	0.8893938064575195
65	0.6591619849205017
66	0.5582683682441711
67	0.5808431506156921
68	0.21844659745693207
69	0.35604891180992126
70	0.013964514248073101
71	0.015377983450889587
72	0.027142418548464775
73	0.1010727658867836
74	0.14839933812618256
75	0.3678828179836273
76	0.1388126164674759
77	0.39401188492774963
78	0.3069457709789276
79	0.36605191230773926
80	0.49782586097717285
81	0.4968365728855133
82	0.47171661257743835
83	0.2712661921977997
84	0.40127015113830566
85	0.18500439822673798
86	0.02716536819934845
87	0.09120656549930573
88	0.029729509726166725
89	0.022869348526000977
90	0.016054047271609306
91	0.011156797409057617
92	0.009901206940412521
93	0.01005442813038826
94	0.01004598755389452
95	0.011206562630832195
96	0.010109366849064827
97	0.010511173866689205
98	0.011068048886954784
99	0.031787361949682236
100	0.4282870292663574
101	0.32255950570106506
102	0.4564770758152008
103	0.28751492500305176
104	0.4279625415802002
105	0.2987706661224365
106	0.3380356431007385
107	0.14303404092788696
108	0.1179909035563469
109	0.1946088820695877
110	0.3321242332458496
111	0.4100339114665985
112	0.47131434082984924
113	0.341412752866745
114	0.04295742139220238
115	0.012525826692581177
116	0.018559448421001434
117	0.012680664658546448
118	0.01024931762367487
119	0.008381987921893597
120	0.009124104864895344
121	0.008676049299538136
122	0.00908647384494543
123	0.009170431643724442
124	0.009496933780610561
125	0.019027026370167732
126	0.49793073534965515
127	0.5496529936790466
128	0.30663639307022095
129	0.12406177818775177
130	0.14412923157215118
131	0.09031616151332855
132	0.334043949842453
133	0.36569657921791077
134	0.4018542468547821
135	0.7390084266662598
136	0.8702365756034851
137	0.7203071713447571
138	0.8315855264663696
139	0.8298270106315613
140	0.7058610320091248
141	0.6753975749015808
142	0.5895074009895325
143	0.699332058429718
144	0.6507710218429565
145	0.675470769405365
146	0.7691799998283386
147	0.6915930509567261
148	0.7393092513084412
149	0.7742378115653992
150	0.7208961844444275
151	0.8118292093276978
152	0.6964091658592224
153	0.7230800986289978
154	0.7821571826934814
155	0.6590808033943176
156	0.6244170069694519
157	0.25389355421066284
158	0.3768852651119232
159	0.29466673731803894
160	0.21402816474437714
161	0.1279432773590088
162	0.07281123846769333
163	0.07162294536828995
164	0.024754853919148445
165	0.03326443210244179
166	0.0824812576174736
167	0.1312079280614853
168	0.13175934553146362
169	0.10078506916761398
170	0.037750717252492905
171	0.024452170357108116
172	0.016510581597685814
173	0.02183573506772518
174	0.011424521915614605
175	0.008802561089396477
176	0.00853499211370945
177	0.0075555527582764626
178	0.010104338638484478
179	0.008104403503239155
180	0.009151172824203968
181	0.009042175486683846
182	0.0087515814229846
183	0.010369225405156612
184	0.022271813824772835
185	0.03365476801991463
186	0.031071949750185013
187	0.049396950751543045
188	0.01572738029062748
189	0.01630483567714691
190	0.020034123212099075
191	0.016511859372258186
192	0.022385116666555405
193	0.03604893758893013
194	0.0360943041741848
195	0.04017176106572151
196	0.03848148509860039
197	0.20959912240505219
198	0.15365825593471527
199	0.13573068380355835
200	0.0441029891371727
201	0.0202824417501688
202	0.020259013399481773
203	0.02218405343592167
204	0.01848752796649933
205	0.021460510790348053
206	0.024886880069971085
207	0.023450816050171852
208	0.05168445035815239
209	0.07481828331947327
210	0.014344513416290283
211	0.011110465042293072
212	0.00952072348445654
213	0.006926053203642368
214	0.006669256836175919
215	0.010115380398929119
216	0.009186510927975178
217	0.01011666189879179
218	0.007709011435508728
219	0.008891569450497627
220	0.007135418243706226
221	0.010983085259795189
222	0.008426330052316189
223	0.011026124469935894
224	0.009440517984330654
225	0.009020732715725899
226	0.008440077304840088
227	0.011143969371914864
228	0.01004080381244421
229	0.011410558596253395
230	0.013400646857917309
231	0.015394123271107674
232	0.016115758568048477
233	0.017552297562360764
234	0.01928560994565487
235	0.02158529870212078
236	0.019440649077296257
237	0.018633106723427773
238	0.012227154336869717
239	0.018983472138643265
240	0.018500803038477898
241	0.02055370807647705
242	0.01639866828918457
243	0.015397059731185436
244	0.021747896447777748
245	0.017371345311403275
246	0.024875419214367867
247	0.0322427824139595
248	0.029010171070694923
249	0.024443523958325386
250	0.01794898509979248
251	0.015797598287463188
252	0.010059811174869537
253	0.007730966899544001
254	0.00689132371917367
255	0.007530299015343189
256	0.008794019930064678
257	0.009021483361721039
258	0.008549352176487446
259	0.008128595538437366
260	0.007794860750436783
261	0.007452973630279303
262	0.007580317556858063
263	0.007334587629884481
264	0.006678793579339981
265	0.008490336127579212
266	0.006810841616243124
267	0.006853781640529633
268	0.006274699699133635
269	0.01030228566378355
270	0.011744679883122444
271	0.010005543939769268
272	0.008423283696174622
273	0.008999287150800228
274	0.009518490172922611
275	0.0074715884402394295
276	0.010155762545764446
277	0.010313487611711025
278	0.008030441589653492
279	0.010417464189231396
280	0.0078490125015378
281	0.008972684852778912
282	0.008191403932869434
283	0.010098177008330822
284	0.010361961089074612
285	0.009845040738582611
286	0.009965287521481514
287	0.009930429048836231
288	0.005484170746058226
289	0.006090555340051651
290	0.006303338799625635
291	0.007262527942657471
292	0.006130130961537361
293	0.008292182348668575
294	0.00652163615450263
295	0.00691127497702837
296	0.008289595134556293
297	0.006932252086699009
298	0.007266485597938299
299	0.007979923859238625
300	0.008843982592225075
301	0.007728126831352711
302	0.007668790407478809
303	0.00685393949970603
304	0.006132654380053282
305	0.006100752390921116
306	0.006092743016779423
307	0.005584090948104858
308	0.004851473029702902
309	0.005877057556062937
310	0.005582138430327177
311	0.005080941133201122
312	0.005381410475820303
313	0.004901109728962183
314	0.00640920689329505
315	0.005138873588293791
316	0.006366529501974583
317	0.00612541614100337
318	0.005785925779491663
319	0.00654142489656806
320	0.006789759732782841
321	0.006165067199617624
322	0.006178683135658503
323	0.006709829904139042
324	0.007153163198381662
325	0.00642636651173234
326	0.006005444563925266
327	0.0066680400632321835
328	0.006562042515724897
329	0.007557261735200882
330	0.006545681040734053
331	0.006402269005775452
332	0.0062086316756904125
333	0.0056388103403151035
334	0.005822694860398769
335	0.00536761898547411
336	0.005957003217190504
337	0.00667157769203186
338	0.006656541023403406
339	0.005901399999856949
340	0.006428969092667103
341	0.006411029491573572
342	0.00561883021146059
343	0.005649459082633257
344	0.005354555789381266
345	0.005501112900674343
346	0.005207971669733524
347	0.0049322727136313915
348	0.00493541220203042
349	0.00438860384747386
350	0.004445996135473251
351	0.004844381008297205
352	0.004454317037016153
353	0.0039327749982476234
354	0.003783727530390024
355	0.004034936893731356
356	0.003530909074470401
357	0.0031657908111810684
358	0.0034479256719350815
359	0.004180117975920439
360	0.0033428140450268984
361	0.004354010336101055
362	0.004793036729097366
363	0.005395041313022375
364	0.004652028437703848
365	0.0046437145210802555
366	0.005702148657292128
367	0.005509193520992994
368	0.0069955154322087765
369	0.0071443961933255196
370	0.007619132287800312
371	0.007174244616180658
372	0.007490143179893494
373	0.00643824553117156
374	0.010662207379937172
375	0.009741850197315216
376	0.006910175085067749
377	0.005937753710895777
378	0.006781165488064289
379	0.006126570049673319
380	0.007169289980083704
381	0.007196502294391394
382	0.005171391647309065
383	0.006145083345472813
384	0.007663123309612274
385	0.009509674273431301
386	0.02867763116955757
387	0.02459348551928997
388	0.017426928505301476
389	0.026198795065283775
390	0.14517155289649963
391	0.15708203613758087
392	0.31075093150138855
393	0.2635017931461334
394	0.19119523465633392
395	0.23011527955532074
396	0.03371937945485115
397	0.0671449676156044
398	0.02894660271704197
399	0.054136283695697784
400	0.02096426673233509
401	0.042341846972703934
402	0.05802479013800621
403	0.05234617739915848
404	0.04292239621281624
405	0.10373029857873917
406	0.035408880561590195
407	0.04677336663007736
408	0.052795957773923874
409	0.1896817684173584
410	0.4532380700111389
411	0.5192855000495911
412	0.39575281739234924
413	0.6597862243652344
414	0.577029287815094
415	0.3991210460662842
416	0.5533105731010437
417	0.5473166704177856
418	0.2399594783782959
419	0.422136127948761
420	0.30682194232940674
421	0.3813292682170868
422	0.46659812331199646
423	0.5135283470153809
424	0.32122498750686646
425	0.4461544156074524
426	0.4152836799621582
427	0.2803184986114502
428	0.5328356027603149
429	0.4572467803955078
430	0.48994770646095276
431	0.355602890253067
432	0.48334845900535583
433	0.6396452784538269
434	0.6770498156547546
435	0.8547758460044861
436	0.7067952156066895
437	0.7414331436157227
438	0.7034045457839966
439	0.7447522282600403
440	0.7541832327842712
441	0.8106796145439148
442	0.8286115527153015
443	0.8117190599441528
444	0.8050718307495117
445	0.8142054677009583
446	0.6149205565452576
447	0.8246992230415344
448	0.7266950011253357
449	0.04255910590291023
450	0.04857788607478142
451	0.03165552020072937
452	0.016067832708358765
453	0.21463730931282043
454	0.35565802454948425
455	0.620847761631012
456	0.7042784690856934
457	0.749912679195404
458	0.5499175190925598
459	0.7335073351860046
460	0.8184736371040344
461	0.7983466982841492
462	0.6730284690856934
463	0.8042306303977966
464	0.6812666058540344
465	0.6112728118896484
466	0.6816946864128113
467	0.8181867599487305
468	0.8360368013381958
469	0.8397947549819946
470	0.5775128602981567
471	0.7675517797470093
472	0.0690862387418747
473	0.8677645921707153
474	0.8010053634643555
475	0.4050664007663727
476	0.4461546838283539
477	0.4158298969268799
478	0.46252232789993286
479	0.5089238882064819
480	0.42837509512901306
481	0.3687070906162262
482	0.23168742656707764
483	0.5571386814117432
484	0.4021185338497162
485	0.5714003443717957
486	0.47149011492729187
487	0.4711824953556061
488	0.3009289801120758
489	0.16085563600063324
490	0.022017383947968483
491	0.014179176650941372
492	0.009218011051416397
493	0.009840719401836395
494	0.047563083469867706
495	0.012033417820930481
496	0.009640253148972988
497	0.018180957064032555
498	0.011771035380661488
499	0.009811597876250744
500	0.00878268200904131
501	0.009293562732636929
502	0.010798848234117031
503	0.014721971936523914
504	0.011653922498226166
505	0.019012195989489555
506	0.014255923219025135
507	0.02446705475449562
508	0.0112870829179883
509	0.010049055330455303
510	0.010179613716900349
511	0.010913873091340065
512	0.011732690036296844
513	0.009861045517027378
514	0.01105207484215498
515	0.009454716928303242
516	0.006051662843674421
517	0.006947471294552088
518	0.006390258204191923
519	0.0059809903614223
520	0.005370290018618107
521	0.0071305581368505955
522	0.008429378271102905
523	0.008602416142821312
524	0.006241008173674345
525	0.009386416524648666
526	0.00605987710878253
527	0.0067744143307209015
528	0.00535907968878746
529	0.004335136152803898
530	0.00491357734426856
531	0.004316089674830437
532	0.004995780531316996
533	0.0061397068202495575
534	0.005872658919543028
535	0.005664862226694822
536	0.00521561224013567
537	0.007359845098108053
538	0.009354481473565102
539	0.009860591031610966
540	0.0070327408611774445
541	0.009344331920146942
542	0.01017388142645359
543	0.015004068613052368
544	0.01264191884547472
545	0.015664437785744667
546	0.016192294657230377
547	0.017578788101673126
548	0.017208343371748924
549	0.019786475226283073
550	0.012984851375222206
551	0.02274770848453045
552	0.017769409343600273
553	0.020590363070368767
554	0.01310748141258955
555	0.011753893457353115
556	0.014281478710472584
557	0.018200723454356194
558	0.012763261795043945
559	0.013793865218758583
560	0.009954241104424
561	0.010884967632591724
562	0.01139173936098814
563	0.007994226180016994
564	0.007010964211076498
565	0.00834351684898138
566	0.00873983558267355
567	0.01335686445236206
568	0.010752190835773945
569	0.01322773564606905
570	0.015588045120239258
571	0.014029434882104397
572	0.014650717377662659
573	0.02373473346233368
574	0.02782123163342476
575	0.037246983498334885
576	0.02935122512280941
577	0.03168221935629845
578	0.030005058273673058
579	0.03278452903032303
580	0.025905776768922806
581	0.02490140311419964
582	0.031509459018707275
583	0.03164040669798851
584	0.019833212718367577
585	0.04707607254385948
586	0.043624039739370346
587	0.040104031562805176
588	0.052665453404188156
589	0.08772038668394089
590	0.1657698005437851
591	0.16566932201385498
592	0.11972687393426895
593	0.05452786758542061
594	0.0643848106265068
595	0.15451829135417938
596	0.15532127022743225
597	0.1542637050151825
598	0.14169852435588837
599	0.2089300900697708
600	0.15723970532417297
601	0.18655763566493988
602	0.19883742928504944
603	0.16685234010219574
604	0.08686269819736481
605	0.058116938918828964
606	0.05384230613708496
607	0.02293708361685276
608	0.03045634739100933
609	0.032128673046827316
610	0.018859241157770157
611	0.0180603489279747
612	0.014970025978982449
613	0.011984633281826973
614	0.010646425187587738
615	0.012430737726390362
616	0.00957978330552578
617	0.011795230209827423
618	0.01023914571851492
619	0.012917178682982922
620	0.01092554908245802
621	0.011955353431403637
622	0.01225995272397995
623	0.02902977727353573
624	0.044330861419439316
625	0.1407012939453125
626	0.2898542881011963
627	0.32253822684288025
628	0.2675689160823822
629	0.23732014000415802
630	0.023513177409768105
631	0.010001069866120815
632	0.00932611245661974
633	0.010785876773297787
634	0.010143372230231762
635	0.016968710348010063
636	0.043617747724056244
637	0.1692391186952591
638	0.11151814460754395
639	0.15474699437618256
640	0.25536295771598816
641	0.26644155383110046
642	0.16732735931873322
643	0.1551775187253952
644	0.06368794292211533
645	0.15121352672576904
646	0.12891867756843567
647	0.20054030418395996
648	0.26652440428733826
649	0.286613792181015
650	0.24199211597442627
651	0.09257486462593079
652	0.20235319435596466
653	0.10004618018865585
654	0.1961362659931183
655	0.20652063190937042
656	0.04118882119655609
657	0.04130871593952179
658	0.03101499192416668
659	0.03162531927227974
660	0.02585536800324917
661	0.03430653363466263
662	0.028595322743058205
663	0.027359142899513245
664	0.035744111984968185
665	0.04632163420319557
666	0.1190825030207634
667	0.23662157356739044
668	0.24487952888011932
669	0.06348975747823715
670	0.02134600281715393
671	0.012001223862171173
672	0.01668499782681465
673	0.009434138424694538
674	0.008846685290336609
675	0.010400443337857723
676	0.005276077892631292
677	0.007704451680183411
678	0.007066814694553614
679	0.007947771809995174
680	0.007846822962164879
681	0.005979418288916349
682	0.0074854097329080105
683	0.022574961185455322
684	0.01412817370146513
685	0.0179040115326643
686	0.016775159165263176
687	0.018627135083079338
688	0.013574421405792236
689	0.00959936436265707
690	0.013527574948966503
691	0.01718098483979702
692	0.016179418191313744
693	0.015413421206176281
694	0.03342601656913757
695	0.024174774065613747
696	0.019745787605643272
697	0.026672398671507835
698	0.028338933363556862
699	0.03047160618007183
700	0.023419365286827087
701	0.01686645857989788
702	0.09987465292215347
703	0.06798401474952698
704	0.17981848120689392
705	0.09457825869321823
706	0.03881148248910904
707	0.02805829979479313
708	0.0257674902677536
709	0.02326068840920925
710	0.01611255668103695
711	0.021776288747787476
712	0.016927186399698257
713	0.041112612932920456
714	0.02190304361283779
715	0.043635044246912
716	0.05458766222000122
717	0.03930504992604256
718	0.04137688875198364
719	0.04264014586806297
720	0.03939053788781166
721	0.046784013509750366
722	0.0771564170718193
723	0.058042194694280624
724	0.1257510483264923
725	0.09771615266799927
726	0.10331225395202637
727	0.08429121971130371
728	0.09623564034700394
729	0.11542463302612305
730	0.14856457710266113
731	0.05490778759121895
732	0.06283538788557053
733	0.043795228004455566
734	0.04641253128647804
735	0.057107873260974884
736	0.04347759112715721
737	0.05777674540877342
738	0.04443354159593582
739	0.04102970287203789
740	0.05328841134905815
741	0.04571228846907616
742	0.0511324368417263
743	0.04084187373518944
744	0.021554358303546906
745	0.02797636203467846
746	0.03469659015536308
747	0.059949036687612534
748	0.042674195021390915
749	0.053494393825531006
750	0.046591516584157944
751	0.05869126319885254
752	0.09969844669103622
753	0.08358701318502426
754	0.07485145330429077
755	0.046507637947797775
756	0.04964524880051613
757	0.03923768550157547
758	0.04288938269019127
759	0.041956085711717606
760	0.037712015211582184
761	0.04955865815281868
762	0.048436250537633896
763	0.04883420467376709
764	0.04479851573705673
765	0.04290482774376869
766	0.039149925112724304
767	0.02395091950893402
768	0.025751231238245964
769	0.039601992815732956
770	0.031900327652692795
771	0.03972018137574196
772	0.0306843351572752
773	0.04164668545126915
774	0.01651037111878395
775	0.011694087646901608
776	0.022582530975341797
777	0.028923407196998596
778	0.023330945521593094
779	0.029344050213694572
780	0.013450643979012966
781	0.011957371607422829
782	0.009244624525308609
783	0.00851291324943304
784	0.021504495292901993
785	0.018093261867761612
786	0.013523041270673275
787	0.012776389718055725
788	0.010921535082161427
789	0.011065770871937275
790	0.013621250167489052
791	0.022083453834056854
792	0.017405223101377487
793	0.015392780303955078
794	0.01584387756884098
795	0.010697856545448303
796	0.013029800727963448
797	0.01318322867155075
798	0.00901430007070303
799	0.013940724544227123
800	0.015059934929013252
801	0.010188527405261993
802	0.010556151159107685
803	0.008871668949723244
804	0.007540962193161249
805	0.00635423231869936
806	0.007262018509209156
807	0.006272144615650177
808	0.006515658926218748
809	0.005314160138368607
810	0.005732266698032618
811	0.006816617678850889
812	0.005369264166802168
813	0.00532167125493288
814	0.004878859501332045
815	0.0068998634815216064
816	0.006611709948629141
817	0.007130802609026432
818	0.006526258774101734
819	0.00608116015791893
820	0.005926750600337982
821	0.006740290205925703
822	0.0081038698554039
823	0.008960360661149025
824	0.010566966608166695
825	0.01111545879393816
826	0.015192443504929543
827	0.013618131168186665
828	0.011925711296498775
829	0.017299514263868332
830	0.00734584778547287
831	0.00621282123029232
832	0.008120655082166195
833	0.008746696636080742
834	0.008611357770860195
835	0.009217064827680588
836	0.010642933659255505
837	0.01183725893497467
838	0.01191006600856781
839	0.01009477861225605
840	0.016873685643076897
841	0.013440713286399841
842	0.012442448176443577
843	0.006588189397007227
844	0.008142957463860512
845	0.005851589143276215
846	0.007280468940734863
847	0.0096435546875
848	0.009532690048217773
849	0.01171512808650732
850	0.00693042716011405
851	0.007348116021603346
852	0.009018434211611748
853	0.014290452003479004
854	0.006666465196758509
855	0.008504779078066349
856	0.007247675210237503
857	0.014689301140606403
858	0.02011643722653389
859	0.016969755291938782
860	0.016367420554161072
861	0.00834067352116108
862	0.010151267051696777
863	0.00894215703010559
864	0.008751040324568748
865	0.009053677320480347
866	0.013138115406036377
867	0.012746294029057026
868	0.007821437902748585
869	0.008062389679253101
870	0.012508432380855083
871	0.013917739503085613
872	0.008691742084920406
873	0.009934247471392155
874	0.008471290580928326
875	0.007693407125771046
876	0.009750784374773502
877	0.010214540176093578
878	0.011498752981424332
879	0.011804689653217793
880	0.013141158036887646
881	0.009200324304401875
882	0.011018331162631512
883	0.009965801611542702
884	0.009184400551021099
885	0.011666451580822468
886	0.010927212424576283
887	0.008167616091668606
888	0.009920409880578518
889	0.007685089949518442
890	0.008337396197021008
891	0.006993121933192015
892	0.0093026552349329
893	0.007896318100392818
894	0.0070585100911557674
895	0.007050243206322193
896	0.005062625743448734
897	0.006521397270262241
898	0.005544298328459263
899	0.005105764139443636
900	0.00486798444762826
901	0.0053803445771336555
902	0.005173803307116032
903	0.005621750373393297
904	0.004864935763180256
905	0.005386204458773136
906	0.00600277679041028
907	0.005623980425298214
908	0.006589045282453299
909	0.0065771141089499
910	0.0064379083923995495
911	0.00600829953327775
912	0.0050913142040371895
913	0.006383660715073347
914	0.0055457367561757565
915	0.005680131260305643
916	0.006153462920337915
917	0.006279771216213703
918	0.006700629834085703
919	0.006113377399742603
920	0.007284777704626322
921	0.005665193777531385
922	0.0063122333958745
923	0.0065945908427238464
924	0.0069702970795333385
925	0.0053828503005206585
926	0.004419834353029728
927	0.004399060737341642
928	0.004035383462905884
929	0.005391064565628767
930	0.006103958934545517
931	0.005614085588604212
932	0.004743849392980337
933	0.005026300437748432
934	0.00664855120703578
935	0.0072526889853179455
936	0.008093727752566338
937	0.006331568118184805
938	0.007334535475820303
939	0.006303444504737854
940	0.006924486253410578
941	0.0072931512258946896
942	0.006706260144710541
943	0.006321229971945286
944	0.006517772562801838
945	0.006029746029525995
946	0.005715745966881514
947	0.005181493237614632
948	0.004517615772783756
949	0.005081008654087782
950	0.005036796443164349
951	0.0060662515461444855
952	0.0057074143551290035
953	0.004677054937928915
954	0.004753930028527975
955	0.0056409384123981
956	0.0045020729303359985
957	0.004818716552108526
958	0.004444010090082884
959	0.004307797644287348
960	0.004350459668785334
961	0.004346035420894623
962	0.004396300297230482
963	0.004909565206617117
964	0.004659297410398722
965	0.005215180106461048
966	0.004403132479637861
967	0.0051973722875118256
968	0.005337131209671497
969	0.005111963953822851
970	0.004470817744731903
971	0.004504672717303038
972	0.005027258303016424
973	0.004286034032702446
974	0.004361866507679224
975	0.004655992612242699
976	0.00536843528971076
977	0.006258901208639145
978	0.004639151506125927
979	0.004399043042212725
980	0.0042555071413517
981	0.0037408103235065937
982	0.0034398019779473543
983	0.004150031600147486
984	0.0049121687188744545
985	0.004402130376547575
986	0.004472628235816956
987	0.005053502973169088
988	0.004354482050985098
989	0.004646921530365944
990	0.004907881375402212
991	0.00495002930983901
992	0.003906466998159885
993	0.004284477327018976
994	0.004469690844416618
995	0.00480964919552207
996	0.005505450069904327
997	0.005540866404771805
998	0.005384144838899374
999	0.006621263921260834
1000	0.00739216199144721
1001	0.0068529704585671425
1002	0.005652442574501038
1003	0.005478100385516882
1004	0.004922847263514996
1005	0.00550572294741869
1006	0.004301492590457201
1007	0.005108585115522146
1008	0.004834850784391165
1009	0.005134570877999067
1010	0.003940836992114782
1011	0.006057020276784897
1012	0.004663676023483276
1013	0.006186883430927992
1014	0.005795375909656286
1015	0.006492555141448975
1016	0.006269935052841902
1017	0.007182464934885502
1018	0.00777145242318511
1019	0.008263062685728073
1020	0.007173492107540369
1021	0.009163758717477322
1022	0.008927221409976482
1023	0.008550058118999004
1024	0.011289185844361782
1025	0.020821982994675636
1026	0.018273591995239258
1027	0.01931360922753811
1028	0.01765286736190319
1029	0.022188955917954445
1030	0.016238108277320862
1031	0.019589373841881752
1032	0.01678767055273056
1033	0.017152613028883934
1034	0.027696887031197548
1035	0.018678629770874977
1036	0.02315344847738743
1037	0.025128955021500587
1038	0.02138604037463665
1039	0.016203200444579124
1040	0.023198070004582405
1041	0.019668495282530785
1042	0.021585185080766678
1043	0.017010299488902092
1044	0.02327835187315941
1045	0.022161390632390976
1046	0.021452588960528374
1047	0.01769375242292881
1048	0.022483475506305695
1049	0.019126418977975845
1050	0.015783382579684258
1051	0.018503298982977867
1052	0.01340756006538868
1053	0.012798470444977283
1054	0.011134016327559948
1055	0.013359961099922657
1056	0.015537584200501442
1057	0.012321807444095612
1058	0.014530861750245094
1059	0.013605493120849133
1060	0.015088793821632862
1061	0.03793159872293472
1062	0.028365833684802055
1063	0.022238990291953087
1064	0.022174227982759476
1065	0.024958578869700432
1066	0.01370385754853487
1067	0.022072141990065575
1068	0.015990665182471275
1069	0.020348772406578064
1070	0.014825872145593166
1071	0.026621997356414795
1072	0.021755801513791084
1073	0.036992598325014114
1074	0.027985109016299248
1075	0.05251283571124077
1076	0.03384479135274887
1077	0.046214956790208817
1078	0.03273412212729454
1079	0.034924108535051346
1080	0.03312969207763672
1081	0.06968913972377777
1082	0.04300425574183464
1083	0.053775813430547714
1084	0.0489262118935585
1085	0.06587862968444824
1086	0.02482428029179573
1087	0.06229781731963158
1088	0.06820764392614365
1089	0.049466609954833984
1090	0.026204783469438553
1091	0.029817301779985428
1092	0.030179118737578392
1093	0.02525322511792183
1094	0.02434036321938038
1095	0.03076496720314026
1096	0.02157825045287609
1097	0.04457914084196091
1098	0.05160330608487129
1099	0.13549686968326569
1100	0.1360284835100174
1101	0.10925459116697311
1102	0.09021180868148804
1103	0.04209558293223381
1104	0.051762498915195465
1105	0.03487984091043472
1106	0.03467688709497452
1107	0.0418647900223732
1108	0.05369294807314873
1109	0.030792711302638054
1110	0.04437796026468277
1111	0.08708465099334717
1112	0.05876642465591431
1113	0.07112278044223785
1114	0.05607457086443901
1115	0.04361593723297119
1116	0.016094977036118507
1117	0.023160502314567566
1118	0.012819799594581127
1119	0.015620062127709389
1120	0.0117879007011652
1121	0.01785740628838539
1122	0.017602995038032532
1123	0.043244678527116776
1124	0.03419573977589607
1125	0.03105148673057556
1126	0.03695957735180855
1127	0.0913635641336441
1128	0.05635548382997513
1129	0.0833079144358635
1130	0.07996256649494171
1131	0.1818935126066208
1132	0.08925028145313263
1133	0.0637172982096672
1134	0.09888388216495514
1135	0.12292533367872238
1136	0.06199914962053299
1137	0.07042237371206284
1138	0.04793467000126839
1139	0.026517406105995178
1140	0.02925419807434082
1141	0.028047233819961548
1142	0.03096502460539341
1143	0.03141683340072632
1144	0.03394732624292374
1145	0.08534907549619675
1146	0.060280777513980865
1147	0.04958031326532364
1148	0.09417983144521713
1149	0.16805149614810944
1150	0.1597871333360672
1151	0.2016659528017044
1152	0.06098303943872452
1153	0.07304603606462479
1154	0.12660476565361023
1155	0.19384804368019104
1156	0.10912599414587021
1157	0.22828219830989838
1158	0.20724444091320038
1159	0.15512222051620483
1160	0.16839583218097687
1161	0.19056402146816254
1162	0.10828988999128342
1163	0.06461035460233688
1164	0.09174579381942749
1165	0.17661835253238678
1166	0.09667358547449112
1167	0.11211805790662766
1168	0.17819619178771973
1169	0.12299181520938873
1170	0.08728933334350586
1171	0.14626827836036682
1172	0.09765060991048813
1173	0.3097681701183319
1174	0.14993390440940857
1175	0.15485067665576935
1176	0.1380036622285843
1177	0.24907536804676056
1178	0.18362700939178467
1179	0.26534709334373474
1180	0.2527000904083252
1181	0.21587662398815155
1182	0.05600513890385628
1183	0.017112622037529945
1184	0.015276692807674408
1185	0.012006505392491817
1186	0.011058909818530083
1187	0.014214438386261463
1188	0.012727481313049793
1189	0.010938427411019802
1190	0.009928335435688496
1191	0.010798418894410133
1192	0.0077764615416526794
1193	0.007962532341480255
1194	0.009543194435536861
1195	0.010286666452884674
1196	0.010291988961398602
1197	0.007235467433929443
1198	0.005787897855043411
1199	0.006913742516189814
1200	0.005150916986167431
1201	0.005052640568464994
1202	0.0058610993437469006
1203	0.007509415037930012
1204	0.007116186898201704
1205	0.007422454655170441
1206	0.008519859053194523
1207	0.007974976673722267
1208	0.009412693791091442
1209	0.010693020187318325
1210	0.00797998532652855
1211	0.008064121007919312
1212	0.00817514955997467
1213	0.005986981093883514
1214	0.007185928523540497
1215	0.007666710298508406
1216	0.005684804171323776
1217	0.0074057928286492825
1218	0.009281578473746777
1219	0.010027664713561535
1220	0.01065591350197792
1221	0.012704429216682911
1222	0.012063714675605297
1223	0.01672864891588688
1224	0.010999283753335476
1225	0.017088113352656364
1226	0.013551289215683937
1227	0.010820279829204082
1228	0.01463457103818655
1229	0.010627204552292824
1230	0.012510825879871845
1231	0.008864365518093109
1232	0.01263415813446045
1233	0.0127171715721488
1234	0.013014447875320911
1235	0.01290181279182434
1236	0.012646115384995937
1237	0.013326019048690796
1238	0.011331848800182343
1239	0.0075767310336232185
1240	0.012739801779389381
1241	0.01436400692909956
1242	0.013598372228443623
1243	0.00736449658870697
1244	0.0046764821745455265
1245	0.00961377378553152
1246	0.007248595356941223
1247	0.006800167262554169
1248	0.0066964211873710155
1249	0.007542125880718231
1250	0.0061444384045898914
1251	0.0063413106836378574
1252	0.005911360029131174
1253	0.005189667921513319
1254	0.005823318846523762
1255	0.0060491617769002914
1256	0.005836120806634426
1257	0.005668476223945618
1258	0.0054005966521799564
1259	0.0050322008319199085
1260	0.0050230505876243114
1261	0.006593334022909403
1262	0.007150144316256046
1263	0.01174995955079794
1264	0.009705208241939545
1265	0.0075360736809670925
1266	0.007935437373816967
1267	0.007442407310009003
1268	0.007311485707759857
1269	0.008184700272977352
1270	0.007497818674892187
1271	0.007108412217348814
1272	0.0067030638456344604
1273	0.00477999821305275
1274	0.006248258985579014
1275	0.004618366714566946
1276	0.006064814515411854
1277	0.006289049983024597
1278	0.007530477829277515
1279	0.006921882275491953
1280	0.007407497148960829
1281	0.008141524158418179
1282	0.0077550397254526615
1283	0.006766378413885832
1284	0.0062590003944933414
1285	0.006633923389017582
1286	0.0062773339450359344
1287	0.005927391350269318
1288	0.007306850049644709
1289	0.00794755108654499
1290	0.009239288046956062
1291	0.007162520196288824
1292	0.005574704613536596
1293	0.009300115518271923
1294	0.01021571084856987
1295	0.009427974000573158
1296	0.006980882491916418
1297	0.0077277543023228645
1298	0.009524969384074211
1299	0.01039693783968687
1300	0.009382865391671658
1301	0.009888715110719204
1302	0.010909943841397762
1303	0.009620201773941517
1304	0.009793311357498169
1305	0.009470241144299507
1306	0.011956683360040188
1307	0.010711537674069405
1308	0.012101556174457073
1309	0.011417839676141739
1310	0.009938050992786884
1311	0.0072539919055998325
1312	0.010443143546581268
1313	0.008142056874930859
1314	0.005217037163674831
1315	0.0075310454703867435
1316	0.008831600658595562
1317	0.0060861664824187756
1318	0.007769647985696793
1319	0.007490156684070826
1320	0.007026207633316517
1321	0.009350739419460297
1322	0.007018204778432846
1323	0.006814105901867151
1324	0.0048555778339505196
1325	0.0067818658426404
1326	0.00675718579441309
1327	0.006557636894285679
1328	0.006105037871748209
1329	0.0065263547003269196
1330	0.00666965264827013
1331	0.006577386986464262
1332	0.005309948697686195
1333	0.006367476191371679
1334	0.007025697734206915
1335	0.006478524301201105
1336	0.007232304196804762
1337	0.006814953871071339
1338	0.007246402092278004
1339	0.007369746919721365
1340	0.005952309351414442
1341	0.005648104008287191
1342	0.006128999870270491
1343	0.008539802394807339
1344	0.007604621350765228
1345	0.009732036851346493
1346	0.007212116848677397
1347	0.006986218970268965
1348	0.006106443703174591
1349	0.0069333272986114025
1350	0.007201850414276123
1351	0.00675499951466918
1352	0.006037190090864897
1353	0.005750369746237993
1354	0.005554184317588806
1355	0.0069983648136258125
1356	0.006528253201395273
1357	0.008323839865624905
1358	0.008019938133656979
1359	0.006514677312225103
1360	0.005531552713364363
1361	0.006987403612583876
1362	0.006481254007667303
1363	0.006429700646549463
1364	0.006805106531828642
1365	0.006496884860098362
1366	0.006020846776664257
1367	0.006413477938622236
1368	0.006155887618660927
1369	0.005967479664832354
1370	0.005323356483131647
1371	0.006242905277758837
1372	0.006398732308298349
1373	0.004922609776258469
1374	0.005336454603821039
1375	0.006598358508199453
1376	0.005583213176578283
1377	0.006021704524755478
1378	0.005808910354971886
1379	0.00575144262984395
1380	0.0050843036733567715
1381	0.00619798107072711
1382	0.006383615080267191
1383	0.00831397995352745
1384	0.005818025674670935
1385	0.008259136229753494
1386	0.007045443635433912
1387	0.008135379292070866
1388	0.006125613581389189
1389	0.0070383623242378235
1390	0.006129654590040445
1391	0.00949206855148077
1392	0.006343019660562277
1393	0.007178810425102711
1394	0.006445133592933416
1395	0.008606587536633015
1396	0.006840426474809647
1397	0.008758134208619595
1398	0.007744998671114445
1399	0.011444725096225739
1400	0.009474322199821472
1401	0.013861817307770252
1402	0.010852796025574207
1403	0.009876111522316933
1404	0.008852559141814709
1405	0.013359392061829567
1406	0.011236494407057762
1407	0.016088873147964478
1408	0.015032014809548855
1409	0.01887260377407074
1410	0.014339017681777477
1411	0.025915680453181267
1412	0.014487591572105885
1413	0.016156837344169617
1414	0.014271910302340984
1415	0.018601415678858757
1416	0.012842184863984585
1417	0.017400840297341347
1418	0.02195984683930874
1419	0.01884271577000618
1420	0.020812513306736946
1421	0.01989833451807499
1422	0.012548515573143959
1423	0.011453535407781601
1424	0.0105826361104846
1425	0.01298112329095602
1426	0.015629729256033897
1427	0.014603018760681152
1428	0.012122119776904583
1429	0.01460143644362688
1430	0.011632590554654598
1431	0.01461783330887556
1432	0.012627819553017616
1433	0.017082050442695618
1434	0.013879808597266674
1435	0.010494179092347622
1436	0.010685443878173828
1437	0.010280044749379158
1438	0.013582534156739712
1439	0.0114304069429636
1440	0.009168208576738834
1441	0.01029124017804861
1442	0.007122994400560856
1443	0.009807825088500977
1444	0.005215099081397057
1445	0.00863631535321474
1446	0.004879775922745466
1447	0.005777247715741396
1448	0.006596129387617111
1449	0.006926735397428274
1450	0.007819549180567265
1451	0.005744437221437693
1452	0.006385737098753452
1453	0.00744093582034111
1454	0.005095086991786957
1455	0.005464134272187948
1456	0.0061863684095442295
1457	0.007326406426727772
1458	0.00723754707723856
1459	0.011169514618813992
1460	0.010202392004430294
1461	0.011411734856665134
1462	0.009878048673272133
1463	0.00948722381144762
1464	0.009324708953499794
1465	0.008235963992774487
1466	0.006524805910885334
1467	0.005710400640964508
1468	0.006054724100977182
1469	0.006904012057930231
1470	0.01065764669328928
1471	0.010175781324505806
1472	0.008514071814715862
1473	0.013081856071949005
1474	0.013839646242558956
1475	0.016353771090507507
1476	0.012533649802207947
1477	0.01010112650692463
1478	0.013881370425224304
1479	0.012262716889381409
1480	0.011869490146636963
1481	0.011943228542804718
1482	0.015038360841572285
1483	0.012514360249042511
1484	0.009870427660644054
1485	0.012949255295097828
1486	0.010407893918454647
1487	0.011256459169089794
1488	0.012241752818226814
1489	0.011073578149080276
1490	0.010494777001440525
1491	0.0074016377329826355
1492	0.007054493762552738
1493	0.005880114622414112
1494	0.006368173751980066
1495	0.0076230913400650024
1496	0.0072431969456374645
1497	0.006373744457960129
1498	0.006397753953933716
1499	0.0077506424859166145
1500	0.007827366702258587
1501	0.006785340141505003
1502	0.008791833184659481
1503	0.008266143500804901
1504	0.009190133772790432
1505	0.013549107126891613
1506	0.011850051581859589
1507	0.012605785392224789
1508	0.008297502063214779
1509	0.009908655658364296
1510	0.008521683514118195
1511	0.00933754164725542
1512	0.012703572399914265
1513	0.01555624045431614
1514	0.01762862503528595
1515	0.021015826612710953
1516	0.013861307874321938
1517	0.014908462762832642
1518	0.013120913878083229
1519	0.018215065822005272
1520	0.012230860069394112
1521	0.013288795948028564
1522	0.012887896969914436
1523	0.01021125353872776
1524	0.014732146635651588
1525	0.018182875588536263
1526	0.01248046476393938
1527	0.010217458009719849
1528	0.007724588271230459
1529	0.006184855010360479
1530	0.008701378479599953
1531	0.009337430819869041
1532	0.0067588104866445065
1533	0.009276318363845348
1534	0.008458993397653103
1535	0.009326399303972721
1536	0.006989327725023031
1537	0.008340589702129364
1538	0.008243690244853497
1539	0.007211139891296625
1540	0.008003774099051952
1541	0.008158613927662373
1542	0.006809936370700598
1543	0.006311880890280008
1544	0.0054651605896651745
1545	0.005510380025953054
1546	0.005542829632759094
1547	0.005498276092112064
1548	0.005091042723506689
1549	0.005817086435854435
1550	0.006488784682005644
1551	0.006153594236820936
1552	0.006355747580528259
1553	0.005428577307611704
1554	0.005757188890129328
1555	0.005878944881260395
1556	0.006956132594496012
1557	0.007072902750223875
1558	0.005998760461807251
1559	0.007656751666218042
1560	0.006816263776272535
1561	0.006566823925822973
1562	0.008727778680622578
1563	0.006019833963364363
1564	0.006497662514448166
1565	0.006012544501572847
1566	0.006770153529942036
1567	0.007511090021580458
1568	0.008996299467980862
1569	0.01020959671586752
1570	0.009780533611774445
1571	0.008480583317577839
1572	0.009754141792654991
1573	0.006893821060657501
1574	0.008440494537353516
1575	0.007999146357178688
1576	0.008007258176803589
1577	0.0071354336105287075
1578	0.006110373418778181
1579	0.006505181547254324
1580	0.0064659626223146915
1581	0.006540406495332718
1582	0.006420164834707975
1583	0.006728871259838343
1584	0.005535967648029327
1585	0.005491137504577637
1586	0.006191782653331757
1587	0.006078912410885096
1588	0.005443205125629902
1589	0.006629521492868662
1590	0.00710123497992754
1591	0.007474296726286411
1592	0.006066769361495972
1593	0.006605086382478476
1594	0.005311344750225544
1595	0.005215154029428959
1596	0.00566111458465457
1597	0.005776911973953247
1598	0.006198674440383911
1599	0.007540601771324873
1600	0.006176034454256296
1601	0.008399690501391888
1602	0.006147009786218405
1603	0.006658060010522604
1604	0.0076347775757312775
1605	0.010186711326241493
1606	0.008889191783964634
1607	0.008002735674381256
1608	0.008988014422357082
1609	0.00990635808557272
1610	0.010301068425178528
1611	0.009151930920779705
1612	0.008176811039447784
1613	0.007025343365967274
1614	0.007009174209088087
1615	0.0066260951571166515
1616	0.006341573782265186
1617	0.007636284921318293
1618	0.009511388838291168
1619	0.014496288262307644
1620	0.008928182534873486
1621	0.008073365315794945
1622	0.008293378166854382
1623	0.01185801811516285
1624	0.010863370262086391
1625	0.014063484035432339
1626	0.008236430585384369
1627	0.008133037947118282
1628	0.006526744458824396
1629	0.007137395441532135
1630	0.007496561389416456
1631	0.006319844629615545
1632	0.006243824493139982
1633	0.006458171643316746
1634	0.0074968235567212105
1635	0.006186679005622864
1636	0.0073288544081151485
1637	0.0065052704885602
1638	0.007532608695328236
1639	0.006645999848842621
1640	0.005925531033426523
1641	0.0067025828175246716
1642	0.005317350849509239
1643	0.0073265209794044495
1644	0.006140072830021381
1645	0.007507120259106159
1646	0.006914843805134296
1647	0.006453871726989746
1648	0.00577686307951808
1649	0.007324229925870895
1650	0.005794824101030827
1651	0.0068414839915931225
1652	0.00575236277654767
1653	0.006314040161669254
1654	0.005685336887836456
1655	0.005409786012023687
1656	0.005541512276977301
1657	0.005580337718129158
1658	0.0068615577183663845
1659	0.006119847297668457
1660	0.006325078662484884
1661	0.006889267358928919
1662	0.005063068121671677
1663	0.005679173860698938
1664	0.004716706462204456
1665	0.005243272986263037
1666	0.00629523117095232
1667	0.0056310901418328285
1668	0.005891806446015835
1669	0.0063256011344492435
1670	0.006012157537043095
1671	0.006887398194521666
1672	0.0054998695850372314
1673	0.0053725820034742355
1674	0.005790782626718283
1675	0.004965596832334995
1676	0.005042973440140486
1677	0.005447131581604481
1678	0.006412956863641739
1679	0.005290180444717407
1680	0.00538284657523036
1681	0.00577812734991312
1682	0.005292111076414585
1683	0.00597285246476531
1684	0.004955345764756203
1685	0.004822542425245047
1686	0.00521585438400507
1687	0.005390039179474115
1688	0.005462380591779947
1689	0.006353792734444141
1690	0.0051081208512187
1691	0.0056473673321306705
1692	0.005537236575037241
1693	0.006158293224871159
1694	0.005609648767858744
1695	0.006691317539662123
1696	0.0068814740516245365
1697	0.006525679957121611
1698	0.00637126574292779
1699	0.00458226352930069
1700	0.005128401797264814
1701	0.007586094085127115
1702	0.009313610382378101
1703	0.017162615433335304
1704	0.013045181520283222
1705	0.015804879367351532
1706	0.009725687094032764
1707	0.010462285950779915
1708	0.010196642018854618
1709	0.010905593633651733
1710	0.011074675247073174
1711	0.013392681255936623
1712	0.011060690507292747
1713	0.011636294424533844
1714	0.010456863790750504
1715	0.012143689207732677
1716	0.012057134881615639
1717	0.01185858529061079
1718	0.01525186188519001
1719	0.011756228283047676
1720	0.011570706963539124
1721	0.011792244389653206
1722	0.014674655161798
1723	0.017893454059958458
1724	0.01697106473147869
1725	0.013554388657212257
1726	0.01925004832446575
1727	0.01564038172364235
1728	0.016289034858345985
1729	0.00988622847944498
1730	0.009682286530733109
1731	0.008737827651202679
1732	0.010235077701508999
1733	0.010021964088082314
1734	0.013966175727546215
1735	0.011977252550423145
1736	0.012414256110787392
1737	0.009725183248519897
1738	0.009093469940125942
1739	0.0095537593588233
1740	0.009760011918842793
1741	0.009827200323343277
1742	0.013642871752381325
1743	0.012414705939590931
1744	0.01134446170181036
1745	0.02680000476539135
1746	0.018576452508568764
1747	0.0281828586012125
1748	0.031477462500333786
1749	0.032076384872198105
1750	0.05042450502514839
1751	0.018030356615781784
1752	0.010379534214735031
1753	0.012718558311462402
1754	0.012981674633920193
1755	0.015267896465957165
1756	0.010398033075034618
1757	0.01622103713452816
1758	0.013860518112778664
1759	0.018538346514105797
1760	0.02773125469684601
1761	0.04665231704711914
1762	0.02428216114640236
1763	0.02486279048025608
1764	0.021910907700657845
1765	0.02683098427951336
1766	0.018059179186820984
1767	0.02521960251033306
1768	0.02297784388065338
1769	0.021736372262239456
1770	0.01214554812759161
1771	0.008995209820568562
1772	0.008707025088369846
1773	0.010659041814506054
1774	0.008850041776895523
1775	0.009816302917897701
1776	0.01369774341583252
1777	0.014393123798072338
1778	0.01366466749459505
1779	0.02108878828585148
1780	0.022652408108115196
1781	0.06475121527910233
1782	0.05235962197184563
1783	0.11019513756036758
1784	0.13743743300437927
1785	0.18399456143379211
1786	0.0911814495921135
1787	0.105723075568676
1788	0.06118910387158394
1789	0.09553730487823486
1790	0.09832500666379929
1791	0.06886281818151474
1792	0.07659327238798141
1793	0.11278777569532394
1794	0.18076638877391815
1795	0.091103695333004
1796	0.12038195133209229
1797	0.23328475654125214
1798	0.06478433310985565
1799	0.04908885434269905
1800	0.06137058883905411
1801	0.07124030590057373
1802	0.09429668635129929
1803	0.09989757090806961
1804	0.11603386700153351
1805	0.11389248818159103
1806	0.11728633940219879
1807	0.3998688757419586
1808	0.26432761549949646
1809	0.2978667914867401
1810	0.2146531641483307
1811	0.27480828762054443
1812	0.09402679651975632
1813	0.1159566268324852
1814	0.045323897153139114
1815	0.09168575704097748
1816	0.08754982054233551
1817	0.19816851615905762
1818	0.10189644247293472
1819	0.10883040726184845
1820	0.18782365322113037
1821	0.10319113731384277
1822	0.24161098897457123
1823	0.24698816239833832
1824	0.24981644749641418
1825	0.19999074935913086
1826	0.12071573734283447
1827	0.10314939171075821
1828	0.018466858193278313
1829	0.014500093646347523
1830	0.007604519370943308
1831	0.008405238389968872
1832	0.009870911948382854
1833	0.014140295796096325
1834	0.01968528889119625
1835	0.013411740772426128
1836	0.013018514029681683
1837	0.04250171408057213
1838	0.02174813486635685
1839	0.027098754420876503
1840	0.0208467785269022
1841	0.025287335738539696
1842	0.01580558717250824
1843	0.01683942787349224
1844	0.015831811353564262
1845	0.015866203233599663
1846	0.013810157775878906
1847	0.018290504813194275
1848	0.015689682215452194
1849	0.035082753747701645
1850	0.02056654915213585
1851	0.02705618180334568
1852	0.0192068200558424
1853	0.02484019473195076
1854	0.021596327424049377
1855	0.020280366763472557
1856	0.006110250484198332
1857	0.0049638873897492886
1858	0.00641489727422595
1859	0.0077549489215016365
1860	0.007445281837135553
1861	0.007206666748970747
1862	0.006186860613524914
1863	0.005831876304000616
1864	0.005747864488512278
1865	0.006364637520164251
1866	0.006307374220341444
1867	0.004868689458817244
1868	0.004946115892380476
1869	0.0049996934831142426
1870	0.005900932941585779
1871	0.007334619760513306
1872	0.0060316952876746655
1873	0.00592794781550765
1874	0.006061820778995752
1875	0.0054562087170779705
1876	0.006023644935339689
1877	0.0068695261143147945
1878	0.005238790065050125
1879	0.0063067153096199036
1880	0.0051892525516450405
1881	0.004824682604521513
1882	0.00502068130299449
1883	0.005551630165427923
1884	0.004584058187901974
1885	0.005153718404471874
1886	0.004796901252120733
1887	0.006474669557064772
1888	0.006690970156341791
1889	0.005998933222144842
1890	0.005102165974676609
1891	0.005520492326468229
1892	0.005765859037637711
1893	0.007315517868846655
1894	0.007172402925789356
1895	0.007528002839535475
1896	0.0071273380890488625
1897	0.0076595330610871315
1898	0.00672563910484314
1899	0.0064148022793233395
1900	0.006700851954519749
1901	0.0062911855056881905
1902	0.0073141842149198055
1903	0.008293934166431427
1904	0.007326096296310425
1905	0.00817918311804533
1906	0.008012525737285614
1907	0.008509297855198383
1908	0.01011293288320303
1909	0.010326205752789974
1910	0.013989406637847424
1911	0.011220811866223812
1912	0.012141908518970013
1913	0.014783630147576332
1914	0.01570403203368187
1915	0.017809277400374413
1916	0.030038727447390556
1917	0.025861918926239014
1918	0.028720775619149208
1919	0.027536917477846146
1920	0.027517452836036682
1921	0.050802916288375854
1922	0.04269148409366608
1923	0.031017890200018883
1924	0.03823941573500633
1925	0.031618501991033554
1926	0.02956901490688324
1927	0.026931559666991234
1928	0.02255266346037388
1929	0.039007723331451416
1930	0.04369984194636345
1931	0.09815984964370728
1932	0.07510929554700851
1933	0.10063441097736359
1934	0.04393362998962402
1935	0.10017454624176025
1936	0.07454419881105423
1937	0.14193783700466156
1938	0.06482875347137451
1939	0.113065205514431
1940	0.12711010873317719
1941	0.10084336996078491
1942	0.07245958596467972
1943	0.08855067938566208
1944	0.13274067640304565
1945	0.07071539014577866
1946	0.07328348606824875
1947	0.0928112268447876
1948	0.06255009025335312
1949	0.057622600346803665
1950	0.07062006741762161
1951	0.05301204323768616
1952	0.028343740850687027
1953	0.09625939279794693
1954	0.07130425423383713
1955	0.08492222428321838
1956	0.05625072866678238
1957	0.07137472927570343
1958	0.18664789199829102
1959	0.14848016202449799
1960	0.10236922651529312
1961	0.1668253242969513
1962	0.2758394181728363
1963	0.33884841203689575
1964	0.2782973051071167
1965	0.2688870131969452
1966	0.2190796434879303
1967	0.3051314055919647
1968	0.2030760496854782
1969	0.4285101890563965
1970	0.3405032157897949
1971	0.41410622000694275
1972	0.3093070387840271
1973	0.3348224461078644
1974	0.30763569474220276
1975	0.20250652730464935
1976	0.2590899169445038
1977	0.21746723353862762
1978	0.26788654923439026
1979	0.08369386941194534
1980	0.08339083194732666
1981	0.09996350854635239
1982	0.07371216267347336
1983	0.2087237387895584
1984	0.18511199951171875
1985	0.07890143245458603
1986	0.1786595582962036
1987	0.08520717918872833
1988	0.12368141859769821
1989	0.16090179979801178
1990	0.1333184689283371
1991	0.13005593419075012
1992	0.1555400937795639
1993	0.3884526789188385
1994	0.3119726777076721
1995	0.4350338876247406
1996	0.25276872515678406
1997	0.340621680021286
1998	0.07156701385974884
1999	0.03093348816037178
2000	0.013809618540108204
2001	0.010156559757888317
2002	0.009727961383759975
2003	0.009322257712483406
2004	0.008877582848072052
2005	0.009571234695613384
2006	0.00993738230317831
2007	0.012432999908924103
2008	0.01069548912346363
2009	0.011153534054756165
2010	0.00954851508140564
2011	0.010087369941174984
2012	0.044621165841817856
2013	0.18619966506958008
2014	0.3625323474407196
2015	0.32370129227638245
2016	0.4389623701572418
2017	0.48458296060562134
2018	0.4224579334259033
2019	0.47215500473976135
2020	0.31134161353111267
2021	0.2112022489309311
2022	0.12981677055358887
2023	0.18695807456970215
2024	0.24587483704090118
2025	0.2286360263824463
2026	0.08393090963363647
2027	0.034189071506261826
2028	0.009157704189419746
2029	0.007295595016330481
2030	0.009415904991328716
2031	0.010532088577747345
2032	0.00721325958147645
2033	0.007341060321778059
2034	0.007023397833108902
2035	0.006490630563348532
2036	0.004701655823737383
2037	0.004943488631397486
2038	0.004739747848361731
2039	0.005323251709342003
2040	0.006354284938424826
2041	0.007751611061394215
2042	0.009868085384368896
2043	0.010454150848090649
2044	0.007879272103309631
2045	0.010921027511358261
2046	0.014012460596859455
2047	0.0148557024076581
2048	0.022664764896035194
2049	0.016034891828894615
2050	0.011466294527053833
2051	0.011468789540231228
2052	0.012449473142623901
2053	0.010476866737008095
2054	0.011754849925637245
2055	0.015742218121886253
2056	0.021463027223944664
2057	0.027055030688643456
2058	0.019398469477891922
2059	0.013135850429534912
2060	0.012300444766879082
2061	0.022374818101525307
2062	0.023127231746912003
2063	0.03665272891521454
2064	0.03814612701535225
2065	0.043203748762607574
2066	0.044220197945833206
2067	0.030896324664354324
2068	0.026070967316627502
2069	0.04464668035507202
2070	0.030127156525850296
2071	0.010535209439694881
2072	0.013390247710049152
2073	0.009962520562112331
2074	0.009931698441505432
2075	0.016742043197155
2076	0.020831122994422913
2077	0.01854809932410717
2078	0.022537073120474815
2079	0.011445213109254837
2080	0.00726120313629508
2081	0.013366582803428173
2082	0.013636939227581024
2083	0.010068985633552074
2084	0.011099295690655708
2085	0.011687631718814373
2086	0.010748381726443768
2087	0.02191695012152195
2088	0.019114147871732712
2089	0.014235071837902069
2090	0.017605198547244072
2091	0.015013870783150196
2092	0.014993873424828053
2093	0.014476691372692585
2094	0.00959066953510046
2095	0.008422351442277431
2096	0.011182894930243492
2097	0.011220033280551434
2098	0.017235202714800835
2099	0.01164188515394926
2100	0.005883154924958944
2101	0.00564680015668273
2102	0.007260199636220932
2103	0.006685668136924505
2104	0.01253845077008009
2105	0.010684110224246979
2106	0.012414750643074512
2107	0.01844548061490059
2108	0.02219102717936039
2109	0.018068751320242882
2110	0.011486200615763664
2111	0.006869223900139332
2112	0.01109060924500227
2113	0.009267224930226803
2114	0.014340954832732677
2115	0.00788989569991827
2116	0.008108822628855705
2117	0.007842411287128925
2118	0.006614029407501221
2119	0.010752282105386257
2120	0.012106223963201046
2121	0.016346124932169914
2122	0.016068996861577034
2123	0.01656350865960121
2124	0.07783136516809464
2125	0.03748928755521774
2126	0.02303432486951351
2127	0.019480792805552483
2128	0.01610950194299221
2129	0.008845060132443905
2130	0.00978927593678236
2131	0.011664791963994503
2132	0.008509008213877678
2133	0.01377433817833662
2134	0.013378011994063854
2135	0.011885839514434338
2136	0.011258097365498543
2137	0.020554309710860252
2138	0.010481041856110096
2139	0.01719626598060131
2140	0.013866766355931759
2141	0.017748819664120674
2142	0.020230835303664207
2143	0.015714388340711594
2144	0.020547959953546524
2145	0.020532310009002686
2146	0.027228331193327904
2147	0.02499910071492195
2148	0.01796688698232174
2149	0.015645083039999008
2150	0.024759424850344658
2151	0.023572349920868874
2152	0.02649117074906826
2153	0.02420411817729473
2154	0.020500797778367996
2155	0.026793980970978737
2156	0.04840614274144173
2157	0.03671198710799217
2158	0.030558019876480103
2159	0.026104135438799858
2160	0.0328068733215332
2161	0.03155803680419922
2162	0.026671642437577248
2163	0.023184949532151222
2164	0.021578172221779823
2165	0.0113535076379776
2166	0.016505612060427666
2167	0.008327348157763481
2168	0.014750227332115173
2169	0.027157802134752274
2170	0.027408087626099586
2171	0.024338701739907265
2172	0.03403385356068611
2173	0.02501680515706539
2174	0.06593946367502213
2175	0.030632564797997475
2176	0.03597260266542435
2177	0.015152598731219769
2178	0.018032943829894066
2179	0.031950488686561584
2180	0.03895227238535881
2181	0.029491161927580833
2182	0.028503293171525
2183	0.03256829082965851
2184	0.035852789878845215
2185	0.027967089787125587
2186	0.032175611704587936
2187	0.039770789444446564
2188	0.04480510950088501
2189	0.018253380432724953
2190	0.03235403820872307
2191	0.03581615909934044
2192	0.039425939321517944
2193	0.03881924971938133
2194	0.02835462987422943
2195	0.026066655293107033
2196	0.03409722447395325
2197	0.03769591078162193
2198	0.02499207854270935
2199	0.01903684064745903
2200	0.021036341786384583
2201	0.03789563104510307
2202	0.023082593455910683
2203	0.023921364918351173
2204	0.025507766753435135
2205	0.024777179583907127
2206	0.020358219742774963
2207	0.02951022796332836
2208	0.022907208651304245
2209	0.013313121162354946
2210	0.018407566472887993
2211	0.014879787340760231
2212	0.0253800880163908
2213	0.04191363602876663
2214	0.01924968883395195
2215	0.02716883085668087
2216	0.015070277266204357
2217	0.01851237751543522
2218	0.0131663354113698
2219	0.023780837655067444
2220	0.02053079940378666
2221	0.03573838993906975
2222	0.031092628836631775
2223	0.04248237982392311
2224	0.018890269100666046
2225	0.03658018633723259
2226	0.021349240094423294
2227	0.03173759579658508
2228	0.02364526502788067
2229	0.012917506508529186
2230	0.013359862379729748
2231	0.030196744948625565
2232	0.012027157470583916
2233	0.03386170044541359
2234	0.021546438336372375
2235	0.023188069462776184
2236	0.01616605743765831
2237	0.026825083419680595
2238	0.01793288253247738
2239	0.02156231738626957
2240	0.007863490842282772
2241	0.010129392147064209
2242	0.012048525735735893
2243	0.014779600314795971
2244	0.015646791085600853
2245	0.016906702890992165
2246	0.012903784401714802
2247	0.014793234877288342
2248	0.018994642421603203
2249	0.014296638779342175
2250	0.010059192776679993
2251	0.013425707817077637
2252	0.01513905730098486
2253	0.012854880653321743
2254	0.02729351632297039
2255	0.018990803509950638
2256	0.025120127946138382
2257	0.021194390952587128
2258	0.061840396374464035
2259	0.020903153344988823
2260	0.01575331948697567
2261	0.019768057391047478
2262	0.030767051503062248
2263	0.025360096246004105
2264	0.021689806133508682
2265	0.027425149455666542
2266	0.01945037953555584
2267	0.011625953018665314
2268	0.013174193911254406
2269	0.015961427241563797
2270	0.009229551069438457
2271	0.014849388971924782
2272	0.012342345900833607
2273	0.016155650839209557
2274	0.010696562938392162
2275	0.014635820873081684
2276	0.007985851727426052
2277	0.011698178015649319
2278	0.009461790323257446
2279	0.013916509225964546
2280	0.017113104462623596
2281	0.01519775576889515
2282	0.013306048698723316
2283	0.011597386561334133
2284	0.011504760943353176
2285	0.0124688521027565
2286	0.015462717972695827
2287	0.019235659390687943
2288	0.03761139139533043
2289	0.02007838897407055
2290	0.018474174663424492
2291	0.015751630067825317
2292	0.016816167160868645
2293	0.015215334482491016
2294	0.02782728150486946
2295	0.01902741938829422
2296	0.03160423785448074
2297	0.02464458718895912
2298	0.018553322181105614
2299	0.026079833507537842
2300	0.023071998730301857
2301	0.02298322692513466
2302	0.017525827512145042
2303	0.02653520368039608
2304	0.023548396304249763
2305	0.023157157003879547
2306	0.012161592952907085
2307	0.034787531942129135
2308	0.026896202936768532
2309	0.0220063216984272
2310	0.01417896430939436
2311	0.0134593416005373
2312	0.016963031142950058
2313	0.01576738990843296
2314	0.027637720108032227
2315	0.029410470277071
2316	0.019387444481253624
2317	0.02739991806447506
2318	0.014958295039832592
2319	0.023347223177552223
2320	0.014642387628555298
2321	0.0142534663900733
2322	0.026418481022119522
2323	0.0253155417740345
2324	0.015431338921189308
2325	0.026369566097855568
2326	0.024537336081266403
2327	0.03114405833184719
2328	0.01974116638302803
2329	0.014674345962703228
2330	0.019412336871027946
2331	0.024899382144212723
2332	0.020307155326008797
2333	0.033081717789173126
2334	0.03251541405916214
2335	0.029797984287142754
2336	0.016792988404631615
2337	0.01594882644712925
2338	0.012406082823872566
2339	0.024580685421824455
2340	0.0220887903124094
2341	0.015088759362697601
2342	0.018424874171614647
2343	0.0305643230676651
2344	0.015646865591406822
2345	0.02036251872777939
2346	0.016405658796429634
2347	0.04847462847828865
2348	0.01631496101617813
2349	0.030492207035422325
2350	0.036962419748306274
2351	0.04149793088436127
2352	0.016545971855521202
2353	0.020537925884127617
2354	0.012262078002095222
2355	0.028685778379440308
2356	0.01797623001039028
2357	0.029119376093149185
2358	0.02141801454126835
2359	0.017861803993582726
2360	0.01698620431125164
2361	0.03766625374555588
2362	0.021360868588089943
2363	0.0287000834941864
2364	0.026307810097932816
2365	0.02743782475590706
2366	0.01967608742415905
2367	0.04457090422511101
2368	0.03833683207631111
2369	0.05179884657263756
2370	0.039405323565006256
2371	0.040201108902692795
2372	0.0335804708302021
2373	0.035881996154785156
2374	0.050660569220781326
2375	0.036101385951042175
2376	0.02498696558177471
2377	0.061225034296512604
2378	0.03962107002735138
2379	0.046084992587566376
2380	0.03476617485284805
2381	0.0559944212436676
2382	0.038135826587677
2383	0.03794042393565178
2384	0.025359487161040306
2385	0.02299129217863083
2386	0.021757660433650017
2387	0.04852806031703949
2388	0.04033375158905983
2389	0.039358656853437424
2390	0.021614182740449905
2391	0.017688937485218048
2392	0.021106941625475883
2393	0.03427259996533394
2394	0.017722701653838158
2395	0.015429779887199402
2396	0.023453328758478165
2397	0.03853793814778328
2398	0.020948302000761032
2399	0.028949905186891556
2400	0.013950970955193043
2401	0.02270093373954296
2402	0.018940618261694908
2403	0.012571548111736774
2404	0.013263761065900326
2405	0.009090731851756573
2406	0.019665542989969254
2407	0.012514797039330006
2408	0.01844385825097561
2409	0.02204909361898899
2410	0.019634630531072617
2411	0.01793288253247738
2412	0.01802019774913788
2413	0.02046779729425907
2414	0.03437749296426773
2415	0.01613815873861313
2416	0.01367662288248539
2417	0.0171830952167511
2418	0.01506939809769392
2419	0.01600022427737713
2420	0.015022370032966137
2421	0.013523153029382229
2422	0.02056451141834259
2423	0.018622348085045815
2424	0.013207216747105122
2425	0.008834989741444588
2426	0.008526605553925037
2427	0.01589694619178772
2428	0.06847790628671646
2429	0.04006562381982803
2430	0.017018791288137436
2431	0.011038367636501789
2432	0.01422274298965931
2433	0.011577044613659382
2434	0.012308473698794842
2435	0.01606905832886696
2436	0.016476189717650414
2437	0.01926952600479126
2438	0.014643916860222816
2439	0.016540000215172768
2440	0.0139198899269104
2441	0.01226628478616476
2442	0.023789627477526665
2443	0.02502385713160038
2444	0.022524988278746605
2445	0.02141406759619713
2446	0.020696166902780533
2447	0.020205168053507805
2448	0.014806516468524933
2449	0.024523649364709854
2450	0.017076967284083366
2451	0.013383112847805023
2452	0.014936464838683605
2453	0.0158806424587965
2454	0.011331151239573956
2455	0.012727431021630764
2456	0.010947714559733868
2457	0.008614540100097656
2458	0.011673142202198505
2459	0.009016674943268299
2460	0.008590273559093475
2461	0.00814489834010601
2462	0.008636708371341228
2463	0.011749600060284138
2464	0.008561918511986732
2465	0.008309230208396912
2466	0.009191584773361683
2467	0.009447616524994373
2468	0.010190139524638653
2469	0.012154684402048588
2470	0.010963867418467999
2471	0.009372574277222157
2472	0.010413489304482937
2473	0.011783248744904995
2474	0.010944019071757793
2475	0.009364011697471142
2476	0.010157841257750988
2477	0.011882218532264233
2478	0.012057095766067505
2479	0.009080752730369568
2480	0.007854224182665348
2481	0.007375113200396299
2482	0.006765792611986399
2483	0.006180060561746359
2484	0.006135045550763607
2485	0.005660963244736195
2486	0.005959757138043642
2487	0.006777780596166849
2488	0.006141830235719681
2489	0.005755613092333078
2490	0.006125705782324076
2491	0.007841529324650764
2492	0.0065773772075772285
2493	0.005762878339737654
2494	0.006243899464607239
2495	0.006439222488552332
2496	0.005889034830033779
2497	0.004619156010448933
2498	0.0053559173829853535
2499	0.006321839522570372
2500	0.0049402364529669285
2501	0.006163280922919512
2502	0.005892264191061258
2503	0.005991946440190077
2504	0.006285414099693298
2505	0.005685582756996155
2506	0.00540263531729579
2507	0.00547342374920845
2508	0.004747779108583927
2509	0.004750492516905069
2510	0.004703361075371504
2511	0.005013308022171259
2512	0.005671356804668903
2513	0.004750269930809736
2514	0.004618258215487003
2515	0.004839612171053886
2516	0.004489313345402479
2517	0.004528302699327469
2518	0.004309686366468668
2519	0.0045565287582576275
2520	0.004640443250536919
2521	0.004872628953307867
2522	0.00499932374805212
2523	0.004490918945521116
2524	0.0037776746321469545
2525	0.004237172659486532
2526	0.0041879927739501
2527	0.004712519235908985
2528	0.004662533290684223
2529	0.005892044398933649
2530	0.005431847646832466
2531	0.006082009989768267
2532	0.006241632159799337
2533	0.0067361160181462765
2534	0.006903335452079773
2535	0.005463463254272938
2536	0.005129373166710138
2537	0.005791512783616781
2538	0.0050736889243125916
2539	0.006920116487890482
2540	0.005770961754024029
2541	0.005286358762532473
2542	0.006300346460193396
2543	0.0054117366671562195
2544	0.005695381201803684
2545	0.0059335194528102875
2546	0.005441018380224705
2547	0.006046525202691555
2548	0.006289486773312092
2549	0.0068823122419416904
2550	0.008387952111661434
2551	0.013338807038962841
2552	0.02013896219432354
2553	0.04555344209074974
2554	0.034638430923223495
2555	0.03555349260568619
2556	0.020056728273630142
2557	0.01964963600039482
2558	0.018464645370841026
2559	0.02187911607325077
2560	0.018523698672652245
2561	0.021624937653541565
2562	0.018098225817084312
2563	0.028431076556444168
2564	0.028597747907042503
2565	0.033363234251737595
2566	0.024904830381274223
2567	0.04413978382945061
2568	0.04748137295246124
2569	0.07302631437778473
2570	0.12043827772140503
2571	0.04976813495159149
2572	0.06422148644924164
2573	0.042547788470983505
2574	0.0414331890642643
2575	0.04520006477832794
2576	0.02424667589366436
2577	0.021837670356035233
2578	0.01900787465274334
2579	0.0160444937646389
2580	0.015001202002167702
2581	0.00997770857065916
2582	0.010534233413636684
2583	0.007526553701609373
2584	0.028377709910273552
2585	0.10831232368946075
2586	0.26553505659103394
2587	0.28363749384880066
2588	0.15767459571361542
2589	0.19692681729793549
2590	0.20362146198749542
2591	0.28792572021484375
2592	0.20690622925758362
2593	0.2365867644548416
2594	0.1600787490606308
2595	0.23628950119018555
2596	0.2397279292345047
2597	0.1441480964422226
2598	0.20947174727916718
2599	0.4476637840270996
2600	0.38993117213249207
2601	0.49286729097366333
2602	0.37360554933547974
2603	0.055369436740875244
2604	0.04206512123346329
2605	0.5517773032188416
2606	0.0868360847234726
2607	0.28973498940467834
2608	0.3196501135826111
2609	0.31139183044433594
2610	0.511536717414856
2611	0.5155492424964905
2612	0.5559137463569641
2613	0.6354983448982239
2614	0.4386141896247864
2615	0.47071215510368347
2616	0.29339805245399475
2617	0.3882168233394623
2618	0.2804744839668274
2619	0.3066088855266571
2620	0.22938640415668488
2621	0.2636820673942566
2622	0.19209444522857666
2623	0.2267906665802002
2624	0.2242625206708908
2625	0.10584264248609543
2626	0.09522067755460739
2627	0.17628850042819977
2628	0.18227936327457428
2629	0.1846589595079422
2630	0.10394646972417831
2631	0.21359872817993164
2632	0.17031216621398926
2633	0.39713212847709656
2634	0.2352292388677597
2635	0.25376030802726746
2636	0.2718712389469147
2637	0.4466214179992676
2638	0.5095616579055786
2639	0.39630410075187683
2640	0.28219151496887207
2641	0.26552286744117737
2642	0.3371714949607849
2643	0.1611993908882141
2644	0.22523151338100433
2645	0.19946207106113434
2646	0.08616272360086441
2647	0.05128970369696617
2648	0.03350365161895752
2649	0.06856552511453629
2650	0.07646824419498444
2651	0.09604394435882568
2652	0.37749138474464417
2653	0.24638143181800842
2654	0.32235756516456604
2655	0.21046482026576996
2656	0.4230439364910126
2657	0.1572282612323761
2658	0.17407746613025665
2659	0.5936633944511414
2660	0.6609755754470825
2661	0.13291965425014496
2662	0.008254660293459892
2663	0.007276396732777357
2664	0.00892557855695486
2665	0.008407535031437874
2666	0.009060475043952465
2667	0.008821221999824047
2668	0.009307592175900936
2669	0.007835938595235348
2670	0.008148602209985256
2671	0.008790642023086548
2672	0.00797893013805151
2673	0.007993008941411972
2674	0.009117769077420235
2675	0.008152193389832973
2676	0.009437864646315575
2677	0.008026326075196266
2678	0.010346603579819202
2679	0.009849964641034603
2680	0.009309072047472
2681	0.006442796438932419
2682	0.00791702326387167
2683	0.014000609517097473
2684	0.011444797739386559
2685	0.015626614913344383
2686	0.013883876614272594
2687	0.01025332510471344
2688	0.014723501168191433
2689	0.01107643824070692
2690	0.013338468037545681
2691	0.012420251965522766
2692	0.012395848520100117
2693	0.010918529704213142
2694	0.013497880659997463
2695	0.01113126426935196
2696	0.013677460141479969
2697	0.017600269988179207
2698	0.012985947541892529
2699	0.018861645832657814
2700	0.013926622457802296
2701	0.01652178168296814
2702	0.012289434671401978
2703	0.01260734349489212
2704	0.014729509130120277
2705	0.011154964566230774
2706	0.009974118322134018
2707	0.009980348870158195
2708	0.012054244987666607
2709	0.010441276244819164
2710	0.010041325353085995
2711	0.009281585924327374
2712	0.012946653179824352
2713	0.010518535040318966
2714	0.007649242877960205
2715	0.009962761774659157
2716	0.008443317376077175
2717	0.007070739753544331
2718	0.008042197674512863
2719	0.007615963462740183
2720	0.005700026638805866
2721	0.008622722700238228
2722	0.006467574741691351
2723	0.008640903979539871
2724	0.013550362549722195
2725	0.021798912435770035
2726	0.017703043296933174
2727	0.01681140437722206
2728	0.016388198360800743
2729	0.025810791179537773
2730	0.021624475717544556
2731	0.018867099657654762
2732	0.023059455677866936
2733	0.02513638138771057
2734	0.018800871446728706
2735	0.020069122314453125
2736	0.02639569155871868
2737	0.025686053559184074
2738	0.024869931861758232
2739	0.029153555631637573
2740	0.021638302132487297
2741	0.03018040955066681
2742	0.02655624784529209
2743	0.040465306490659714
2744	0.027230245992541313
2745	0.06581028550863266
2746	0.04028819128870964
2747	0.042028702795505524
2748	0.04915182664990425
2749	0.08472499996423721
2750	0.05714764818549156
2751	0.14717228710651398
2752	0.1253080666065216
2753	0.07254620641469955
2754	0.07067229598760605
2755	0.04915277287364006
2756	0.14027884602546692
2757	0.14008010923862457
2758	0.061802901327610016
2759	0.049102939665317535
2760	0.05547450855374336
2761	0.021323127672076225
2762	0.020315736532211304
2763	0.012528962455689907
2764	0.014015686698257923
2765	0.015747083351016045
2766	0.017373759299516678
2767	0.0472320094704628
2768	0.10635802894830704
2769	0.11159336566925049
2770	0.08578091114759445
2771	0.25474435091018677
2772	0.17895589768886566
2773	0.1309543401002884
2774	0.08847421407699585
2775	0.06416494399309158
2776	0.1625702828168869
2777	0.06295987218618393
2778	0.11145376414060593
2779	0.08072749525308609
2780	0.11274675279855728
2781	0.06455205380916595
2782	0.10189521312713623
2783	0.08724037557840347
2784	0.11796758323907852
2785	0.09853650629520416
2786	0.04270251467823982
2787	0.1541198343038559
2788	0.10248731821775436
2789	0.18258242309093475
2790	0.14270681142807007
2791	0.12509749829769135
2792	0.11426971107721329
2793	0.22186219692230225
2794	0.1054701954126358
2795	0.012954014353454113
2796	0.0125043960288167
2797	0.014218427240848541
2798	0.011926001869142056
2799	0.014225100167095661
