frame	prob
0	0.6661492586135864
1	0.6857241988182068
2	0.6938796639442444
3	0.7666820287704468
4	0.6081348657608032
5	0.03642032667994499
6	0.009079446084797382
7	0.007036240305751562
8	0.006153337191790342
9	0.008187060244381428
10	0.007597744464874268
11	0.009336598217487335
12	0.007334823254495859
13	0.013217218220233917
14	0.044796254485845566
15	0.05464411526918411
16	0.12231650203466415
17	0.039208341389894485
18	0.012524530291557312
19	0.009263435378670692
20	0.007915972732007504
21	0.00802224688231945
22	0.009480233304202557
23	0.007387666497379541
24	0.008523507043719292
25	0.01514544989913702
26	0.036473192274570465
27	0.052444010972976685
28	0.10494054853916168
29	0.4027564227581024
30	0.4177424907684326
31	0.5404881834983826
32	0.45201608538627625
33	0.5035925507545471
34	0.47379571199417114
35	0.24398298561573029
36	0.017476312816143036
37	0.008055904880166054
38	0.007217938546091318
39	0.008153135888278484
40	0.005895333364605904
41	0.008222372271120548
42	0.007087778300046921
43	0.009325961582362652
44	0.007697343826293945
45	0.008011906407773495
46	0.009273054078221321
47	0.009237410500645638
48	0.007528078742325306
49	0.008725482039153576
50	0.010347699746489525
51	0.009364438243210316
52	0.011473716236650944
53	0.009175884537398815
54	0.009535208344459534
55	0.011441230773925781
56	0.01800171472132206
57	0.009135188534855843
58	0.0114358589053154
59	0.010483858175575733
60	0.009180150926113129
61	0.007732479367405176
62	0.00909830816090107
63	0.010066580027341843
64	0.007341521326452494
65	0.011777576990425587
66	0.01277923583984375
67	0.011499973945319653
68	0.010389900766313076
69	0.00989956222474575
70	0.011356325820088387
71	0.01301474031060934
72	0.013598859310150146
73	0.027351444587111473
74	0.023178162053227425
75	0.01944376714527607
76	0.015213103964924812
77	0.03619251772761345
78	0.028482019901275635
79	0.01399200689047575
80	0.015205807983875275
81	0.01571892946958542
82	0.018120052292943
83	0.01798356883227825
84	0.016831709071993828
85	0.015806976705789566
86	0.012958626262843609
87	0.018834630027413368
88	0.015572181902825832
89	0.020018810406327248
90	0.014531540684401989
91	0.012220787815749645
92	0.010852649807929993
93	0.013222134672105312
94	0.010726424865424633
95	0.011993925087153912
96	0.011982771568000317
97	0.011403290554881096
98	0.011070461943745613
99	0.010996385477483273
100	0.01399779599159956
101	0.024129269644618034
102	0.015585756860673428
103	0.014719038270413876
104	0.019514501094818115
105	0.0072741457261145115
106	0.007765926420688629
107	0.009320778772234917
108	0.007336414884775877
109	0.008246987126767635
110	0.0071767279878258705
111	0.0068672033958137035
112	0.006681875325739384
113	0.008335272781550884
114	0.009126768447458744
115	0.007385897915810347
116	0.006640107836574316
117	0.007367375772446394
118	0.007083625998347998
119	0.007951527833938599
120	0.00736202672123909
121	0.0061971466057002544
122	0.006679273676127195
123	0.006916053127497435
124	0.007647618185728788
125	0.007866928353905678
126	0.008231583051383495
127	0.008472218178212643
128	0.008732350543141365
129	0.008045979775488377
130	0.007893453352153301
131	0.011904425919055939
132	0.01165049523115158
133	0.009228060021996498
134	0.011096473783254623
135	0.012507197447121143
136	0.013109104707837105
137	0.010408587753772736
138	0.010047241114079952
139	0.008094358257949352
140	0.006967079825699329
141	0.007015259470790625
142	0.004864179994910955
143	0.004628354217857122
144	0.004641417413949966
145	0.004361169878393412
146	0.005461601074784994
147	0.004603346344083548
148	0.004540745168924332
149	0.005681481212377548
150	0.005282470025122166
151	0.005370493978261948
152	0.004117603879421949
153	0.004037205595523119
154	0.004612811375409365
155	0.004073825199157
156	0.004061669111251831
157	0.0031886030919849873
158	0.003463147208094597
159	0.0034555799793452024
160	0.003572160145267844
161	0.0034468478988856077
162	0.003688287688419223
163	0.003560055745765567
164	0.0036683366633951664
165	0.004085069056600332
166	0.004524173680692911
167	0.0041826628148555756
168	0.005422694142907858
169	0.005239092279225588
170	0.004662631545215845
171	0.005558110307902098
172	0.00436483696103096
173	0.004397736396640539
174	0.004693923052400351
175	0.0050387028604745865
176	0.0049383193254470825
177	0.004923766013234854
178	0.004793383646756411
179	0.004547358024865389
180	0.004701155703514814
181	0.0051908656023442745
182	0.005277303047478199
183	0.004777589347213507
184	0.005094218533486128
185	0.005591405089944601
186	0.00488861370831728
187	0.004977214615792036
188	0.004237055312842131
189	0.004819574300199747
190	0.006376083940267563
191	0.005626905709505081
192	0.004991589579731226
193	0.00491753313690424
194	0.0058675226755440235
195	0.005271331872791052
196	0.005842365324497223
197	0.00405334634706378
198	0.005413131322711706
199	0.0058657205663621426
200	0.006334539502859116
201	0.006337699480354786
202	0.0064767226576805115
203	0.006938871927559376
204	0.006105328444391489
205	0.007520593702793121
206	0.007080071605741978
207	0.009853138588368893
208	0.008202454075217247
209	0.008955712430179119
210	0.009805077686905861
211	0.009575547650456429
212	0.009619130752980709
213	0.009998278692364693
214	0.008020997047424316
215	0.009723699651658535
216	0.01126998383551836
217	0.00877546425908804
218	0.009900445118546486
219	0.010370436124503613
220	0.009639616124331951
221	0.010272308252751827
222	0.009998077526688576
223	0.010424592532217503
224	0.010802690871059895
225	0.01061408594250679
226	0.007018836680799723
227	0.009314353577792645
228	0.010643578134477139
229	0.009488716721534729
230	0.00952189415693283
231	0.010095502249896526
232	0.00987077783793211
233	0.009290180169045925
234	0.007413822691887617
235	0.008773105219006538
236	0.008153974078595638
237	0.00926415529102087
238	0.008970885537564754
239	0.009968661703169346
240	0.009908748790621758
241	0.008066493086516857
242	0.008385603316128254
243	0.009097385220229626
244	0.012971644289791584
245	0.014293506741523743
246	0.01802307739853859
247	0.016759267076849937
248	0.025309601798653603
249	0.016985518857836723
250	0.01692076027393341
251	0.01641022227704525
252	0.014413406141102314
253	0.017690131440758705
254	0.013941138051450253
255	0.015878897160291672
256	0.0189824216067791
257	0.02127864770591259
258	0.05726586654782295
259	0.05610183626413345
260	0.034406326711177826
261	0.05258409306406975
262	0.018265916034579277
263	0.007330883294343948
264	0.00875331275165081
265	0.007183316629379988
266	0.007003039121627808
267	0.008969842456281185
268	0.013573616743087769
269	0.04962969571352005
270	0.10584618896245956
271	0.03412162512540817
272	0.0966731533408165
273	0.06148287281394005
274	0.03601978346705437
275	0.006627589464187622
276	0.007906273007392883
277	0.005750522017478943
278	0.0069332546554505825
279	0.006741729564964771
280	0.007167054805904627
281	0.006092729512602091
282	0.006607367191463709
283	0.007927498780190945
284	0.008817988447844982
285	0.007760358043015003
286	0.009929508902132511
287	0.007278327830135822
288	0.008967188186943531
289	0.006446340121328831
290	0.007808605674654245
291	0.00709166843444109
292	0.007780097424983978
293	0.0075247385539114475
294	0.007125105243176222
295	0.0067586409859359264
296	0.007981997914612293
297	0.006958429701626301
298	0.008651944808661938
299	0.008250737562775612
300	0.007269707974046469
301	0.0069772712886333466
302	0.007374734617769718
303	0.008647367358207703
304	0.008459153585135937
305	0.007364405784755945
306	0.008176702074706554
307	0.007793552707880735
308	0.00876375287771225
309	0.007237110286951065
310	0.007727453019469976
311	0.04658201336860657
312	0.19306950271129608
313	0.07746672630310059
314	0.06603387743234634
315	0.011376901529729366
316	0.007113456726074219
317	0.005381542257964611
318	0.007373386528342962
319	0.007348918821662664
320	0.006661742459982634
321	0.005876399111002684
322	0.007840879261493683
323	0.007661776151508093
324	0.0065416633151471615
325	0.006734088994562626
326	0.007566129323095083
327	0.00716457748785615
328	0.007060750853270292
329	0.0064405943267047405
330	0.00749020604416728
331	0.0069799586199223995
332	0.006831693928688765
333	0.006306001450866461
334	0.007793175522238016
335	0.006678867619484663
336	0.008340093307197094
337	0.006405632942914963
338	0.008067183196544647
339	0.007635923568159342
340	0.007750086486339569
341	0.007770525757223368
342	0.008232621476054192
343	0.006313961930572987
344	0.008092033676803112
345	0.007563699968159199
346	0.009574007242918015
347	0.008043865673244
348	0.007295932620763779
349	0.006863979157060385
350	0.008351814933121204
351	0.008474694564938545
352	0.00873856246471405
353	0.006912686862051487
354	0.009050393477082253
355	0.007452443242073059
356	0.008131409995257854
357	0.006967549212276936
358	0.00831704493612051
359	0.00796290673315525
360	0.00800612848252058
361	0.006851905025541782
362	0.01514164824038744
363	0.007529478054493666
364	0.013971108011901379
365	0.006529980804771185
366	0.008962200954556465
367	0.007999466732144356
368	0.007520811166614294
369	0.007340606302022934
370	0.009288856759667397
371	0.00792393833398819
372	0.008311557583510876
373	0.007954833097755909
374	0.0068727582693099976
375	0.007984957657754421
376	0.012565958313643932
377	0.008869673125445843
378	0.014001159928739071
379	0.008068667724728584
380	0.013975712470710278
381	0.01060380320996046
382	0.014450344257056713
383	0.012153307907283306
384	0.013736143708229065
385	0.007400098722428083
386	0.008022728376090527
387	0.008512240834534168
388	0.009800737723708153
389	0.007367877755314112
390	0.00880651269108057
391	0.00829746201634407
392	0.007511415518820286
393	0.006317980121821165
394	0.00888321828097105
395	0.007720597088336945
396	0.01030608732253313
397	0.011782750487327576
398	0.011600421741604805
399	0.01044393889605999
400	0.02199024334549904
401	0.010680217295885086
402	0.01400276180356741
403	0.015825597569346428
404	0.019041864201426506
405	0.007845506072044373
406	0.008403800427913666
407	0.00841832160949707
408	0.011610514484345913
409	0.007331880275160074
410	0.011630355380475521
411	0.00987700279802084
412	0.00953829288482666
413	0.028308285400271416
414	0.014887978322803974
415	0.0193556547164917
416	0.010552129708230495
417	0.014594483189284801
418	0.014011017046868801
419	0.009964286349713802
420	0.01006009429693222
421	0.008620916865766048
422	0.006460077594965696
423	0.008548988960683346
424	0.009401258081197739
425	0.00708001246675849
426	0.008151277899742126
427	0.009481470100581646
428	0.00849077943712473
429	0.009760192595422268
430	0.010027515701949596
431	0.00887343566864729
432	0.010449424386024475
433	0.010543576441705227
434	0.009188162162899971
435	0.0090698366984725
436	0.00927665550261736
437	0.010945569723844528
438	0.00950783770531416
439	0.01009282749146223
440	0.008548798970878124
441	0.008156584575772285
442	0.0118205975741148
443	0.009265070781111717
444	0.008973397314548492
445	0.011346869170665741
446	0.013979810290038586
447	0.012323536910116673
448	0.01191200315952301
449	0.0102967144921422
450	0.010829895734786987
451	0.010818453505635262
452	0.011443237774074078
453	0.010312012396752834
454	0.008930868469178677
455	0.010054485872387886
456	0.009302853606641293
457	0.010888824239373207
458	0.010412645526230335
459	0.010308853350579739
460	0.011789565905928612
461	0.010922611691057682
462	0.0103457598015666
463	0.008252687752246857
464	0.009544695727527142
465	0.008375381119549274
466	0.010151940397918224
467	0.009939506649971008
468	0.01049201563000679
469	0.008136271499097347
470	0.008396109566092491
471	0.010601120069622993
472	0.0117339501157403
473	0.010487417690455914
474	0.009278967045247555
475	0.021515218541026115
476	0.027204466983675957
477	0.01157176773995161
478	0.011066863313317299
479	0.01679869554936886
480	0.03114178776741028
481	0.04303069785237312
482	0.05953768640756607
483	0.021052828058600426
484	0.01640371046960354
485	0.016416288912296295
486	0.009780456312000751
487	0.007979641668498516
488	0.008077091537415981
489	0.007408786565065384
490	0.009272897616028786
491	0.010845211334526539
492	0.010980605147778988
493	0.008769956417381763
494	0.009685821831226349
495	0.011408472433686256
496	0.008384219370782375
497	0.008534532971680164
498	0.008626043796539307
499	0.00659722788259387
500	0.008492561057209969
501	0.006647014059126377
502	0.009787244722247124
503	0.011083762161433697
504	0.01661153882741928
505	0.008000770583748817
506	0.011092009954154491
507	0.010344716720283031
508	0.009946516714990139
509	0.010438883677124977
510	0.011922304518520832
511	0.010426734574139118
512	0.008910096250474453
513	0.013942800462245941
514	0.008879110217094421
515	0.008230822160840034
516	0.009854412637650967
517	0.007919764146208763
518	0.009478399530053139
519	0.009776243939995766
520	0.008498381823301315
521	0.006282501854002476
522	0.008556000888347626
523	0.008692748844623566
524	0.0075299739837646484
525	0.01046599168330431
526	0.008017290383577347
527	0.008470102213323116
528	0.007585194893181324
529	0.010146589018404484
530	0.010218529962003231
531	0.009354481473565102
532	0.009789272211492062
533	0.005693374201655388
534	0.006336770486086607
535	0.0053414227440953255
536	0.008078697137534618
537	0.007682030089199543
538	0.008674073033034801
539	0.00776721490547061
540	0.007390682585537434
541	0.007926227524876595
542	0.008717881515622139
543	0.008377760648727417
544	0.009381971322000027
545	0.007161328103393316
546	0.007756940554827452
547	0.009617002680897713
548	0.006196267437189817
549	0.0056424872018396854
550	0.006361999548971653
551	0.005313658155500889
552	0.005725111812353134
553	0.006817732006311417
554	0.006901152431964874
555	0.008159048855304718
556	0.00948453601449728
557	0.007592347916215658
558	0.006060570012778044
559	0.005772875156253576
560	0.007075611501932144
561	0.008309528231620789
562	0.007762655150145292
563	0.008177912794053555
564	0.008832676336169243
565	0.009097332134842873
566	0.0077589633874595165
567	0.008587310090661049
568	0.00890552718192339
569	0.00793666671961546
570	0.007651419844478369
571	0.00896927434951067
572	0.010431178845465183
573	0.015227493830025196
574	0.011674709618091583
575	0.011500979773700237
576	0.009202586486935616
577	0.007871749810874462
578	0.011600740253925323
579	0.009796769358217716
580	0.009202410466969013
581	0.00978879351168871
582	0.010943914763629436
583	0.010345528833568096
584	0.009661184623837471
585	0.010897296480834484
586	0.008580935187637806
587	0.011447581462562084
588	0.011848310008645058
589	0.014461882412433624
590	0.011897441931068897
591	0.010340593755245209
592	0.010459433309733868
593	0.009518476203083992
594	0.010832283645868301
595	0.011338809505105019
596	0.011246521025896072
597	0.01031386386603117
598	0.010361899621784687
599	0.010753494687378407
600	0.010614266619086266
601	0.016166647896170616
602	0.012610054574906826
603	0.010707790032029152
604	0.015842365100979805
605	0.02021964080631733
606	0.010319595225155354
607	0.010786528699100018
608	0.009615940041840076
609	0.007795488927513361
610	0.01010932121425867
611	0.009702682495117188
612	0.010225853882730007
613	0.008985604159533978
614	0.011598874814808369
615	0.012796330265700817
616	0.009787469170987606
617	0.010955656878650188
618	0.010323169641196728
619	0.013124707154929638
620	0.016321230679750443
621	0.08203550428152084
622	0.18950265645980835
623	0.19977624714374542
624	0.21253743767738342
625	0.1713578701019287
626	0.21498823165893555
627	0.24542930722236633
628	0.06555008143186569
629	0.07854606956243515
630	0.035709626972675323
631	0.03766147792339325
632	0.02180851809680462
633	0.032463084906339645
634	0.0425189845263958
635	0.09954941272735596
636	0.06511086970567703
637	0.14630834758281708
638	0.19877271354198456
639	0.08527598530054092
640	0.03808683529496193
641	0.009950646199285984
642	0.007286080624908209
643	0.0073422836139798164
644	0.007341247983276844
645	0.008221348747611046
646	0.008070853538811207
647	0.010727666318416595
648	0.008211249485611916
649	0.007780422456562519
650	0.006579410284757614
651	0.007403084542602301
652	0.007203040178865194
653	0.0059130494482815266
654	0.006178287323564291
655	0.006391481962054968
656	0.006528144236654043
657	0.005505691282451153
658	0.0070520550943911076
659	0.006456170231103897
660	0.006525443401187658
661	0.0061570582911372185
662	0.007067293860018253
663	0.006714703049510717
664	0.007862201891839504
665	0.005972223822027445
666	0.00676317373290658
667	0.007306468673050404
668	0.006480963435024023
669	0.007335891015827656
670	0.00765981525182724
671	0.007003088481724262
672	0.0067811631597578526
673	0.005896622780710459
674	0.004532257094979286
675	0.004744636360555887
676	0.005930921528488398
677	0.006613551173359156
678	0.00699970219284296
679	0.005794051568955183
680	0.007837864570319653
681	0.006196297239512205
682	0.0066604926250875
683	0.005207331385463476
684	0.005059575196355581
685	0.0056299432180821896
686	0.007854396477341652
687	0.007023838814347982
688	0.006162499543279409
689	0.0074497307650744915
690	0.007370151113718748
691	0.006556653883308172
692	0.007326697465032339
693	0.0066804103553295135
694	0.005974111147224903
695	0.005295608192682266
696	0.004461284726858139
697	0.004501705057919025
698	0.004712034948170185
699	0.005103157367557287
700	0.0049082874320447445
701	0.0052664815448224545
702	0.005508610513061285
703	0.005688525270670652
704	0.005249481648206711
705	0.0057922969572246075
706	0.006822547409683466
707	0.008627659641206264
708	0.007779520004987717
709	0.008141559548676014
710	0.009096541441977024
711	0.010959645733237267
712	0.01236066222190857
713	0.012454118579626083
714	0.013153614476323128
715	0.012655160389840603
716	0.01199398748576641
717	0.010103977285325527
718	0.007680469658225775
719	0.0075761559419333935
720	0.007700023241341114
721	0.006603383459150791
722	0.00799473561346531
723	0.0074598342180252075
724	0.007564266677945852
725	0.00683182617649436
726	0.007265374064445496
727	0.007715089712291956
728	0.007248152978718281
729	0.006872155703604221
730	0.007565623614937067
731	0.008537912741303444
732	0.008727471344172955
733	0.005671391729265451
734	0.007439299952238798
735	0.008496956899762154
736	0.008235185407102108
737	0.006144889630377293
738	0.008972321636974812
739	0.0066165379248559475
740	0.006263995077461004
741	0.00626432616263628
742	0.006473878864198923
743	0.0059830197133123875
744	0.008526849560439587
745	0.006695035379379988
746	0.008265330456197262
747	0.007243357133120298
748	0.004910524934530258
749	0.0058560143224895
750	0.005370546132326126
751	0.004358049016445875
752	0.004488959442824125
753	0.004939529579132795
754	0.004658442921936512
755	0.005118608009070158
756	0.006319710519164801
757	0.006391516420990229
758	0.005571042653173208
759	0.006449154112488031
760	0.006945410277694464
761	0.006600798573344946
762	0.008527516387403011
763	0.006365650333464146
764	0.0061259157955646515
765	0.009103174321353436
766	0.005566904786974192
767	0.006469939835369587
768	0.007067771162837744
769	0.005924643948674202
770	0.006238962989300489
771	0.007560801692306995
772	0.006288913544267416
773	0.006848201155662537
774	0.0054720728658139706
775	0.006448015570640564
776	0.005199126899242401
777	0.006621547043323517
778	0.006286309100687504
779	0.008407625369727612
780	0.006852067541331053
781	0.005187311675399542
782	0.009797257371246815
783	0.006575986742973328
784	0.009830302558839321
785	0.008492309600114822
786	0.009817110374569893
787	0.007465971168130636
788	0.014180480502545834
789	0.019729837775230408
790	0.017113057896494865
791	0.018035197630524635
792	0.013903157785534859
793	0.019168296828866005
794	0.014920699410140514
795	0.011802440509200096
796	0.0244531761854887
797	0.02535616233944893
798	0.018583258613944054
799	0.01102573610842228
800	0.012763003818690777
801	0.01289361622184515
802	0.015982085838913918
803	0.020489750429987907
804	0.029734766110777855
805	0.02199101448059082
806	0.028365209698677063
807	0.013961094431579113
808	0.011572512798011303
809	0.011051190085709095
810	0.010131615214049816
811	0.01399716455489397
812	0.01021675392985344
813	0.013202527537941933
814	0.009088316932320595
815	0.0070264823734760284
816	0.008676658384501934
817	0.00768084404990077
818	0.00888130720704794
819	0.007256231736391783
820	0.007345456164330244
821	0.007826874032616615
822	0.0074348351918160915
823	0.0074209547601640224
824	0.009543763473629951
825	0.009133975021541119
826	0.00854912307113409
827	0.008100724779069424
828	0.00954920519143343
829	0.010386034846305847
830	0.01043101865798235
831	0.009074836038053036
832	0.01095945481210947
833	0.006981016602367163
834	0.007989228703081608
835	0.00717040104791522
836	0.009849922731518745
837	0.008742737583816051
838	0.008621701039373875
839	0.008259388618171215
840	0.013594931922852993
841	0.008947230875492096
842	0.027777284383773804
843	0.0122393062338233
844	0.011350310407578945
845	0.009858262725174427
846	0.008430160582065582
847	0.00869058072566986
848	0.010049611330032349
849	0.01050970796495676
850	0.013950410299003124
851	0.01590907759964466
852	0.010630713775753975
853	0.011239083483815193
854	0.005760735832154751
855	0.006372469011694193
856	0.005838209297508001
857	0.0058862511068582535
858	0.005524444859474897
859	0.005197830498218536
860	0.004349111579358578
861	0.005003048572689295
862	0.006094601005315781
863	0.005136331543326378
864	0.0057115391828119755
865	0.006207015831023455
866	0.006011308170855045
867	0.005347406957298517
868	0.00542021170258522
869	0.005302203353494406
870	0.005403214134275913
871	0.005875935312360525
872	0.006607988383620977
873	0.007463232614099979
874	0.0054288459941744804
875	0.005868981126695871
876	0.0059110987931489944
877	0.005647250916808844
878	0.0061889467760920525
879	0.006094999145716429
880	0.00843027327209711
881	0.008510070852935314
882	0.009810793213546276
883	0.008536375127732754
884	0.009809370152652264
885	0.01086315605789423
886	0.013807701878249645
887	0.013058329932391644
888	0.012155224569141865
889	0.013198750093579292
890	0.013048487715423107
891	0.011886472813785076
892	0.008082821033895016
893	0.009053054265677929
894	0.007669282611459494
895	0.006986347027122974
896	0.007385242264717817
897	0.010342891328036785
898	0.011999888345599174
899	0.057292964309453964
900	0.15088942646980286
901	0.010121948085725307
902	0.009453280828893185
903	0.012261219322681427
904	0.010155226103961468
905	0.00948807317763567
906	0.00947357714176178
907	0.00916729774326086
908	0.009077396243810654
909	0.0075464933179318905
910	0.008549714460968971
911	0.007202052976936102
912	0.009101415984332561
913	0.007916796952486038
914	0.0077562290243804455
915	0.008679439313709736
916	0.008479476906359196
917	0.006985057145357132
918	0.009247630834579468
919	0.008946023881435394
920	0.007861417718231678
921	0.0066107772290706635
922	0.0057315886951982975
923	0.007494419347494841
924	0.006984948646277189
925	0.007645140867680311
926	0.0066502890549600124
927	0.007797571364790201
928	0.008421755395829678
929	0.00932058971375227
930	0.007601970341056585
931	0.008843655698001385
932	0.009642396122217178
933	0.008132428862154484
934	0.007163655012845993
935	0.0075468868017196655
936	0.0075166733004152775
937	0.011199966073036194
938	0.0143260657787323
939	0.013382031582295895
940	0.008405893109738827
941	0.008580530062317848
942	0.007787494454532862
943	0.007557356264442205
944	0.008726455271244049
945	0.011074791662395
946	0.008002313785254955
947	0.008714578114449978
948	0.006769718136638403
949	0.005685179959982634
950	0.0055459039285779
951	0.00601159268990159
952	0.005838125944137573
953	0.004394696094095707
954	0.003316646907478571
955	0.008628321811556816
956	0.00795042049139738
957	0.005675430875271559
958	0.004899357911199331
959	0.005720688495784998
960	0.007470215205103159
961	0.006723631173372269
962	0.0051707797683775425
963	0.0056342678144574165
964	0.006224588956683874
965	0.005792649928480387
966	0.005530414637178183
967	0.006025880109518766
968	0.004401532467454672
969	0.005272876471281052
970	0.00762249156832695
971	0.00622519850730896
972	0.005802348256111145
973	0.004441995173692703
974	0.0035559521056711674
975	0.003927735146135092
976	0.003977701999247074
977	0.004967344459146261
978	0.00466935196891427
979	0.006185618694871664
980	0.005734632257372141
981	0.0056335716508328915
982	0.004464690573513508
983	0.005757064558565617
984	0.0052431924268603325
985	0.004429176449775696
986	0.003641187446191907
987	0.004756032023578882
988	0.004259995650500059
989	0.0042820703238248825
990	0.00472954660654068
991	0.004718870855867863
992	0.004959492944180965
993	0.005790896713733673
994	0.006594570819288492
995	0.0048811184242367744
996	0.0054315924644470215
997	0.004514375235885382
998	0.004596460610628128
999	0.00450828205794096
1000	0.004777335096150637
1001	0.004115627612918615
1002	0.003928808961063623
1003	0.004117388743907213
1004	0.004184994380921125
1005	0.00357833132147789
1006	0.004030472598969936
1007	0.003983537200838327
1008	0.004041360225528479
1009	0.004572180099785328
1010	0.0034783228766173124
1011	0.004134762100875378
1012	0.0037464045453816652
1013	0.003474657190963626
1014	0.0037080447655171156
1015	0.004437604453414679
1016	0.00420426344498992
1017	0.0043433248065412045
1018	0.003965820651501417
1019	0.0037498492747545242
1020	0.003644229145720601
1021	0.004272244405001402
1022	0.004034053068608046
1023	0.0033103711903095245
1024	0.0026143842842429876
1025	0.0028325447347015142
1026	0.0032852482981979847
1027	0.0031397142447531223
1028	0.004362801555544138
1029	0.003634641645476222
1030	0.003997046034783125
1031	0.003988219890743494
1032	0.0033966556657105684
1033	0.003570716828107834
1034	0.0033063918817788363
1035	0.0034411742817610502
1036	0.0038734551053494215
1037	0.003964035306125879
1038	0.00351731083355844
1039	0.00359768676571548
1040	0.004105536267161369
1041	0.003979564178735018
1042	0.004194625653326511
1043	0.003948550671339035
1044	0.0037608712445944548
1045	0.003565039951354265
1046	0.004088928457349539
1047	0.003961862530559301
1048	0.004076670855283737
1049	0.0041900682263076305
1050	0.004100935999304056
1051	0.004254513420164585
1052	0.004635533783584833
1053	0.0050127445720136166
1054	0.0053517622873187065
1055	0.005778185557574034
1056	0.006066620349884033
1057	0.0062474715523421764
1058	0.00545011181384325
1059	0.0050429957918822765
1060	0.004671432543545961
1061	0.003996663261204958
1062	0.004495789762586355
1063	0.004046167246997356
1064	0.004396672826260328
1065	0.004091283772140741
1066	0.00422860449180007
1067	0.004409769084304571
1068	0.005694112274795771
1069	0.004345281515270472
1070	0.004916506353765726
1071	0.003935270011425018
1072	0.003968007862567902
1073	0.003816429292783141
1074	0.003628513542935252
1075	0.004253996070474386
1076	0.00388697418384254
1077	0.004189187195152044
1078	0.005025083664804697
1079	0.0050901747308671474
1080	0.006487333681434393
1081	0.006105638574808836
1082	0.006360469851642847
1083	0.00623735785484314
1084	0.005868991371244192
1085	0.006782198790460825
1086	0.006058491766452789
1087	0.004929739516228437
1088	0.005687216762453318
1089	0.005218152888119221
1090	0.0053321304731070995
1091	0.006165411323308945
1092	0.00570183340460062
1093	0.005009050481021404
1094	0.005531394388526678
1095	0.005344299133867025
1096	0.006227308418601751
1097	0.006635453086346388
1098	0.01006500143557787
1099	0.010045633651316166
1100	0.009383692406117916
1101	0.007712995167821646
1102	0.009709660895168781
1103	0.00765735749155283
1104	0.008830280974507332
1105	0.0065813916735351086
1106	0.008253674022853374
1107	0.007760731037706137
1108	0.006881217937916517
1109	0.00648959307000041
1110	0.00809997133910656
1111	0.007597018964588642
1112	0.0086364122107625
1113	0.006678763311356306
1114	0.008428521454334259
1115	0.00787648931145668
1116	0.007949861697852612
1117	0.00714288791641593
1118	0.007918334566056728
1119	0.009355450049042702
1120	0.014702889136970043
1121	0.012283975258469582
1122	0.017625052481889725
1123	0.017101380974054337
1124	0.011072004213929176
1125	0.007884200662374496
1126	0.009096845053136349
1127	0.008202952332794666
1128	0.007393684238195419
1129	0.0049150604754686356
1130	0.004106014501303434
1131	0.004981195088475943
1132	0.005352073814719915
1133	0.004931965377181768
1134	0.004062483087182045
1135	0.0027845597360283136
1136	0.003588680177927017
1137	0.004450485110282898
1138	0.003869321895763278
1139	0.0046902671456336975
1140	0.006442914251238108
1141	0.006066782400012016
1142	0.00691198417916894
