frame	prob
0	0.004216935485601425
1	0.0037438904400914907
2	0.0039267102256417274
3	0.004790498875081539
4	0.005229176487773657
5	0.005337257869541645
6	0.004693691618740559
7	0.004957851488143206
8	0.00564552191644907
9	0.007735685911029577
10	0.004528702236711979
11	0.005601834040135145
12	0.006235518492758274
13	0.005633882712572813
14	0.004918830469250679
15	0.0048651318065822124
16	0.006712222006171942
17	0.014512124471366405
18	0.017093826085329056
19	0.008347147144377232
20	0.010451490059494972
21	0.01024820189923048
22	0.00597217446193099
23	0.00474181491881609
24	0.004134384449571371
25	0.006406494881957769
26	0.00810129102319479
27	0.009641661308705807
28	0.01846245490014553
29	0.01618756167590618
30	0.015496255829930305
31	0.021795671433210373
32	0.018420804291963577
33	0.010283292271196842
34	0.03106090985238552
35	0.024867108091711998
36	0.027041791006922722
37	0.04166974499821663
38	0.004757966846227646
39	0.006648853421211243
40	0.03471236303448677
41	0.08332681655883789
42	0.05620647594332695
43	0.05274821072816849
44	0.10369861125946045
45	0.09559553116559982
46	0.043728265911340714
47	0.03942040726542473
48	0.05796470865607262
49	0.056798070669174194
50	0.06812893599271774
51	0.08360394090414047
52	0.04953563213348389
53	0.06408519297838211
54	0.1692485213279724
55	0.11358015984296799
56	0.007944292388856411
57	0.2197406142950058
58	0.025288311764597893
59	0.5866335034370422
60	0.3643200099468231
61	0.3756851851940155
62	0.6347190737724304
63	0.5631105303764343
64	0.5757189989089966
65	0.21757133305072784
66	0.31229567527770996
67	0.4195970594882965
68	0.6146851778030396
69	0.4976227879524231
70	0.4949587881565094
71	0.4648507237434387
72	0.7259739637374878
73	0.6936183571815491
74	0.5662937164306641
75	0.2763957679271698
76	0.5863364338874817
77	0.4729280471801758
78	0.26372435688972473
79	0.1168341189622879
80	0.11512086540460587
81	0.19844260811805725
82	0.3188786208629608
83	0.5991717576980591
84	0.7449597120285034
85	0.650384247303009
86	0.7159385085105896
87	0.6631754636764526
88	0.5804953575134277
89	0.7164570689201355
90	0.5575327277183533
91	0.07492819428443909
92	0.5899691581726074
93	0.7154970765113831
94	0.6381611824035645
95	0.6593219637870789
96	0.8097071051597595
97	0.7040756344795227
98	0.6719831824302673
99	0.7470869421958923
100	0.22887158393859863
101	0.7111059427261353
102	0.6507353186607361
103	0.7218704223632812
104	0.7316343188285828
105	0.7374469041824341
106	0.7021816372871399
107	0.49354106187820435
108	0.7643375396728516
109	0.4098323881626129
110	0.5327626466751099
111	0.14527051150798798
112	0.20232979953289032
113	0.18310365080833435
114	0.1762688010931015
115	0.17982184886932373
116	0.41273361444473267
117	0.3181389272212982
118	0.269793838262558
119	0.2276432067155838
120	0.39851731061935425
121	0.24800322949886322
122	0.4062938690185547
123	0.023464029654860497
124	0.41080617904663086
125	0.1511189490556717
126	0.25100430846214294
127	0.34787991642951965
128	0.41125747561454773
129	0.17783206701278687
130	0.22028227150440216
131	0.16192936897277832
132	0.46181342005729675
133	0.6533266305923462
134	0.38480550050735474
135	0.38209977746009827
136	0.2847414016723633
137	0.5781983733177185
138	0.7003630995750427
139	0.7640923857688904
140	0.7801761031150818
141	0.14115430414676666
142	0.5218643546104431
143	0.5284281373023987
144	0.441621869802475
145	0.5784569978713989
146	0.6585114598274231
147	0.6207085251808167
148	0.4796629548072815
149	0.5449811220169067
150	0.19976972043514252
151	0.43407535552978516
152	0.1468462347984314
153	0.19737593829631805
154	0.62062007188797
155	0.5044177770614624
156	0.589345395565033
157	0.7078301310539246
158	0.667775571346283
159	0.6833369135856628
160	0.7549814581871033
161	0.571053683757782
162	0.030394697561860085
163	0.008201193995773792
164	0.00704086571931839
165	0.007803749293088913
166	0.0069804564118385315
167	0.007580223958939314
168	0.0075800977647304535
169	0.007906920276582241
170	0.22164641320705414
171	0.14218753576278687
172	0.8005861639976501
173	0.7598903775215149
174	0.8151039481163025
175	0.7703643441200256
176	0.6659079790115356
177	0.6638570427894592
178	0.7864105105400085
179	0.3616979420185089
180	0.728458821773529
181	0.7545868158340454
182	0.7719001173973083
183	0.6303409934043884
184	0.405853807926178
185	0.6590760350227356
186	0.6039900183677673
187	0.037863776087760925
188	0.5515287518501282
189	0.6002182364463806
190	0.46000176668167114
191	0.3247796595096588
192	0.12933555245399475
193	0.06634864956140518
194	0.04458598047494888
195	0.026259010657668114
196	0.007070122752338648
197	0.006355935242027044
198	0.005817150231450796
199	0.00631937850266695
200	0.005579632706940174
201	0.00616241293027997
202	0.005328524857759476
203	0.008044750429689884
204	0.04986952617764473
205	0.7527164816856384
206	0.7684935927391052
207	0.789787232875824
208	0.7207016944885254
209	0.7473951578140259
210	0.5170602202415466
211	0.34182870388031006
212	0.1519932597875595
213	0.10070456564426422
214	0.07915826141834259
215	0.010130836628377438
216	0.007023930083960295
217	0.007534052710980177
218	0.006302266847342253
219	0.007762178312987089
220	0.007071263622492552
221	0.008343498222529888
222	0.008350417949259281
223	0.010257587768137455
224	0.011755052022635937
225	0.013479652814567089
226	0.014891686849296093
227	0.015806350857019424
228	0.012854923494160175
229	0.01404359471052885
230	0.007103293668478727
231	0.009180736728012562
232	0.008392902091145515
233	0.008995614014565945
234	0.009171567857265472
235	0.008212190121412277
236	0.007234394084662199
237	0.007588572800159454
238	0.007050411310046911
239	0.005718778818845749
240	0.005428249482065439
241	0.005306472536176443
242	0.005021684803068638
243	0.006397719029337168
244	0.005618691444396973
245	0.0051485574804246426
246	0.005627238657325506
247	0.005452263634651899
248	0.004490422550588846
249	0.004899252206087112
250	0.005068610887974501
251	0.0060578822158277035
252	0.006814418826252222
253	0.004399502649903297
254	0.004821037407964468
255	0.004500466864556074
256	0.005534418858587742
257	0.005345632787793875
258	0.004321567714214325
259	0.004130616784095764
260	0.004352344665676355
261	0.003903660224750638
262	0.005793464370071888
263	0.0038869509007781744
264	0.003900176379829645
265	0.004903707187622786
266	0.03145440295338631
267	0.05527348071336746
268	0.03997344523668289
269	0.03288359194993973
270	0.038648199290037155
271	0.09446161240339279
272	0.027711981907486916
273	0.017313210293650627
274	0.008516812697052956
275	0.025391140952706337
276	0.019512271508574486
277	0.021596064791083336
278	0.051768314093351364
279	0.03670067712664604
280	0.10365477949380875
281	0.043837953358888626
282	0.017070362344384193
283	0.01996809057891369
284	0.6353175044059753
285	0.6692590713500977
286	0.6273894309997559
287	0.6877278089523315
288	0.5276819467544556
289	0.1294718086719513
290	0.43551158905029297
291	0.7340362071990967
292	0.7758843302726746
293	0.8297399878501892
294	0.6434265375137329
295	0.7236570119857788
296	0.5045238733291626
297	0.07070723176002502
298	0.03593689203262329
299	0.060629721730947495
300	0.0639483854174614
301	0.05413929373025894
302	0.038088202476501465
303	0.09824766963720322
304	0.537885308265686
305	0.6174944043159485
306	0.06157798692584038
307	0.13027110695838928
308	0.7945243120193481
309	0.854958713054657
310	0.9228841662406921
311	0.861181378364563
312	0.7870888710021973
313	0.2085631638765335
314	0.8584392666816711
315	0.8616073727607727
316	0.8876751065254211
317	0.7971922755241394
318	0.9030327796936035
319	0.79494708776474
320	0.8099328279495239
321	0.8466070294380188
322	0.8379254341125488
323	0.7241348028182983
324	0.6320376992225647
325	0.4216323792934418
326	0.6644172668457031
327	0.8661552667617798
328	0.8547216653823853
329	0.8388124704360962
330	0.6907529830932617
331	0.6036709547042847
332	0.7560979723930359
333	0.5960294008255005
334	0.6562489867210388
335	0.6516699194908142
336	0.7117452025413513
337	0.5130233764648438
338	0.14327600598335266
339	0.06452181190252304
340	0.05633418634533882
341	0.3232649862766266
342	0.5571598410606384
343	0.5205667614936829
344	0.7096899151802063
345	0.41456374526023865
346	0.7232465147972107
347	0.7489461302757263
348	0.8026771545410156
349	0.7718850374221802
350	0.9423229098320007
351	0.9013592600822449
352	0.6343103647232056
353	0.20527823269367218
354	0.8760358691215515
355	0.776922345161438
356	0.915169894695282
357	0.7552811503410339
358	0.7691783905029297
359	0.53607177734375
360	0.18314619362354279
361	0.9281269907951355
362	0.8730050921440125
363	0.9471189379692078
364	0.8601117134094238
365	0.9061525464057922
366	0.8842088580131531
367	0.679580569267273
368	0.7446412444114685
369	0.7457869648933411
370	0.8038946986198425
371	0.7410290241241455
372	0.7813088893890381
373	0.7717629671096802
374	0.8413230180740356
375	0.6909031271934509
376	0.8182705044746399
377	0.8014639019966125
378	0.6882152557373047
379	0.664591372013092
380	0.06781139224767685
381	0.010168385691940784
382	0.007021512370556593
383	0.00631989911198616
384	0.008812892250716686
385	0.008067910559475422
386	0.008815336972475052
387	0.007141239941120148
388	0.007974154315888882
389	0.0070536136627197266
390	0.008033490739762783
391	0.006422386970371008
392	0.007130331825464964
393	0.007494398858398199
394	0.008395691402256489
395	0.007915325462818146
396	0.008344042114913464
397	0.00770169822499156
398	0.008167385123670101
399	0.007420332636684179
400	0.014584588818252087
401	0.007833711802959442
402	0.00610735360532999
403	0.005428458098322153
404	0.005110830068588257
405	0.00489592831581831
406	0.005313555244356394
407	0.004408967215567827
408	0.0041697071865201
409	0.004486653488129377
410	0.004233401268720627
411	0.005500243045389652
412	0.0065666744485497475
413	0.007223491556942463
414	0.006277070846408606
415	0.005454059224575758
416	0.004843845963478088
417	0.006171340122818947
418	0.005249923560768366
419	0.00489071337506175
420	0.0051370891742408276
421	0.005614209454506636
422	0.005229827482253313
423	0.004930577706545591
424	0.005180211737751961
425	0.003928694408386946
426	0.004419393837451935
427	0.003984913229942322
428	0.0046373698860406876
429	0.00532866595312953
430	0.003912148531526327
431	0.004017921630293131
432	0.003975798841565847
433	0.003999411594122648
434	0.00442237826064229
435	0.0036958970595151186
436	0.006243173032999039
437	0.005909595172852278
438	0.0035853192675858736
439	0.005230096634477377
440	0.006698885001242161
441	0.0057638599537312984
442	0.004643337335437536
443	0.004971532616764307
444	0.0040551479905843735
445	0.0042953756637871265
446	0.003613589098677039
447	0.005462458822876215
448	0.005254313349723816
449	0.006976374890655279
450	0.007046082057058811
451	0.008218427188694477
452	0.007029256317764521
453	0.007438745349645615
454	0.006694482173770666
455	0.004941435065120459
456	0.005150747951120138
457	0.005635917652398348
458	0.004454519134014845
459	0.005990938749164343
460	0.006911113858222961
461	0.00552763044834137
462	0.005185950081795454
463	0.008193559013307095
464	0.006517109926789999
465	0.007623862009495497
466	0.007902893237769604
467	0.009709085337817669
468	0.009993097744882107
469	0.011343604885041714
470	0.012756967917084694
471	0.01217185240238905
472	0.01332131028175354
473	0.010425565764307976
474	0.011004874482750893
475	0.011959999799728394
476	0.013060866855084896
477	0.039253026247024536
478	0.017185235396027565
479	0.11329448223114014
480	0.06671784073114395
481	0.09187714755535126
482	0.24095141887664795
483	0.2827378213405609
484	0.27116629481315613
485	0.31593742966651917
486	0.04074126482009888
487	0.2163809984922409
488	0.24796704947948456
489	0.6484489440917969
490	0.6883737444877625
491	0.6116665005683899
492	0.4162631034851074
493	0.3831951320171356
494	0.16026312112808228
495	0.01845972053706646
496	0.019096333533525467
497	0.02890157513320446
498	0.00903614517301321
499	0.009588583372533321
500	0.02492091991007328
501	0.18712814152240753
502	0.3637947142124176
503	0.6623698472976685
504	0.7899759411811829
505	0.5567271709442139
506	0.49185678362846375
507	0.40709638595581055
508	0.15745756030082703
509	0.7157709002494812
510	0.8378044366836548
511	0.7791568040847778
512	0.7447248697280884
513	0.62114018201828
514	0.7799375653266907
515	0.6703450083732605
516	0.5343529582023621
517	0.2888301908969879
518	0.5226283073425293
519	0.615336537361145
520	0.719311535358429
521	0.7370686531066895
522	0.47858738899230957
523	0.9634863138198853
524	0.7913948893547058
525	0.8483659625053406
526	0.9006068110466003
527	0.856361985206604
528	0.8451887369155884
529	0.6515324115753174
530	0.2941283881664276
531	0.885820209980011
532	0.9425449371337891
533	0.9204519391059875
534	0.8940851092338562
535	0.4494630992412567
536	0.8468117713928223
537	0.859409749507904
538	0.890202522277832
539	0.9064098596572876
540	0.9583816528320312
541	0.9450435638427734
542	0.9685884714126587
543	0.9476847648620605
544	0.9697443246841431
545	0.9220464825630188
546	0.12045665085315704
547	0.7750396132469177
548	0.9010006189346313
549	0.8750486373901367
550	0.8849920630455017
551	0.8606815338134766
552	0.9114105105400085
553	0.6511708498001099
554	0.2998782992362976
555	0.5522733926773071
556	0.8442180752754211
557	0.6238317489624023
558	0.6779173016548157
559	0.607529878616333
560	0.49184998869895935
561	0.6890407204627991
562	0.4460545480251312
563	0.243367537856102
564	0.5919942259788513
565	0.696130633354187
566	0.5620550513267517
567	0.6495469808578491
568	0.7675721049308777
569	0.8461797833442688
570	0.8288817405700684
571	0.7732272744178772
572	0.7742285132408142
573	0.9017623066902161
574	0.7278875708580017
575	0.5465980768203735
576	0.31208881735801697
577	0.5475267767906189
578	0.3372914791107178
579	0.0944717675447464
580	0.06214553117752075
581	0.16047708690166473
582	0.023566631600260735
583	0.030992744490504265
584	0.0928887277841568
585	0.21856708824634552
586	0.30059346556663513
587	0.09392007440328598
588	0.36592116951942444
589	0.6323631405830383
590	0.7908989787101746
591	0.6651938557624817
592	0.808123767375946
593	0.6384330987930298
594	0.7506802678108215
595	0.7532030344009399
596	0.8117286562919617
597	0.782056987285614
598	0.8136281371116638
599	0.7649015784263611
600	0.7064566016197205
601	0.6950182914733887
602	0.6675781607627869
603	0.7377722859382629
604	0.49878188967704773
605	0.4089759290218353
606	0.040628280490636826
607	0.748282253742218
608	0.9391269087791443
609	0.891932487487793
610	0.9214731454849243
611	0.8503589034080505
612	0.875953197479248
613	0.7906312346458435
614	0.8477922677993774
615	0.17613983154296875
616	0.41253462433815
617	0.15439832210540771
618	0.17470470070838928
619	0.05942654609680176
620	0.014866828918457031
621	0.01152561604976654
622	0.007483884692192078
623	0.030201250687241554
624	0.1061331033706665
625	0.08779590576887131
626	0.037524234503507614
627	0.016866769641637802
628	0.013263952918350697
629	0.0267048217356205
630	0.016044555231928825
631	0.02327035740017891
632	0.017617519944906235
633	0.018493304029107094
634	0.02305896393954754
635	0.01775372214615345
636	0.022889507934451103
637	0.018583647906780243
638	0.023814111948013306
639	0.028853142634034157
640	0.015974799171090126
641	0.015711182728409767
642	0.014568599872291088
643	0.028752529993653297
644	0.024538008496165276
645	0.07898565381765366
646	0.022066602483391762
647	0.013581082224845886
648	0.023471591994166374
649	0.03941160440444946
650	0.0761943981051445
651	0.10997505486011505
652	0.1753660887479782
653	0.19131223857402802
654	0.41859933733940125
655	0.3794842064380646
656	0.1185113936662674
657	0.27947914600372314
658	0.3905939757823944
659	0.27274519205093384
660	0.38952192664146423
661	0.3413594663143158
662	0.31113433837890625
663	0.4741303622722626
664	0.48704272508621216
665	0.5905769467353821
666	0.07819925993680954
667	0.6275755763053894
668	0.7518429160118103
669	0.741081714630127
670	0.7914921045303345
671	0.681614100933075
672	0.5068756341934204
673	0.47281327843666077
674	0.7647797465324402
675	0.22213006019592285
676	0.656890332698822
677	0.8130065202713013
678	0.9222108721733093
679	0.8465973138809204
680	0.8411335349082947
681	0.7189638018608093
682	0.8808590173721313
683	0.8737586140632629
684	0.8891319632530212
685	0.8979108929634094
686	0.8422922492027283
687	0.8771834373474121
688	0.8541010022163391
689	0.5145586133003235
690	0.8496828079223633
691	0.8444536328315735
692	0.8023527264595032
693	0.8516901135444641
694	0.9193386435508728
695	0.7092830538749695
696	0.0678832158446312
697	0.31764182448387146
698	0.07571651041507721
699	0.04856410622596741
700	0.0929422602057457
701	0.23118363320827484
702	0.33925244212150574
703	0.37054163217544556
704	0.015172943472862244
705	0.008100815117359161
706	0.009533490985631943
707	0.02491319365799427
708	0.15762020647525787
709	0.5663918852806091
710	0.8069731593132019
711	0.8124706149101257
712	0.8592633605003357
713	0.6704049706459045
714	0.7211737036705017
715	0.736790120601654
716	0.4439087510108948
717	0.48598623275756836
718	0.6014019846916199
719	0.7660974860191345
720	0.6281707882881165
721	0.6399034857749939
722	0.6444494128227234
723	0.7245789766311646
724	0.6495195031166077
725	0.6523329019546509
726	0.5804904103279114
727	0.21990270912647247
728	0.6927605867385864
729	0.6506869196891785
730	0.7459599375724792
731	0.6894976496696472
732	0.7461516261100769
733	0.7162624597549438
734	0.7882253527641296
735	0.7233730554580688
736	0.17447610199451447
737	0.1957690417766571
738	0.37536731362342834
739	0.11299978941679001
740	0.008838466368615627
741	0.007381260395050049
742	0.006521315313875675
743	0.006894776131957769
744	0.00672627380117774
745	0.00796855241060257
746	0.0075270491652190685
747	0.007093242835253477
748	0.005927195306867361
749	0.007349092047661543
750	0.007113907486200333
751	0.006659945007413626
752	0.007966003380715847
753	0.007106057833880186
754	0.007333304267376661
755	0.008387144654989243
756	0.009155835025012493
757	0.007405089680105448
758	0.007614821195602417
759	0.009153916500508785
760	0.008721412159502506
761	0.007932922802865505
762	0.008693214505910873
763	0.008687159046530724
764	0.010893230326473713
765	0.009344642981886864
766	0.007822955958545208
767	0.008313976228237152
768	0.009644507430493832
769	0.007080672774463892
770	0.007524753455072641
771	0.006898205727338791
772	0.006394452881067991
773	0.007087161298841238
774	0.00618148734793067
775	0.0058122496120631695
776	0.004989766515791416
777	0.006568642798811197
778	0.007892043329775333
779	0.011747476644814014
780	0.00863382127135992
781	0.011820745654404163
782	0.007021188735961914
783	0.007626302540302277
784	0.008208349347114563
785	0.006514094304293394
786	0.0063588740304112434
787	0.008188537321984768
788	0.006730023771524429
789	0.005721721798181534
790	0.005526798777282238
791	0.006572753190994263
792	0.004435271956026554
793	0.004463369492441416
794	0.004422193858772516
795	0.0040748040191829205
796	0.004771333187818527
797	0.004469388164579868
798	0.004143015947192907
799	0.003640415146946907
800	0.004027186427265406
801	0.0033749849535524845
802	0.004455102141946554
803	0.004249170422554016
804	0.0045372978784143925
805	0.004810786340385675
806	0.0055945212952792645
807	0.006885841488838196
808	0.0067885443568229675
809	0.005717486143112183
810	0.005703936796635389
811	0.005582434590905905
812	0.005197327118366957
813	0.004999508149921894
814	0.004921833518892527
815	0.005201726220548153
816	0.005093846470117569
817	0.004736850969493389
818	0.004832166712731123
819	0.004428694490343332
820	0.0037051145918667316
821	0.0034514099825173616
822	0.0041879951022565365
823	0.003680972382426262
824	0.003868551691994071
825	0.003750128671526909
826	0.004458232317119837
827	0.0042354026809334755
828	0.004251566715538502
829	0.005205407738685608
830	0.00496230274438858
831	0.006189911160618067
832	0.0050902278162539005
833	0.005319420248270035
834	0.007393293082714081
835	0.005738774314522743
836	0.005998251028358936
837	0.005889917258173227
838	0.005818309728056192
839	0.005620751064270735
840	0.005616243463009596
841	0.005793787073343992
842	0.0046097575686872005
843	0.0053572203032672405
844	0.006014584098011255
845	0.0041728815995156765
846	0.005325538571923971
847	0.006087625864893198
848	0.005571730900555849
849	0.00537585373967886
850	0.0057271309196949005
851	0.00742552662268281
852	0.007661937270313501
853	0.007293196860700846
854	0.008181718178093433
855	0.00882306694984436
856	0.008741701953113079
857	0.008185096085071564
858	0.009974067099392414
859	0.014177180826663971
860	0.012176635675132275
861	0.01488951500505209
862	0.021453185006976128
863	0.04819384962320328
864	0.04231095314025879
865	0.049008071422576904
866	0.02513980306684971
867	0.0455736480653286
868	0.06100248172879219
869	0.2351641207933426
870	0.15687276422977448
871	0.16326938569545746
872	0.06983412802219391
873	0.07548177242279053
874	0.03072809986770153
875	0.05785942077636719
876	0.05675965175032616
877	0.040817346423864365
878	0.1016918197274208
879	0.09461862593889236
880	0.12246444076299667
881	0.13011300563812256
882	0.17942050099372864
883	0.10781341046094894
884	0.09616219252347946
885	0.07916673272848129
886	0.08789034187793732
887	0.06307204812765121
888	0.028865640982985497
889	0.03378509357571602
890	0.03268211707472801
891	0.04462336748838425
892	0.14308668673038483
893	0.41674843430519104
894	0.7216169238090515
895	0.5575432181358337
896	0.6151027083396912
897	0.5526464581489563
898	0.7594362497329712
899	0.7076039910316467
900	0.58187335729599
901	0.48932456970214844
902	0.44975700974464417
903	0.3163416385650635
904	0.20249608159065247
905	0.053497564047575
906	0.02090773545205593
907	0.024697842076420784
908	0.011149296537041664
909	0.007810709532350302
910	0.008396274410188198
911	0.006760354619473219
912	0.007179963868111372
913	0.00865930039435625
914	0.00893635954707861
915	0.00786072202026844
916	0.011092639528214931
917	0.007604237645864487
918	0.008019693195819855
919	0.007573705166578293
920	0.0069932653568685055
921	0.010475763119757175
922	0.014249595813453197
923	0.014089824631810188
924	0.013636576943099499
925	0.009987021796405315
926	0.015276866964995861
927	0.014449849724769592
928	0.010637137107551098
929	0.014553554356098175
930	0.013783379457890987
931	0.016176322475075722
932	0.012488971464335918
933	0.009360544383525848
934	0.011672133579850197
935	0.010555612854659557
936	0.013491949997842312
937	0.016216060146689415
938	0.017093690112233162
939	0.011447368189692497
940	0.011940530501306057
941	0.011283580213785172
942	0.011502052657306194
943	0.015466279350221157
944	0.014650383964180946
945	0.025330740958452225
946	0.11596812307834625
947	0.24377425014972687
948	0.5724154710769653
949	0.635654866695404
950	0.5001149773597717
951	0.4652138650417328
952	0.4710720181465149
953	0.2357987016439438
954	0.42973604798316956
955	0.34141650795936584
956	0.39825424551963806
957	0.47852611541748047
958	0.24233011901378632
959	0.0572894923388958
960	0.020935047417879105
961	0.04388070106506348
962	0.029355064034461975
963	0.015906503424048424
964	0.018609117716550827
965	0.006779338698834181
966	0.006453295238316059
967	0.006340889725834131
968	0.006170421838760376
969	0.00665361899882555
970	0.00897241197526455
971	0.14376114308834076
972	0.31123748421669006
973	0.5950703620910645
974	0.4417079985141754
975	0.42922574281692505
976	0.29517003893852234
977	0.4197264611721039
978	0.36674487590789795
979	0.39228686690330505
980	0.5439958572387695
981	0.3473079800605774
982	0.36053845286369324
983	0.24310432374477386
984	0.1957397311925888
985	0.07228689640760422
986	0.1352497935295105
987	0.02445502020418644
988	0.017500123009085655
989	0.02324782684445381
990	0.010464716702699661
991	0.012756149284541607
992	0.015440821647644043
993	0.02034120261669159
994	0.016576312482357025
995	0.011882541701197624
996	0.011527043767273426
997	0.011194027960300446
998	0.013227860443294048
999	0.013741952367126942
1000	0.04341989755630493
1001	0.02395348809659481
1002	0.014829051680862904
1003	0.013344204984605312
1004	0.03274301066994667
1005	0.1406739205121994
1006	0.2982892692089081
1007	0.3634462058544159
1008	0.40710708498954773
1009	0.4174197316169739
1010	0.47309061884880066
1011	0.6135027408599854
1012	0.5417067408561707
1013	0.5248530507087708
1014	0.3479466140270233
1015	0.5306970477104187
1016	0.5836332440376282
1017	0.5970862507820129
1018	0.6417129635810852
1019	0.5546124577522278
1020	0.6621567606925964
1021	0.6132165193557739
1022	0.4161704182624817
1023	0.3682735562324524
1024	0.37172386050224304
1025	0.2680537700653076
1026	0.24351473152637482
1027	0.14780007302761078
1028	0.34549736976623535
1029	0.29136839509010315
1030	0.09019245952367783
1031	0.021737802773714066
1032	0.021913578733801842
1033	0.019961321726441383
1034	0.030923834070563316
1035	0.03292522951960564
1036	0.022644324228167534
1037	0.023297090083360672
1038	0.025782406330108643
1039	0.02882237546145916
1040	0.017845379188656807
1041	0.023256829008460045
1042	0.038530707359313965
1043	0.03669813275337219
1044	0.03390846773982048
1045	0.02674308978021145
1046	0.03322146460413933
1047	0.025732586160302162
1048	0.0366593562066555
1049	0.045380253344774246
1050	0.02073059417307377
1051	0.025672683492302895
1052	0.5815019607543945
1053	0.6228918433189392
1054	0.6879954934120178
1055	0.42647048830986023
1056	0.1662222445011139
1057	0.3976134955883026
1058	0.5575263500213623
1059	0.049814190715551376
1060	0.688785970211029
1061	0.47461625933647156
1062	0.5712969303131104
1063	0.7003664374351501
1064	0.6369840502738953
1065	0.5066573619842529
1066	0.5554197430610657
1067	0.08541987091302872
1068	0.030740249902009964
1069	0.016249652951955795
1070	0.007565061096101999
1071	0.008398391306400299
1072	0.007593508344143629
1073	0.0055494182743132114
1074	0.00688442587852478
1075	0.007576404605060816
1076	0.008519716560840607
1077	0.011405035853385925
1078	0.008624817244708538
1079	0.008990566246211529
1080	0.0093985041603446
1081	0.007051668595522642
1082	0.00851935613900423
1083	0.008022795431315899
1084	0.00874774158000946
1085	0.008362985216081142
1086	0.010299937799572945
1087	0.009022858925163746
1088	0.009090538136661053
1089	0.007412903010845184
1090	0.007565324194729328
1091	0.0066574267111718655
1092	0.00896083377301693
1093	0.008027422241866589
1094	0.007468069437891245
1095	0.0063949772156775
1096	0.005612123757600784
1097	0.007005700375884771
1098	0.007476449012756348
1099	0.006268966943025589
1100	0.00583632430061698
1101	0.005209664814174175
1102	0.005524871405214071
1103	0.007635482586920261
1104	0.007879751734435558
1105	0.008493335917592049
1106	0.007523377425968647
1107	0.006336027290672064
1108	0.005988125689327717
1109	0.007335441652685404
1110	0.006223828997462988
1111	0.004590215627104044
1112	0.006407768931239843
1113	0.004848485812544823
1114	0.004382218234241009
1115	0.004187028389424086
1116	0.0038593595381826162
1117	0.005300930235534906
1118	0.005464689340442419
1119	0.004556233063340187
1120	0.004662296734750271
1121	0.005812520626932383
1122	0.005573693197220564
1123	0.008946128189563751
1124	0.008609121665358543
1125	0.00800466351211071
1126	0.00751449866220355
1127	0.007808865047991276
1128	0.008417184464633465
1129	0.008729100227355957
1130	0.008743248879909515
1131	0.008583852089941502
1132	0.006001679226756096
1133	0.006302438676357269
1134	0.0043866937048733234
1135	0.0043261549435555935
1136	0.0035019987262785435
1137	0.004388750530779362
1138	0.00503587257117033
1139	0.004796133376657963
1140	0.005655734334141016
1141	0.004215912893414497
1142	0.004941441118717194
1143	0.004032223951071501
1144	0.005808955058455467
1145	0.005255893804132938
1146	0.004944875370711088
1147	0.005371497943997383
1148	0.005477136932313442
1149	0.006275796331465244
1150	0.006334471981972456
1151	0.007141584064811468
1152	0.009747335687279701
1153	0.008973336778581142
1154	0.010547506622970104
1155	0.010604697279632092
1156	0.01171907689422369
1157	0.010611138306558132
1158	0.016464093700051308
1159	0.012119516730308533
1160	0.01789983920753002
1161	0.014570842497050762
1162	0.013730669394135475
1163	0.016205566003918648
1164	0.011881045997142792
1165	0.01591881923377514
1166	0.01765941083431244
1167	0.01507478952407837
1168	0.016193337738513947
1169	0.02545301988720894
1170	0.021980077028274536
1171	0.02921546809375286
1172	0.019934752956032753
1173	0.02855895273387432
1174	0.03297371417284012
1175	0.037461381405591965
1176	0.408118337392807
1177	0.32862263917922974
1178	0.5256576538085938
1179	0.47616109251976013
1180	0.07633160054683685
1181	0.7471845746040344
1182	0.7941822409629822
1183	0.7558695673942566
1184	0.7878134250640869
1185	0.5029212236404419
1186	0.146870419383049
1187	0.10383006185293198
1188	0.056113362312316895
1189	0.028246477246284485
1190	0.06870532035827637
1191	0.08851370960474014
1192	0.2191043198108673
1193	0.09760397672653198
1194	0.24921713769435883
1195	0.23972104489803314
1196	0.05143621191382408
1197	0.01757165789604187
1198	0.15616817772388458
1199	0.20917682349681854
1200	0.4644678235054016
1201	0.45639848709106445
1202	0.24093051254749298
1203	0.05470048263669014
1204	0.7196257710456848
1205	0.7056045532226562
1206	0.6957331895828247
1207	0.7036839723587036
1208	0.6239191889762878
1209	0.6153005361557007
1210	0.6951985359191895
1211	0.6640806794166565
1212	0.06313146650791168
1213	0.5316166877746582
1214	0.6909336447715759
1215	0.7476034164428711
1216	0.7646862864494324
1217	0.6816648244857788
1218	0.05389421805739403
1219	0.09267865866422653
1220	0.28924059867858887
1221	0.24551761150360107
1222	0.3083477020263672
1223	0.35435089468955994
1224	0.5054519176483154
1225	0.02646583318710327
1226	0.1790320873260498
1227	0.3263956606388092
1228	0.4696992337703705
1229	0.3253820240497589
1230	0.3952184319496155
1231	0.0688023567199707
1232	0.37844833731651306
1233	0.5665438771247864
1234	0.6451725959777832
1235	0.35869330167770386
1236	0.40076184272766113
1237	0.2495305985212326
1238	0.41840821504592896
1239	0.021277016028761864
1240	0.17102108895778656
1241	0.2166386842727661
1242	0.38267722725868225
1243	0.350567102432251
1244	0.07555235922336578
1245	0.02494843117892742
1246	0.007627721410244703
1247	0.00591296935454011
1248	0.008696512319147587
1249	0.005485260393470526
1250	0.006030728574842215
1251	0.007931995205581188
1252	0.007592031266540289
1253	0.00811824295669794
1254	0.007603146135807037
1255	0.007845099084079266
1256	0.008750966750085354
1257	0.007244206964969635
1258	0.009510788135230541
1259	0.009947381913661957
1260	0.009978537447750568
1261	0.007885260507464409
1262	0.010633065365254879
1263	0.00694098649546504
1264	0.00852758064866066
1265	0.0061270021833479404
1266	0.005935391876846552
1267	0.007208307273685932
1268	0.007009429391473532
1269	0.007221989333629608
1270	0.007369130849838257
1271	0.007760548498481512
1272	0.00776726333424449
1273	0.00729340547695756
1274	0.008193041197955608
1275	0.007087138947099447
1276	0.005904228426516056
1277	0.005757313687354326
1278	0.005247351713478565
1279	0.003531121416017413
1280	0.003959291614592075
1281	0.004069541115313768
1282	0.0034972659777849913
1283	0.003947704564779997
1284	0.0032987110316753387
1285	0.0038914314936846495
1286	0.004916871432214975
1287	0.004077219404280186
1288	0.004339476116001606
1289	0.005478727165609598
1290	0.0038132094778120518
1291	0.004448753781616688
1292	0.004571191500872374
1293	0.0049511888064444065
1294	0.005102951545268297
1295	0.005791109055280685
1296	0.005294156726449728
1297	0.0044217295944690704
1298	0.003998616244643927
1299	0.003837485332041979
1300	0.003929496742784977
1301	0.003713377518579364
1302	0.004069897811859846
1303	0.005025114398449659
1304	0.004814090672880411
1305	0.004088229965418577
1306	0.0037580907810479403
1307	0.005849746521562338
1308	0.004722661804407835
1309	0.0048399860970675945
1310	0.006112509872764349
1311	0.005912693217396736
1312	0.006652598734945059
1313	0.008115874603390694
1314	0.0058867051266133785
1315	0.005006382241845131
1316	0.005641198717057705
1317	0.00551930908113718
1318	0.0054495143704116344
1319	0.0059615084901452065
1320	0.007179673761129379
1321	0.0067435093224048615
1322	0.005419430322945118
1323	0.008456808514893055
1324	0.012878268957138062
1325	0.010219148360192776
1326	0.028602946549654007
1327	0.014865376055240631
1328	0.013979077339172363
1329	0.01615428365767002
1330	0.01775197498500347
1331	0.01367409061640501
1332	0.010947251692414284
1333	0.00844083447009325
1334	0.007754397578537464
1335	0.009397156536579132
1336	0.010738401673734188
1337	0.01048334315419197
1338	0.012275447137653828
1339	0.014006800949573517
1340	0.01849454455077648
1341	0.017304733395576477
1342	0.02203851379454136
1343	0.02222565747797489
1344	0.02025938779115677
1345	0.030399084091186523
1346	0.02536081150174141
1347	0.015280957333743572
1348	0.01669332943856716
1349	0.01575174368917942
1350	0.011000002734363079
1351	0.007807937450706959
1352	0.00930794607847929
1353	0.0081538250669837
1354	0.007075735833495855
1355	0.007617381401360035
1356	0.009249287657439709
1357	0.014886781573295593
1358	0.018714897334575653
1359	0.010123679414391518
1360	0.009382086805999279
1361	0.009804901666939259
1362	0.011239324696362019
1363	0.01036828476935625
1364	0.012358679436147213
1365	0.011146021075546741
1366	0.016151543706655502
1367	0.03392093628644943
1368	0.02271122671663761
1369	0.04572245106101036
1370	0.011291301809251308
1371	0.00651567755267024
1372	0.00814309623092413
1373	0.005496514029800892
1374	0.004561807494610548
1375	0.008709865622222424
1376	0.007680352311581373
1377	0.007120013236999512
1378	0.008478290401399136
1379	0.0063430191949009895
1380	0.006183158606290817
1381	0.005058587528765202
1382	0.004150602500885725
1383	0.004651998169720173
1384	0.003687407588586211
1385	0.004494193941354752
1386	0.00415323069319129
1387	0.0051840259693562984
1388	0.0055310348980128765
1389	0.008043727837502956
1390	0.006980627775192261
1391	0.009248991496860981
1392	0.01204757671803236
1393	0.015087611973285675
1394	0.012109423987567425
1395	0.02186979539692402
1396	0.02366510033607483
1397	0.022825036197900772
1398	0.01582476869225502
1399	0.012603065930306911
1400	0.017539743334054947
1401	0.014104547910392284
1402	0.014802560210227966
1403	0.0133367870002985
1404	0.01363936997950077
1405	0.010306552052497864
1406	0.00942507665604353
1407	0.012208748608827591
1408	0.01876065693795681
1409	0.010307889431715012
1410	0.010269194841384888
1411	0.025382934138178825
1412	0.021009882912039757
1413	0.013614331372082233
1414	0.012077637948095798
1415	0.019023889675736427
1416	0.022667696699500084
1417	0.020400643348693848
1418	0.011617165990173817
1419	0.010119931772351265
1420	0.010688831098377705
1421	0.009858283214271069
1422	0.014828726649284363
1423	0.018200024962425232
1424	0.009843284264206886
1425	0.020159857347607613
1426	0.01803705468773842
1427	0.021352794021368027
1428	0.011426456272602081
1429	0.02270599640905857
1430	0.049521304666996
1431	0.06624006479978561
1432	0.08152591437101364
1433	0.0779612809419632
1434	0.09157158434391022
1435	0.0946870967745781
1436	0.0357980839908123
1437	0.023897692561149597
1438	0.04003124684095383
1439	0.042039286345243454
1440	0.019299684092402458
1441	0.011852453462779522
1442	0.014149886555969715
1443	0.013838169164955616
1444	0.018992232158780098
1445	0.019073588773608208
1446	0.03351059556007385
1447	0.028518183156847954
1448	0.058277811855077744
1449	0.029063036665320396
1450	0.03984164074063301
1451	0.037257708609104156
1452	0.04134884104132652
1453	0.05952360853552818
1454	0.028133779764175415
1455	0.03890533000230789
1456	0.04985087364912033
1457	0.03685632720589638
1458	0.037140682339668274
1459	0.0223173126578331
1460	0.020238682627677917
1461	0.042115211486816406
1462	0.02960735559463501
1463	0.04417337104678154
1464	0.03312189504504204
1465	0.026188364252448082
1466	0.027663184329867363
1467	0.04950911924242973
1468	0.0565137155354023
1469	0.06971441954374313
1470	0.045973218977451324
1471	0.029143869876861572
1472	0.015240331180393696
1473	0.0108689209446311
1474	0.012063992209732533
1475	0.01068850513547659
1476	0.01055140420794487
1477	0.023204365745186806
1478	0.02757948637008667
1479	0.010652877390384674
1480	0.009279350750148296
1481	0.013896862976253033
1482	0.011632390320301056
1483	0.013398577459156513
1484	0.011207208037376404
1485	0.010130549781024456
1486	0.010630813427269459
1487	0.011022385209798813
1488	0.010593676008284092
1489	0.020966878160834312
1490	0.04111218452453613
1491	0.028755411505699158
1492	0.03736000880599022
1493	0.03169255703687668
1494	0.020224949344992638
1495	0.03996409848332405
1496	0.0709918960928917
1497	0.04860949516296387
1498	0.024862682446837425
1499	0.016481149941682816
1500	0.023235930129885674
1501	0.017686255276203156
1502	0.04247367009520531
1503	0.09188318252563477
1504	0.01836206018924713
1505	0.01788540743291378
1506	0.012564154341816902
1507	0.020547350868582726
1508	0.016320569440722466
1509	0.027884652838110924
1510	0.02810906432569027
1511	0.033316243439912796
1512	0.02546383999288082
1513	0.02379774861037731
1514	0.01967310719192028
1515	0.012998245656490326
1516	0.03433498740196228
1517	0.03681853041052818
1518	0.022418411448597908
1519	0.029802357777953148
1520	0.03598329424858093
1521	0.0240560844540596
1522	0.023765578866004944
1523	0.013704242184758186
1524	0.017129426822066307
1525	0.017104733735322952
1526	0.0152382617816329
1527	0.01140577346086502
1528	0.009603837504982948
1529	0.00826529785990715
1530	0.00940781645476818
1531	0.008797317743301392
1532	0.013746109791100025
1533	0.010626348666846752
1534	0.012617523781955242
1535	0.011748971417546272
1536	0.009789742529392242
1537	0.012100647203624249
1538	0.0058669825084507465
1539	0.004814654588699341
1540	0.011648958548903465
1541	0.012890994548797607
1542	0.006040011998265982
1543	0.006458920426666737
1544	0.008950330317020416
1545	0.006682685110718012
1546	0.009367624297738075
1547	0.012098093517124653
1548	0.011296311393380165
1549	0.011241717264056206
1550	0.006082799751311541
1551	0.006843975279480219
1552	0.007885162718594074
1553	0.009826737456023693
1554	0.013644920662045479
1555	0.02552960254251957
1556	0.036912817507982254
1557	0.013856160454452038
1558	0.01494970079511404
1559	0.01894519105553627
1560	0.015562757849693298
1561	0.014448553323745728
1562	0.030714452266693115
1563	0.028176402673125267
1564	0.029951173812150955
1565	0.013682997785508633
1566	0.009289770387113094
1567	0.013724790886044502
1568	0.01791176199913025
1569	0.023472551256418228
1570	0.04420176148414612
1571	0.0261580478399992
1572	0.01180318184196949
1573	0.019325343891978264
1574	0.014814970083534718
1575	0.026213062927126884
1576	0.018825091421604156
1577	0.030227456241846085
1578	0.01797536574304104
1579	0.008239387534558773
1580	0.008469759486615658
1581	0.00676559004932642
1582	0.006900601089000702
1583	0.010586781427264214
1584	0.014327949844300747
1585	0.009834830649197102
1586	0.017422674223780632
1587	0.01161477342247963
1588	0.01273356843739748
1589	0.012032123282551765
1590	0.011668231338262558
1591	0.014413684606552124
1592	0.012401850894093513
1593	0.010980582796037197
1594	0.010248366743326187
1595	0.010728067718446255
1596	0.011574658565223217
1597	0.013465918600559235
1598	0.015780435875058174
1599	0.012214772403240204
1600	0.010029985569417477
1601	0.00937404204159975
1602	0.008393577300012112
1603	0.010879824869334698
1604	0.00997079350054264
1605	0.007685498800128698
1606	0.006537462119013071
1607	0.00579943647608161
1608	0.006470263935625553
1609	0.006348458584398031
1610	0.006527795922011137
1611	0.004234042949974537
1612	0.006454195361584425
1613	0.00376249966211617
1614	0.004162696190178394
1615	0.004405274987220764
1616	0.004720676690340042
1617	0.003911034669727087
1618	0.0037892998661845922
1619	0.003945270087569952
1620	0.003914681728929281
1621	0.004690331406891346
1622	0.005530362017452717
1623	0.007829250767827034
1624	0.007986861281096935
1625	0.007932530716061592
1626	0.006499649491161108
1627	0.005410732235759497
1628	0.005720049142837524
1629	0.005471424199640751
1630	0.006314447615295649
1631	0.006296816747635603
1632	0.0059758806601166725
1633	0.0050665708258748055
1634	0.0053440579213202
1635	0.004673834424465895
1636	0.003997778985649347
1637	0.0051854136399924755
1638	0.00403354037553072
1639	0.0035163552965968847
1640	0.0037947320379316807
1641	0.002800893737003207
1642	0.004559165798127651
1643	0.003387314034625888
1644	0.004260647110641003
1645	0.005324286408722401
1646	0.004572045058012009
1647	0.004319703206419945
1648	0.004635266959667206
1649	0.004534113686531782
1650	0.006290485616773367
1651	0.0061182184144854546
1652	0.006334810052067041
1653	0.007088655140250921
1654	0.006653554737567902
1655	0.005293909460306168
1656	0.005402139853686094
1657	0.004687197040766478
1658	0.0056519038043916225
1659	0.00593908503651619
1660	0.0050658839754760265
1661	0.004819601774215698
1662	0.004285655450075865
1663	0.003944626543670893
1664	0.004665884654968977
1665	0.004040408879518509
1666	0.003628864884376526
1667	0.00407388573512435
1668	0.004144628997892141
1669	0.004848851356655359
1670	0.003605929436162114
1671	0.0037444618064910173
1672	0.0038453831803053617
1673	0.004419948440045118
1674	0.004535654094070196
1675	0.004466015845537186
1676	0.0038375321310013533
1677	0.0038441799115389585
1678	0.004006620030850172
1679	0.003083642804995179
1680	0.0036644802894443274
1681	0.0032897123601287603
1682	0.003788186237215996
1683	0.0038969479501247406
1684	0.0035423876252025366
1685	0.0038889050483703613
1686	0.003543238388374448
1687	0.003644606564193964
1688	0.004351609852164984
1689	0.0036989294458180666
1690	0.004700558725744486
1691	0.003828841494396329
1692	0.00366203673183918
1693	0.003670759266242385
1694	0.003973397891968489
1695	0.004230803344398737
1696	0.005044270772486925
1697	0.004111962858587503
1698	0.004877324681729078
1699	0.004443609621375799
1700	0.0037168890703469515
1701	0.003884674981236458
1702	0.0037804723251610994
1703	0.0037048670928925276
1704	0.0045832195319235325
1705	0.004071773029863834
1706	0.004462472628802061
1707	0.006063614971935749
1708	0.006010707002133131
1709	0.00849046278744936
1710	0.0058946129865944386
1711	0.004606208298355341
1712	0.006494634784758091
1713	0.004756832029670477
1714	0.0043996647000312805
1715	0.006338659208267927
1716	0.007818955928087234
1717	0.012137632817029953
1718	0.009688707068562508
1719	0.012078794650733471
1720	0.015190484933555126
1721	0.00808804389089346
1722	0.00831636507064104
1723	0.007716057356446981
1724	0.01977214775979519
1725	0.01018472295254469
1726	0.008416405878961086
1727	0.022411642596125603
1728	0.032922156155109406
1729	0.025054192170500755
1730	0.030579084530472755
1731	0.05710325390100479
1732	0.07680278271436691
1733	0.08825492113828659
1734	0.10404960066080093
1735	0.10166984796524048
1736	0.2002025842666626
1737	0.23074498772621155
1738	0.25455763936042786
1739	0.21465420722961426
1740	0.28255540132522583
1741	0.23536072671413422
1742	0.2738763689994812
1743	0.5764345526695251
1744	0.5568388104438782
1745	0.6141646504402161
1746	0.7147759199142456
1747	0.5878352522850037
1748	0.5698636174201965
1749	0.637710690498352
1750	0.78374844789505
1751	0.710315465927124
1752	0.7499323487281799
1753	0.8121343851089478
1754	0.7155103087425232
1755	0.741299569606781
1756	0.8668610453605652
1757	0.8468199968338013
1758	0.48119255900382996
1759	0.5345431566238403
1760	0.6697962880134583
1761	0.6187839508056641
1762	0.7422233819961548
1763	0.8234431147575378
1764	0.8240160942077637
1765	0.7890965342521667
1766	0.36118441820144653
1767	0.9588932394981384
1768	0.9491011500358582
1769	0.9494729042053223
1770	0.9700042605400085
1771	0.964931309223175
1772	0.9620610475540161
1773	0.9695711135864258
1774	0.9620251059532166
1775	0.9717275500297546
1776	0.7118093371391296
1777	0.8674778938293457
1778	0.784407377243042
1779	0.8437647223472595
1780	0.8706680536270142
1781	0.8887056708335876
1782	0.8206787109375
1783	0.4834260940551758
1784	0.7651150226593018
1785	0.5961527824401855
1786	0.3004189431667328
1787	0.2051563560962677
1788	0.23956537246704102
1789	0.08444791287183762
1790	0.08281921595335007
1791	0.04906255751848221
1792	0.026911456137895584
1793	0.598484218120575
1794	0.5718511343002319
1795	0.4256606996059418
1796	0.4410560727119446
1797	0.7329965829849243
1798	0.8002376556396484
1799	0.8736435174942017
1800	0.9134813547134399
1801	0.9470956921577454
1802	0.8732007145881653
1803	0.9146199226379395
1804	0.9117037057876587
1805	0.9378812909126282
1806	0.932965099811554
1807	0.9576738476753235
1808	0.9089479446411133
1809	0.8609523773193359
1810	0.8484968543052673
1811	0.8829886317253113
1812	0.561830461025238
1813	0.8387222290039062
1814	0.8320381045341492
1815	0.9365928769111633
1816	0.8953185081481934
1817	0.8988584876060486
1818	0.9639074206352234
1819	0.9766592979431152
1820	0.7476851344108582
1821	0.9656466841697693
1822	0.9868490099906921
1823	0.9625551104545593
1824	0.9869484305381775
1825	0.9299144148826599
1826	0.02033141255378723
1827	0.008258274756371975
1828	0.006545555777847767
1829	0.00582017470151186
1830	0.007746480405330658
1831	0.006445370148867369
1832	0.006994915194809437
1833	0.006720372941344976
1834	0.006978015881031752
1835	0.007633291184902191
1836	0.008129346184432507
1837	0.007498994003981352
1838	0.008891437202692032
1839	0.009573499672114849
1840	0.009235220961272717
1841	0.007332615554332733
1842	0.013012051582336426
1843	0.012423721142113209
1844	0.011173767037689686
1845	0.009769382886588573
1846	0.007640056312084198
1847	0.0074237436056137085
1848	0.007249351125210524
1849	0.005439884960651398
1850	0.005350026767700911
1851	0.004196634516119957
1852	0.004646697547286749
1853	0.004710950888693333
1854	0.004031739663332701
1855	0.004262752365320921
1856	0.00388125772587955
1857	0.004865158349275589
1858	0.0060452609322965145
1859	0.005590797867625952
1860	0.005330363754183054
1861	0.004947748966515064
1862	0.005250428803265095
1863	0.005200054496526718
1864	0.004961678292602301
1865	0.002923385938629508
1866	0.0031908508390188217
1867	0.003691415535286069
1868	0.003266534535214305
1869	0.0036648735404014587
1870	0.0034414702095091343
1871	0.0037815861869603395
1872	0.0038901411462575197
1873	0.0035146528389304876
1874	0.005043514538556337
1875	0.005000993609428406
1876	0.0063576409593224525
1877	0.005677183624356985
1878	0.008268083445727825
1879	0.006736092269420624
1880	0.005552183836698532
1881	0.007222312968224287
1882	0.009341313503682613
1883	0.01458041649311781
1884	0.009424342773854733
1885	0.013000178150832653
1886	0.029071256518363953
1887	0.019898170605301857
1888	0.024228442460298538
1889	0.03959277272224426
1890	0.094029501080513
1891	0.13368265330791473
1892	0.09079533070325851
1893	0.30430421233177185
1894	0.34595438838005066
1895	0.21733835339546204
1896	0.16526226699352264
1897	0.3064120411872864
1898	0.4301682412624359
1899	0.421504408121109
1900	0.48110324144363403
1901	0.6302348375320435
1902	0.5816543698310852
1903	0.7489599585533142
1904	0.8257144093513489
1905	0.8069407343864441
1906	0.3037726581096649
1907	0.800898015499115
1908	0.8197696805000305
1909	0.8623228073120117
1910	0.859749436378479
1911	0.879091739654541
1912	0.819430947303772
1913	0.45157238841056824
1914	0.6338581442832947
1915	0.9093921780586243
1916	0.9197030067443848
1917	0.9118777513504028
1918	0.9289659857749939
1919	0.8769330382347107
1920	0.8168236017227173
1921	0.9091247916221619
1922	0.9075397849082947
1923	0.8821366429328918
1924	0.7823106050491333
1925	0.7413978576660156
1926	0.8987278342247009
1927	0.928409218788147
1928	0.9035237431526184
1929	0.8983486294746399
1930	0.9446553587913513
1931	0.8998112082481384
1932	0.8948785662651062
1933	0.8925687074661255
1934	0.6966094374656677
1935	0.664755642414093
1936	0.7408751845359802
1937	0.7734903693199158
1938	0.8393182754516602
1939	0.8231159448623657
1940	0.8130027651786804
1941	0.516503095626831
1942	0.013566702604293823
1943	0.00748525420203805
1944	0.007181843277066946
1945	0.008480834774672985
1946	0.7631127238273621
1947	0.8404977917671204
1948	0.8969003558158875
1949	0.9257885217666626
1950	0.926027238368988
1951	0.871411144733429
1952	0.8607997894287109
1953	0.8806959986686707
1954	0.8982893228530884
1955	0.9142223596572876
1956	0.8277463912963867
1957	0.8930927515029907
1958	0.8270937204360962
1959	0.9062585830688477
1960	0.865105152130127
1961	0.8671118021011353
1962	0.8145374655723572
1963	0.8786565661430359
1964	0.6540197730064392
1965	0.8617134094238281
1966	0.8854387402534485
1967	0.8936380743980408
1968	0.93443363904953
1969	0.9087476134300232
1970	0.6282405257225037
1971	0.7167981266975403
1972	0.7802784442901611
1973	0.6098760962486267
1974	0.7582589387893677
1975	0.5210165977478027
1976	0.9076747894287109
1977	0.9295341372489929
1978	0.9458662867546082
1979	0.9646661877632141
1980	0.972321629524231
1981	0.9598499536514282
1982	0.9738693237304688
1983	0.9771116375923157
1984	0.9521762728691101
1985	0.9285451769828796
1986	0.9470728039741516
1987	0.900543212890625
1988	0.9224205017089844
1989	0.8959218859672546
1990	0.8683347105979919
1991	0.804992139339447
1992	0.7441253662109375
1993	0.8240852355957031
1994	0.7278639078140259
1995	0.4360457956790924
1996	0.5223903059959412
1997	0.5604421496391296
1998	0.6309076547622681
1999	0.7882710099220276
2000	0.5235956311225891
2001	0.04049239680171013
2002	0.006410896312445402
2003	0.006664459593594074
2004	0.006140835117548704
2005	0.006375603377819061
2006	0.0075673251412808895
2007	0.00807396974414587
2008	0.009552168659865856
2009	0.007843869738280773
2010	0.009685087017714977
2011	0.008561394177377224
2012	0.008655297569930553
2013	0.0071949721314013
2014	0.007277298253029585
2015	0.007193123456090689
2016	0.009687473066151142
2017	0.006990131922066212
2018	0.00841074250638485
2019	0.008599504828453064
2020	0.006478596478700638
2021	0.00747812120243907
2022	0.009754948318004608
2023	0.009307273663580418
2024	0.009691528044641018
2025	0.007094788830727339
2026	0.008084381930530071
2027	0.008713743649423122
2028	0.008533649146556854
2029	0.00913187861442566
2030	0.008639517240226269
2031	0.008038629777729511
2032	0.008218128234148026
2033	0.006905452813953161
2034	0.00769375404343009
2035	0.007172919809818268
2036	0.00482134660705924
2037	0.002974160946905613
2038	0.0033754257019609213
2039	0.00446291221305728
2040	0.004376106895506382
2041	0.004338489845395088
2042	0.0037006051279604435
2043	0.004444347228854895
2044	0.00674594147130847
2045	0.006535394582897425
2046	0.006055818870663643
2047	0.010953490622341633
2048	0.010993154719471931
2049	0.010961036197841167
2050	0.008241081610321999
2051	0.024068361148238182
2052	0.04722535237669945
2053	0.13035254180431366
2054	0.3656713664531708
2055	0.38288405537605286
2056	0.37421807646751404
2057	0.69586580991745
2058	0.7099090814590454
2059	0.7663559317588806
2060	0.6143002510070801
2061	0.8094131350517273
2062	0.35786670446395874
2063	0.04226888343691826
2064	0.022730628028512
2065	0.21816663444042206
2066	0.6482500433921814
2067	0.4694938659667969
2068	0.6064743399620056
2069	0.5348296165466309
2070	0.1320618838071823
2071	0.4740001857280731
2072	0.3425963222980499
2073	0.005913794040679932
2074	0.03400011733174324
2075	0.011478543281555176
2076	0.009056816808879375
2077	0.010712417773902416
2078	0.03166444972157478
2079	0.15998834371566772
2080	0.16811545193195343
2081	0.1877502053976059
2082	0.8086287379264832
2083	0.7477268576622009
2084	0.7723855376243591
2085	0.7166950106620789
2086	0.7243480086326599
2087	0.7442603707313538
2088	0.7324420213699341
2089	0.21519191563129425
2090	0.9082447290420532
2091	0.8250994086265564
2092	0.851270854473114
2093	0.9259824156761169
2094	0.8191255927085876
2095	0.7292298078536987
2096	0.7929441332817078
2097	0.5591227412223816
2098	0.7124473452568054
2099	0.7522897124290466
2100	0.733373761177063
2101	0.7996622920036316
2102	0.7383655905723572
2103	0.7292696237564087
2104	0.7081266641616821
2105	0.7477293014526367
2106	0.8677180409431458
2107	0.6546499133110046
2108	0.6952346563339233
2109	0.7857378125190735
2110	0.6905302405357361
2111	0.7498659491539001
2112	0.6152593493461609
2113	0.7383434772491455
2114	0.15685077011585236
2115	0.440239816904068
2116	0.3877299129962921
2117	0.18274615705013275
2118	0.5508304238319397
2119	0.5365810394287109
2120	0.3989959955215454
2121	0.2889191806316376
2122	0.6485409736633301
2123	0.3519608676433563
2124	0.9175323843955994
2125	0.800502598285675
2126	0.9021489024162292
2127	0.8957698941230774
2128	0.6017557978630066
2129	0.7551609873771667
2130	0.7857933044433594
2131	0.6671766638755798
2132	0.7239713072776794
2133	0.6227474212646484
2134	0.7389002442359924
2135	0.7697994112968445
2136	0.02166619710624218
2137	0.008535913191735744
2138	0.006725911051034927
2139	0.006235605571419001
2140	0.00649735052138567
2141	0.006395293865352869
2142	0.007165014743804932
2143	0.006110177841037512
2144	0.007130503188818693
2145	0.006901389453560114
2146	0.0074747041799128056
2147	0.005844467785209417
2148	0.007008095737546682
2149	0.008370093069970608
2150	0.006826099939644337
2151	0.008423763327300549
2152	0.008565373718738556
2153	0.0063256509602069855
2154	0.012761768884956837
2155	0.5759534239768982
2156	0.8855586051940918
2157	0.5683596730232239
2158	0.15986588597297668
2159	0.009483407251536846
2160	0.010843520984053612
2161	0.009837386198341846
2162	0.009697064757347107
2163	0.007531689014285803
2164	0.009655526839196682
2165	0.009881528094410896
2166	0.011358875781297684
2167	0.010206776671111584
2168	0.010870219208300114
2169	0.0169747956097126
2170	0.023105939850211143
2171	0.014631885103881359
2172	0.06546946614980698
2173	0.136297807097435
2174	0.1609363555908203
2175	0.14066915214061737
2176	0.37815332412719727
2177	0.4606546461582184
2178	0.4541645050048828
2179	0.7241489291191101
2180	0.8547194600105286
2181	0.7665939927101135
2182	0.9172844290733337
2183	0.9037942886352539
2184	0.8792834281921387
2185	0.8722072839736938
2186	0.910568356513977
2187	0.8891274333000183
2188	0.7954332232475281
2189	0.6883265376091003
2190	0.782937228679657
2191	0.8730969429016113
2192	0.824968159198761
2193	0.768976628780365
2194	0.7161315083503723
2195	0.807060182094574
2196	0.8582260012626648
2197	0.5673384666442871
2198	0.5737839937210083
2199	0.6567077040672302
2200	0.7862624526023865
2201	0.7731851935386658
2202	0.6879820227622986
2203	0.6442349553108215
2204	0.7600380182266235
2205	0.8516916632652283
2206	0.7276719808578491
2207	0.7787904739379883
2208	0.8721758127212524
2209	0.8492450714111328
2210	0.8901619911193848
2211	0.758607804775238
2212	0.8758336901664734
2213	0.9057540893554688
2214	0.8462703824043274
2215	0.029951978474855423
2216	0.1339804232120514
2217	0.014257237315177917
2218	0.009273779578506947
2219	0.008511893451213837
2220	0.007227263879030943
2221	0.007330066058784723
2222	0.007326621096581221
2223	0.005975541193038225
2224	0.011429605074226856
2225	0.054550494998693466
2226	0.233124777674675
2227	0.27383339405059814
2228	0.588080108165741
2229	0.48713603615760803
2230	0.9744249582290649
2231	0.9284612536430359
2232	0.9709294438362122
2233	0.957509458065033
2234	0.9107438921928406
2235	0.9259807467460632
2236	0.8816754221916199
2237	0.8090570569038391
2238	0.2188563346862793
2239	0.797283947467804
2240	0.5937539935112
2241	0.6615950465202332
2242	0.5505229830741882
2243	0.5436959266662598
2244	0.565143883228302
2245	0.6964865922927856
2246	0.5403293967247009
2247	0.5541903972625732
2248	0.2329692840576172
2249	0.7491151690483093
2250	0.7592489123344421
2251	0.7953817248344421
2252	0.6591869592666626
2253	0.6933373808860779
2254	0.649494469165802
2255	0.07852483540773392
2256	0.022359028458595276
2257	0.02000165544450283
2258	0.15251615643501282
2259	0.5685493350028992
2260	0.8182711601257324
2261	0.8031002283096313
2262	0.7878678441047668
2263	0.7786421179771423
2264	0.7787548899650574
2265	0.8041338324546814
2266	0.7788071632385254
2267	0.3075258433818817
2268	0.20427954196929932
2269	0.06377729028463364
2270	0.006459270603954792
2271	0.0070791966281831264
2272	0.007302866782993078
2273	0.007267942186444998
2274	0.006981709506362677
2275	0.005725071299821138
2276	0.00639348803088069
2277	0.006150339730083942
2278	0.007699243258684874
2279	0.007425046991556883
2280	0.008120009675621986
2281	0.006816883571445942
2282	0.24092626571655273
2283	0.18692629039287567
2284	0.44859740138053894
2285	0.26617351174354553
2286	0.0164186991751194
2287	0.007164848502725363
2288	0.0067970650270581245
2289	0.006658100988715887
2290	0.007516104262322187
2291	0.008190467022359371
2292	0.008580408059060574
2293	0.006616800557821989
2294	0.009081327356398106
2295	0.012110777199268341
2296	0.01118095126003027
2297	0.007406144868582487
2298	0.009557812474668026
2299	0.011989602819085121
2300	0.03274957463145256
2301	0.10870569199323654
2302	0.5395578742027283
2303	0.4982200264930725
2304	0.5927278995513916
2305	0.6828629374504089
2306	0.9398553967475891
2307	0.9509689211845398
2308	0.9611381888389587
2309	0.9274891018867493
2310	0.922805905342102
2311	0.9091154336929321
2312	0.41293126344680786
2313	0.9000504612922668
2314	0.890718400478363
2315	0.8164867758750916
2316	0.8423101305961609
2317	0.7550920844078064
2318	0.5778754949569702
2319	0.7030547857284546
2320	0.7211904525756836
2321	0.7879382371902466
2322	0.0579957440495491
2323	0.02940695360302925
2324	0.006803648080676794
2325	0.006705704610794783
2326	0.006488073151558638
2327	0.0062844417989254
2328	0.006244228687137365
2329	0.006747308652848005
2330	0.011560038663446903
2331	0.12569153308868408
2332	0.02125661075115204
2333	0.008581602945923805
2334	0.008561331778764725
2335	0.007027138955891132
2336	0.019686678424477577
2337	0.10265769064426422
2338	0.32631799578666687
2339	0.6591904163360596
2340	0.9108628630638123
2341	0.888102650642395
2342	0.28788259625434875
2343	0.2811506390571594
2344	0.4987116754055023
2345	0.3486630618572235
2346	0.8350614905357361
2347	0.8170323371887207
2348	0.8396076560020447
2349	0.6680890917778015
2350	0.8049681782722473
2351	0.7136551141738892
2352	0.7015243768692017
2353	0.7117077708244324
2354	0.8219770789146423
2355	0.9364767074584961
2356	0.9177652597427368
2357	0.6816803812980652
2358	0.845723569393158
2359	0.8206316232681274
2360	0.8170995712280273
2361	0.8961542248725891
2362	0.733744740486145
2363	0.8544589877128601
2364	0.7603396773338318
2365	0.7860758304595947
2366	0.7930034399032593
2367	0.49097687005996704
2368	0.7903531193733215
2369	0.6278643608093262
2370	0.5163607001304626
2371	0.6308184862136841
2372	0.6001257300376892
2373	0.7177720069885254
2374	0.5899994969367981
2375	0.3226505219936371
2376	0.44938454031944275
2377	0.45247307419776917
2378	0.3040214478969574
2379	0.39461636543273926
2380	0.33058926463127136
2381	0.4750336706638336
2382	0.39371299743652344
2383	0.44660693407058716
2384	0.11224289238452911
2385	0.4282319247722626
2386	0.6043300628662109
2387	0.7097843289375305
2388	0.5909520983695984
2389	0.4872972071170807
2390	0.5565651655197144
2391	0.6121460795402527
2392	0.5978947877883911
2393	0.6873321533203125
2394	0.6808739304542542
2395	0.5371856689453125
2396	0.6047229170799255
2397	0.5022231936454773
2398	0.7006327509880066
2399	0.6704856157302856
2400	0.6483049392700195
2401	0.6711766123771667
2402	0.6887189745903015
2403	0.5754318237304688
2404	0.539363443851471
2405	0.5783907771110535
2406	0.5752134919166565
2407	0.6101482510566711
2408	0.5705637335777283
2409	0.7351090312004089
2410	0.6621986627578735
2411	0.7609859108924866
2412	0.6125462651252747
2413	0.297993004322052
2414	0.06203180551528931
2415	0.6230612993240356
2416	0.6354742050170898
2417	0.5522510409355164
2418	0.7679632306098938
2419	0.8592987060546875
