frame	prob
0	0.013263915665447712
1	0.009758897125720978
2	0.015097901225090027
3	0.011466520838439465
4	0.011111630126833916
5	0.01477331668138504
6	0.018472885712981224
7	0.010045184753835201
8	0.01630963198840618
9	0.017383640632033348
10	0.023608336225152016
11	0.013205018825829029
12	0.024260645732283592
13	0.026015186682343483
14	0.03201011195778847
15	0.023888636380434036
16	0.03466082364320755
17	0.02869270183146
18	0.06687610596418381
19	0.043161340057849884
20	0.04856535792350769
21	0.05417066812515259
22	0.0676339790225029
23	0.05786248669028282
24	0.0742257684469223
25	0.1399279683828354
26	0.09030729532241821
27	0.16788621246814728
28	0.1255429983139038
29	0.18775367736816406
30	0.07657164335250854
31	0.25076109170913696
32	0.17208312451839447
33	0.41271528601646423
34	0.2580159306526184
35	0.2986730933189392
36	0.26190683245658875
37	0.34505316615104675
38	0.32903969287872314
39	0.48319122195243835
40	0.16357775032520294
41	0.07143016159534454
42	0.12468033283948898
43	0.07275011390447617
44	0.03468617424368858
45	0.05184376239776611
46	0.045523472130298615
47	0.032135266810655594
48	0.03849446773529053
49	0.030880659818649292
50	0.0404014028608799
51	0.02421138994395733
52	0.0174332894384861
53	0.01994244195520878
54	0.026735330000519753
55	0.06912846863269806
56	0.07383871078491211
57	0.05324474722146988
58	0.06716703623533249
59	0.08952640742063522
60	0.03464698791503906
61	0.020130988210439682
62	0.03184842690825462
63	0.04376379773020744
64	0.038686320185661316
65	0.026622606441378593
66	0.0394589900970459
67	0.013397390022873878
68	0.009987183846533298
69	0.008304666727781296
70	0.0106057645753026
71	0.007858162745833397
72	0.01806691288948059
73	0.029421815648674965
74	0.051153816282749176
75	0.07519932091236115
76	0.15042130649089813
77	0.046862050890922546
78	0.11615190654993057
79	0.08393976092338562
80	0.05604366213083267
81	0.07484426349401474
82	0.08559494465589523
83	0.12328087538480759
84	0.15663647651672363
85	0.16830424964427948
86	0.333195298910141
87	0.1976107358932495
88	0.18480251729488373
89	0.3720771372318268
90	0.5149703621864319
91	0.4318002760410309
92	0.28041374683380127
93	0.2795320451259613
94	0.2777084410190582
95	0.16368158161640167
96	0.22863490879535675
97	0.09841848909854889
98	0.13993801176548004
99	0.1429494470357895
100	0.10863035917282104
101	0.2777997553348541
102	0.10686385631561279
103	0.08279839158058167
104	0.07574532926082611
105	0.08443170040845871
106	0.10851766169071198
107	0.05978904291987419
108	0.04160739853978157
109	0.06508510559797287
110	0.038533639162778854
111	0.06468687206506729
112	0.06800622493028641
113	0.13088499009609222
114	0.10748136043548584
115	0.07764787971973419
116	0.16322709619998932
117	0.09991335868835449
118	0.10857363790273666
119	0.08678481727838516
120	0.1535113900899887
121	0.24828281998634338
122	0.06972838938236237
123	0.12748681008815765
124	0.17605693638324738
125	0.1683099865913391
126	0.09935125708580017
127	0.15175968408584595
128	0.23583517968654633
129	0.2396146059036255
130	0.255178838968277
131	0.24907159805297852
132	0.13266974687576294
133	0.09931405633687973
134	0.107602059841156
135	0.05865437537431717
136	0.1733776181936264
137	0.1497892588376999
138	0.07662691920995712
139	0.2785964012145996
140	0.2729726731777191
141	0.2773727774620056
142	0.14057841897010803
143	0.2342970371246338
144	0.48688527941703796
145	0.3375326693058014
146	0.35610291361808777
147	0.5472160577774048
148	0.3586561679840088
149	0.36077794432640076
150	0.30196020007133484
151	0.2621734142303467
152	0.40479299426078796
153	0.3347698152065277
154	0.24809224903583527
155	0.413175106048584
156	0.27573034167289734
157	0.20662669837474823
158	0.4661765992641449
159	0.19334405660629272
160	0.39096927642822266
161	0.443002849817276
162	0.4242313802242279
163	0.34474050998687744
164	0.18276868760585785
165	0.12908490002155304
166	0.23823761940002441
167	0.3286052644252777
168	0.15175089240074158
169	0.1466098576784134
170	0.1496669501066208
171	0.164187952876091
172	0.2709026634693146
173	0.2491184026002884
174	0.25777193903923035
175	0.48862501978874207
176	0.2771647572517395
177	0.2259819507598877
178	0.24268566071987152
179	0.16477714478969574
180	0.2066066712141037
181	0.296010822057724
182	0.2987808883190155
183	0.17003731429576874
184	0.18578509986400604
185	0.2638305127620697
186	0.36993297934532166
187	0.3201802670955658
188	0.25620147585868835
189	0.18788644671440125
190	0.5264771580696106
191	0.37382373213768005
192	0.3445654809474945
193	0.20385228097438812
194	0.24074868857860565
195	0.08096255362033844
196	0.30394601821899414
197	0.30318963527679443
198	0.41544508934020996
199	0.11837921291589737
200	0.40526795387268066
201	0.4920172393321991
202	0.3726609945297241
203	0.34421107172966003
204	0.3019056022167206
205	0.36431455612182617
206	0.270519882440567
207	0.18718697130680084
208	0.20689116418361664
209	0.10934256762266159
210	0.06153865531086922
211	0.14773762226104736
212	0.3247862756252289
213	0.13643966615200043
214	0.11125601828098297
215	0.16894227266311646
216	0.1083037406206131
217	0.25051140785217285
218	0.16593550145626068
219	0.14609220623970032
220	0.17793600261211395
221	0.20785193145275116
222	0.17589488625526428
223	0.3111100494861603
224	0.42579054832458496
225	0.2740671634674072
226	0.29325491189956665
227	0.39749979972839355
228	0.38342952728271484
229	0.44906100630760193
230	0.32966023683547974
231	0.1537446826696396
232	0.07804245501756668
233	0.08845403045415878
234	0.04616544395685196
235	0.08776440471410751
236	0.13522730767726898
237	0.14664070308208466
238	0.21467624604701996
239	0.2608488202095032
240	0.07325255125761032
241	0.11251065880060196
242	0.06310611218214035
243	0.05864548683166504
244	0.0078591862693429
245	0.008471998386085033
246	0.012922770343720913
247	0.08031435310840607
248	0.10433615744113922
249	0.09074389934539795
250	0.05361310392618179
251	0.01271843072026968
252	0.009483755566179752
253	0.026956742629408836
254	0.01822569966316223
255	0.013273784890770912
256	0.01386147178709507
257	0.12415220588445663
258	0.20172861218452454
259	0.3939931094646454
260	0.3474232852458954
261	0.3690364360809326
262	0.41187793016433716
263	0.35734134912490845
264	0.3611362874507904
265	0.39092978835105896
266	0.33487018942832947
267	0.26826220750808716
268	0.4915573298931122
269	0.36088040471076965
270	0.41995301842689514
271	0.3807290196418762
272	0.2966369092464447
273	0.3856683671474457
274	0.30604663491249084
275	0.33781033754348755
276	0.35741230845451355
277	0.4621814787387848
278	0.4741124212741852
279	0.4451059401035309
280	0.4164651334285736
281	0.3319954574108124
282	0.33401766419410706
283	0.38120898604393005
284	0.3912077248096466
285	0.445188969373703
286	0.05055495724081993
287	0.05135694891214371
288	0.3479236662387848
289	0.2362859547138214
290	0.35171014070510864
291	0.302265465259552
292	0.3434779942035675
293	0.13362394273281097
294	0.2811149060726166
295	0.24990765750408173
296	0.2930986285209656
297	0.157388374209404
298	0.2896672487258911
299	0.18032608926296234
300	0.24318520724773407
301	0.16265128552913666
302	0.3498641550540924
303	0.2713223099708557
304	0.04576439410448074
305	0.07578258216381073
306	0.03288983181118965
307	0.027743441984057426
308	0.020236432552337646
309	0.03427111357450485
310	0.028267771005630493
311	0.09375361353158951
312	0.21448086202144623
313	0.047607820481061935
314	0.041914861649274826
315	0.01609329879283905
316	0.010538228787481785
317	0.008888987824320793
318	0.009263475425541401
319	0.009530867449939251
320	0.008322106674313545
321	0.009257874451577663
322	0.00888409186154604
323	0.008835461921989918
324	0.009858756326138973
325	0.010074593126773834
326	0.008026078343391418
327	0.009487452916800976
328	0.008702178485691547
329	0.008582712151110172
330	0.009933359920978546
331	0.008663705550134182
332	0.012010455131530762
333	0.020004531368613243
334	0.035545993596315384
335	0.051851700991392136
336	0.14577220380306244
337	0.2405172437429428
338	0.2121296226978302
339	0.32766929268836975
340	0.41472968459129333
341	0.5157647132873535
342	0.471926212310791
343	0.43789806962013245
344	0.5772923827171326
345	0.4426184296607971
346	0.3517581522464752
347	0.44524964690208435
348	0.3273445963859558
349	0.3663385808467865
350	0.3763718008995056
351	0.19463902711868286
352	0.12801480293273926
353	0.15392717719078064
354	0.20164398849010468
355	0.0999070405960083
356	0.3326120972633362
357	0.3129580616950989
358	0.4531165659427643
359	0.2964153289794922
360	0.1330019235610962
361	0.12969239056110382
362	0.1327987164258957
363	0.10142368078231812
364	0.17405930161476135
365	0.10294528305530548
366	0.15796959400177002
367	0.10832436382770538
368	0.27491259574890137
369	0.26611605286598206
370	0.363107293844223
371	0.3122529983520508
372	0.39527657628059387
373	0.3741823732852936
374	0.513765275478363
375	0.2426903247833252
376	0.5053866505622864
377	0.6203553080558777
378	0.5013947486877441
379	0.35998693108558655
380	0.22863931953907013
381	0.5291309356689453
382	0.4646227955818176
383	0.6678234934806824
384	0.7019182443618774
385	0.555204451084137
386	0.7440395951271057
387	0.5729986429214478
388	0.6989573836326599
389	0.5973038673400879
390	0.6752026081085205
391	0.5496695637702942
392	0.6490553617477417
393	0.5256164073944092
394	0.26958075165748596
395	0.5353769659996033
396	0.29539209604263306
397	0.37184977531433105
398	0.25934678316116333
399	0.34464630484580994
400	0.44702059030532837
401	0.5502931475639343
402	0.4931662976741791
403	0.32995161414146423
404	0.28566819429397583
405	0.4100947380065918
406	0.46838855743408203
407	0.5055562853813171
408	0.05346795916557312
409	0.0921158492565155
410	0.08329136669635773
411	0.05222282558679581
412	0.04852086678147316
413	0.12178065627813339
414	0.2831936776638031
415	0.10129491239786148
416	0.17817489802837372
417	0.15123894810676575
418	0.12133665382862091
419	0.06504230201244354
420	0.12853311002254486
421	0.13495707511901855
422	0.0555683970451355
423	0.0578538253903389
424	0.026303241029381752
425	0.09307824075222015
426	0.10519769042730331
427	0.16505824029445648
428	0.056149985641241074
429	0.0873444527387619
430	0.1150529533624649
431	0.10629122704267502
432	0.1382244974374771
433	0.13346467912197113
434	0.1705159991979599
435	0.06073952838778496
436	0.09381171315908432
437	0.12560875713825226
438	0.10835482180118561
439	0.18299682438373566
440	0.13071328401565552
441	0.17414569854736328
442	0.23211407661437988
443	0.1932571679353714
444	0.13742780685424805
445	0.1562720686197281
446	0.15207235515117645
447	0.12917394936084747
448	0.06352519243955612
449	0.057178594172000885
450	0.05156146362423897
451	0.056609462946653366
452	0.035287316888570786
453	0.0458269901573658
454	0.06331514567136765
455	0.03691108152270317
456	0.0668962225317955
457	0.04945170134305954
458	0.057462919503450394
459	0.06613681465387344
460	0.08797948062419891
461	0.0862615630030632
462	0.07254933565855026
463	0.05661989375948906
464	0.05466940626502037
465	0.05301516130566597
466	0.04578495770692825
467	0.05312291532754898
468	0.06603008508682251
469	0.04243219643831253
470	0.046850841492414474
471	0.04471366107463837
472	0.04927830770611763
473	0.027872515842318535
474	0.03324740752577782
475	0.020787551999092102
476	0.023403508588671684
477	0.031334538012742996
478	0.038378965109586716
479	0.028754888102412224
480	0.025763779878616333
481	0.025767577812075615
482	0.026696844026446342
483	0.04705622419714928
484	0.05397728085517883
485	0.056676506996154785
486	0.046237122267484665
487	0.06628560274839401
488	0.045148421078920364
489	0.03212593123316765
490	0.077217236161232
491	0.07520424574613571
492	0.07817316800355911
493	0.08921464532613754
494	0.03832116723060608
495	0.03426666185259819
496	0.037565216422080994
497	0.026441415771842003
498	0.03156861290335655
499	0.04115062206983566
500	0.016996772959828377
501	0.01690761186182499
502	0.021012015640735626
503	0.02457532286643982
504	0.016016069799661636
505	0.009035571478307247
506	0.008408687077462673
507	0.008776620030403137
508	0.00914658885449171
509	0.007754314225167036
510	0.007533652242273092
511	0.0073628658428788185
512	0.009193064644932747
513	0.0069793048314750195
514	0.006590400822460651
515	0.007197501603513956
516	0.007768397219479084
517	0.013422288000583649
518	0.019352691248059273
519	0.0330754779279232
520	0.031818993389606476
521	0.02065722458064556
522	0.027835765853524208
523	0.019203655421733856
524	0.019146785140037537
525	0.01812608353793621
526	0.015469545498490334
527	0.012121103703975677
528	0.016159281134605408
529	0.012329633347690105
530	0.011963929980993271
531	0.01299032848328352
532	0.014221916906535625
533	0.010765427723526955
534	0.01316662784665823
535	0.012505522929131985
536	0.010559958405792713
537	0.011095752939581871
538	0.009572021663188934
539	0.010798386298120022
540	0.010658937506377697
541	0.01161205768585205
542	0.014818447642028332
543	0.016231533139944077
544	0.013701468706130981
545	0.013751891441643238
546	0.015702463686466217
547	0.014088870957493782
548	0.010328629985451698
549	0.00907318014651537
550	0.01195422001183033
551	0.012996724806725979
552	0.013049853034317493
553	0.014590221457183361
554	0.012774014845490456
555	0.012009779922664165
556	0.012587808072566986
557	0.014692640863358974
558	0.013548036105930805
559	0.01436913013458252
560	0.012434653006494045
561	0.013598623685538769
562	0.0109791224822402
563	0.011041656136512756
564	0.009159322828054428
565	0.010550597682595253
566	0.009981249459087849
567	0.011240744031965733
568	0.011495595797896385
569	0.00927653070539236
570	0.009772378019988537
571	0.008228047750890255
572	0.009526009671390057
573	0.011309979483485222
574	0.00910748727619648
575	0.010058584623038769
576	0.016590099781751633
577	0.013972637243568897
578	0.013288947753608227
579	0.015938883647322655
580	0.015419291332364082
581	0.014283591881394386
582	0.019138535484671593
583	0.02112429216504097
584	0.02824634313583374
585	0.01499644573777914
586	0.020437197759747505
587	0.03057515062391758
588	0.027802318334579468
589	0.03429632633924484
590	0.01758214645087719
591	0.018305081874132156
592	0.02287852205336094
593	0.03895045816898346
594	0.04464363306760788
595	0.05217420682311058
596	0.09087492525577545
597	0.09800120443105698
598	0.09951543807983398
599	0.07523822784423828
600	0.07880312949419022
601	0.07932759821414948
602	0.09425053745508194
603	0.13646219670772552
604	0.08805391937494278
605	0.10516750067472458
606	0.08378792554140091
607	0.17136789858341217
608	0.19559746980667114
609	0.16464053094387054
610	0.1810213178396225
611	0.1357942670583725
612	0.17788809537887573
613	0.23805581033229828
614	0.17308130860328674
615	0.20563240349292755
616	0.05648566409945488
617	0.09917023032903671
618	0.14269058406352997
619	0.06713464111089706
620	0.040934402495622635
621	0.024852896109223366
622	0.009713845327496529
623	0.008125684224069118
624	0.008063986897468567
625	0.010584740899503231
626	0.008885092101991177
627	0.009806456975638866
628	0.009205413050949574
629	0.007438965141773224
630	0.015497525222599506
631	0.02268790826201439
632	0.03849833831191063
633	0.11780229955911636
634	0.11071345955133438
635	0.10131265968084335
636	0.1069311648607254
637	0.09305218607187271
638	0.06877881288528442
639	0.07002033293247223
640	0.09156159311532974
641	0.1052309051156044
642	0.06796848773956299
643	0.11671719700098038
644	0.08137486129999161
645	0.07272075861692429
646	0.1403019279241562
647	0.19143514335155487
648	0.09078134596347809
649	0.1326988935470581
650	0.26307588815689087
651	0.1428619623184204
652	0.20791660249233246
653	0.18640106916427612
654	0.1945248693227768
655	0.18381540477275848
656	0.14713095128536224
657	0.20607256889343262
658	0.1658531129360199
659	0.10189688205718994
660	0.10554482787847519
661	0.036956023424863815
662	0.024665959179401398
663	0.02127058617770672
664	0.014874644577503204
665	0.008921216242015362
666	0.014995020814239979
667	0.02856440842151642
668	0.0580025278031826
669	0.09940134733915329
670	0.10402876138687134
671	0.14783518016338348
672	0.10549845546483994
673	0.026377862319350243
674	0.047284018248319626
675	0.035903092473745346
676	0.04338286444544792
677	0.06442587822675705
678	0.06688331812620163
679	0.08367341756820679
680	0.08696397393941879
681	0.05524606257677078
682	0.04925411567091942
683	0.059303950518369675
684	0.07528163492679596
685	0.1548910140991211
686	0.10686597973108292
687	0.09187532961368561
688	0.15607190132141113
689	0.22286704182624817
690	0.1609715074300766
691	0.122980035841465
692	0.08722289651632309
693	0.14209070801734924
694	0.07288040220737457
695	0.0779414102435112
696	0.1018180400133133
697	0.045504380017519
698	0.07545986771583557
699	0.11460211127996445
700	0.08880045264959335
701	0.07346843928098679
702	0.045831114053726196
703	0.09429801255464554
704	0.18645310401916504
705	0.12089862674474716
706	0.08467923849821091
707	0.18634310364723206
708	0.1341547667980194
709	0.08243070542812347
710	0.12465944141149521
711	0.11634276062250137
712	0.07320912927389145
713	0.11178799718618393
714	0.02067047916352749
715	0.009028333239257336
716	0.009228450246155262
717	0.012043053284287453
718	0.009203431196510792
719	0.013658377341926098
720	0.0227221492677927
721	0.03040218912065029
722	0.0403018556535244
723	0.04538128897547722
724	0.04871273413300514
725	0.07781925797462463
726	0.05765426158905029
727	0.05500869080424309
728	0.05231381580233574
729	0.06830708682537079
730	0.05568349361419678
731	0.06760656833648682
732	0.08296985924243927
733	0.07692550122737885
734	0.07480748742818832
735	0.09779848903417587
736	0.07818306982517242
737	0.06641054153442383
738	0.10701810568571091
739	0.058859795331954956
740	0.06348661333322525
741	0.10167136043310165
742	0.03338795527815819
743	0.029058901593089104
744	0.0692768320441246
745	0.040622349828481674
746	0.06497063487768173
747	0.018278449773788452
748	0.025977183133363724
749	0.020523861050605774
750	0.016576049849390984
751	0.033272843807935715
752	0.02024771086871624
753	0.017862262204289436
754	0.012309770099818707
755	0.015462336130440235
756	0.01994737796485424
757	0.020071806386113167
758	0.02339804731309414
759	0.040882475674152374
760	0.024682676419615746
761	0.008185123093426228
762	0.012459314428269863
763	0.005124644376337528
764	0.006270419806241989
765	0.006237294990569353
766	0.005458619445562363
767	0.005572979338467121
768	0.006849172990769148
769	0.006867218762636185
770	0.00706545589491725
771	0.008199132047593594
772	0.008226437494158745
773	0.008056911639869213
774	0.009551549330353737
775	0.008750050328671932
776	0.006138548254966736
777	0.005722274538129568
778	0.007640342693775892
779	0.005819035228341818
780	0.008864830248057842
781	0.0073320078663527966
782	0.006927579641342163
783	0.007040840573608875
784	0.007882149890065193
785	0.006473282817751169
786	0.005656519439071417
787	0.005398547742515802
788	0.006508453283458948
789	0.00630563497543335
790	0.005352664738893509
791	0.005395886488258839
792	0.006088773254305124
793	0.0068353707902133465
794	0.006069772876799107
795	0.005535758566111326
796	0.005573337431997061
797	0.006515403278172016
798	0.005744601134210825
799	0.005727171432226896
800	0.006045160349458456
801	0.006315702106803656
802	0.005337075795978308
803	0.007442267145961523
804	0.007277981843799353
805	0.006950199604034424
806	0.0074032084085047245
807	0.006690567824989557
808	0.005759264342486858
809	0.00734357675537467
810	0.009126230143010616
811	0.007076221983879805
812	0.008341175504028797
813	0.006609827280044556
814	0.007540398743003607
815	0.006836721207946539
816	0.0064963470213115215
817	0.005795797798782587
818	0.007303136866539717
819	0.008929920382797718
820	0.006731071975082159
821	0.006156917195767164
822	0.007900216616690159
823	0.006475094705820084
824	0.00831589661538601
825	0.006746200378984213
826	0.006801173090934753
827	0.0059845419600605965
828	0.006707112770527601
829	0.007066261954605579
830	0.005852603353559971
831	0.00599483260884881
832	0.00928033422678709
833	0.008947215043008327
834	0.007809420581907034
835	0.006224237382411957
836	0.006887422408908606
837	0.005072280764579773
838	0.006092376541346312
839	0.006761243101209402
840	0.005242016166448593
841	0.005503659602254629
842	0.003868247615173459
843	0.0051636602729558945
844	0.004570671357214451
845	0.005272497422993183
846	0.00798965897411108
847	0.00655774399638176
848	0.006367132067680359
849	0.006957188248634338
850	0.006928554270416498
851	0.006803574506193399
852	0.007681544404476881
853	0.006408041808754206
854	0.007500039879232645
855	0.007718132343143225
856	0.007875162176787853
857	0.008259578607976437
858	0.007314649410545826
859	0.006897780578583479
860	0.007805827539414167
861	0.006441926117986441
862	0.006501884199678898
863	0.007370721083134413
864	0.006455018650740385
865	0.007183343172073364
866	0.0067441873252391815
867	0.0049476842395961285
868	0.005862178280949593
869	0.005314490292221308
870	0.005784749519079924
871	0.006551107857376337
872	0.007557486183941364
873	0.007477700710296631
874	0.00809151865541935
875	0.007263696286827326
876	0.00828631967306137
877	0.009084106422960758
878	0.007101693190634251
879	0.0090198814868927
880	0.00733591616153717
881	0.009165174327790737
882	0.008104369975626469
883	0.012783722952008247
884	0.017031202092766762
885	0.010916858911514282
886	0.010272110812366009
887	0.009641130454838276
888	0.015619784593582153
889	0.02539171651005745
890	0.016559649258852005
891	0.015368053689599037
892	0.006259170360863209
893	0.008450205437839031
894	0.012194526381790638
895	0.011053751222789288
896	0.011071843095123768
897	0.0077817500568926334
898	0.008152307011187077
899	0.010328213684260845
900	0.021513620391488075
901	0.019889889284968376
902	0.02336043119430542
903	0.014190045185387135
904	0.018283432349562645
905	0.02007204294204712
906	0.023654555901885033
907	0.011500430293381214
908	0.015277102589607239
909	0.01396110188215971
910	0.015907449647784233
911	0.016421036794781685
912	0.014319735579192638
913	0.011982390657067299
914	0.011682634241878986
915	0.016368331387639046
916	0.01650627888739109
917	0.01901606097817421
918	0.01473946776241064
919	0.014239653944969177
920	0.016513759270310402
921	0.0236560869961977
922	0.02670893631875515
923	0.0283497404307127
924	0.018516479060053825
925	0.02479363977909088
926	0.029794571921229362
927	0.024621978402137756
928	0.030476314947009087
929	0.033440880477428436
930	0.029515450820326805
931	0.02308095060288906
932	0.02676491253077984
933	0.030693108215928078
934	0.025921929627656937
935	0.026710787788033485
936	0.027050470933318138
937	0.026490766555070877
938	0.030031276866793633
939	0.03209884092211723
940	0.04865210875868797
941	0.03423318266868591
942	0.034179456532001495
943	0.034402456134557724
944	0.034999340772628784
945	0.05314076691865921
946	0.023286884650588036
947	0.018050318583846092
948	0.017855992540717125
949	0.020713938400149345
950	0.01784502901136875
951	0.028586581349372864
952	0.033376581966876984
953	0.020838815718889236
954	0.017080333083868027
955	0.014810984022915363
956	0.02037964016199112
957	0.013530142605304718
958	0.014489185996353626
959	0.01961359940469265
960	0.013400050811469555
961	0.014629477635025978
962	0.01358765084296465
963	0.028232021257281303
964	0.021281003952026367
965	0.013375294394791126
966	0.012583138421177864
967	0.021397246047854424
968	0.013026653788983822
969	0.016604702919721603
970	0.013807684183120728
971	0.014251439832150936
972	0.015363531187176704
973	0.012755152769386768
974	0.012032921425998211
975	0.01708643138408661
976	0.031972046941518784
977	0.01447355281561613
978	0.02626190520823002
979	0.012673573568463326
980	0.014540530741214752
981	0.013438192196190357
982	0.015331226401031017
983	0.03138475492596626
984	0.015154517255723476
985	0.02880246751010418
986	0.019618168473243713
987	0.014306718483567238
988	0.014482063241302967
989	0.01757930777966976
990	0.017482969909906387
991	0.01623586378991604
992	0.05293292924761772
993	0.05910183861851692
994	0.04474032297730446
995	0.015979686751961708
996	0.01120862364768982
997	0.019798150286078453
998	0.014207511208951473
999	0.015744127333164215
1000	0.016997741535305977
1001	0.020475121214985847
1002	0.020125605165958405
1003	0.015713384374976158
1004	0.02004624716937542
1005	0.033239878714084625
1006	0.03569238260388374
1007	0.01910454034805298
1008	0.017972661182284355
1009	0.023998266085982323
1010	0.027841797098517418
1011	0.01626751385629177
1012	0.023320911452174187
1013	0.037379827350378036
1014	0.035311516374349594
1015	0.018965039402246475
1016	0.03299044072628021
1017	0.023117922246456146
1018	0.02749679982662201
1019	0.016421837732195854
1020	0.010538003407418728
1021	0.008003144524991512
1022	0.012073086574673653
1023	0.015027257613837719
1024	0.023632319644093513
1025	0.018156927078962326
1026	0.021264923736453056
1027	0.03434458002448082
1028	0.04851491376757622
1029	0.017050983384251595
1030	0.014677478931844234
1031	0.010659630410373211
1032	0.011083622463047504
1033	0.01277691125869751
1034	0.011348122730851173
1035	0.023465506732463837
1036	0.016616415232419968
1037	0.008655796758830547
1038	0.011291886679828167
1039	0.015635203570127487
1040	0.011490952223539352
1041	0.012794742360711098
1042	0.013250613585114479
1043	0.018738102167844772
1044	0.025506485253572464
1045	0.020003387704491615
1046	0.020622003823518753
1047	0.01288810558617115
1048	0.01934533379971981
1049	0.009445222094655037
1050	0.012341461144387722
1051	0.013407600112259388
1052	0.015289629809558392
1053	0.0146845867857337
1054	0.01588118076324463
1055	0.01353840809315443
1056	0.008343641646206379
1057	0.008153471164405346
1058	0.013508430682122707
1059	0.008519652299582958
1060	0.00953229796141386
1061	0.0326681025326252
1062	0.016721775755286217
1063	0.01343464758247137
1064	0.011370296590030193
1065	0.011799367144703865
1066	0.010512166656553745
1067	0.009982188232243061
1068	0.009708336554467678
1069	0.01108571421355009
1070	0.009245491586625576
1071	0.012075552716851234
1072	0.012067093513906002
1073	0.012371418066322803
1074	0.016367245465517044
1075	0.01372912060469389
1076	0.008886891417205334
1077	0.008602223359048367
1078	0.01152134407311678
1079	0.010744175873696804
1080	0.010910283774137497
1081	0.01709580421447754
1082	0.016603907570242882
1083	0.018694305792450905
1084	0.03043590858578682
1085	0.022455496713519096
1086	0.022402044385671616
1087	0.016331400722265244
1088	0.011059001088142395
1089	0.01313177403062582
1090	0.01660964824259281
1091	0.020184749737381935
1092	0.014160829596221447
1093	0.02031768672168255
1094	0.020968100056052208
1095	0.01955714449286461
1096	0.016104280948638916
1097	0.017672734335064888
1098	0.013923767022788525
1099	0.017704948782920837
1100	0.01502115186303854
1101	0.017267970368266106
1102	0.019276274368166924
1103	0.01704000122845173
1104	0.016045598313212395
1105	0.02092740871012211
1106	0.023713182657957077
1107	0.025280896574258804
1108	0.0473649688065052
1109	0.03487839549779892
1110	0.03516202047467232
1111	0.045234329998493195
1112	0.027832377701997757
1113	0.04922182112932205
1114	0.01978527382016182
1115	0.0468100868165493
1116	0.038626182824373245
1117	0.016555313020944595
1118	0.02109222672879696
1119	0.03293250501155853
1120	0.05826471373438835
1121	0.037447743117809296
1122	0.02566595748066902
1123	0.04667278379201889
1124	0.13912537693977356
1125	0.07852630317211151
1126	0.03747401013970375
1127	0.02678081952035427
1128	0.028205109760165215
1129	0.016991080716252327
1130	0.00814004521816969
1131	0.0157052930444479
1132	0.011633509770035744
1133	0.010624594986438751
1134	0.011287958361208439
1135	0.011329779401421547
1136	0.004873010329902172
1137	0.005330151412636042
1138	0.009079285897314548
1139	0.010106249712407589
1140	0.011885284446179867
1141	0.010797648690640926
1142	0.008382953703403473
1143	0.009770565666258335
1144	0.008727413602173328
1145	0.008672744035720825
1146	0.010350915603339672
1147	0.012660488486289978
1148	0.013767236843705177
1149	0.009115313179790974
1150	0.00813544262200594
1151	0.007532384246587753
1152	0.011432760395109653
1153	0.01513415016233921
1154	0.008556748740375042
1155	0.0073449439369142056
1156	0.008262577466666698
1157	0.010635176673531532
1158	0.010520312003791332
1159	0.009940356947481632
1160	0.006872427649796009
1161	0.007101006805896759
1162	0.007135753519833088
1163	0.007666584104299545
1164	0.011242297478020191
1165	0.012004980817437172
1166	0.01401472371071577
1167	0.019450901076197624
1168	0.014125490561127663
1169	0.012562135234475136
1170	0.00821124017238617
1171	0.011034480296075344
1172	0.007747425232082605
1173	0.005342388059943914
1174	0.0056852856650948524
1175	0.005893326830118895
1176	0.005309561733156443
1177	0.00523970415815711
1178	0.0048072743229568005
1179	0.005282096564769745
1180	0.0048909313045442104
1181	0.005507815629243851
1182	0.005733013153076172
1183	0.0050726355984807014
1184	0.005737573839724064
1185	0.00883311778306961
1186	0.0063630579970777035
1187	0.007243720348924398
1188	0.0073303780518472195
1189	0.010572762228548527
1190	0.008881596848368645
1191	0.008929828181862831
1192	0.007822765968739986
1193	0.006868032272905111
1194	0.009901254437863827
1195	0.0071934922598302364
1196	0.0067075095139443874
1197	0.007203568704426289
1198	0.007063596975058317
1199	0.007132621016353369
1200	0.007186205126345158
1201	0.007218595128506422
1202	0.006158285774290562
1203	0.007212232798337936
1204	0.005098459776490927
1205	0.007050618529319763
1206	0.007897213101387024
1207	0.006258709821850061
1208	0.006748380605131388
1209	0.006562223192304373
1210	0.006850291043519974
1211	0.007313411682844162
1212	0.011010630987584591
1213	0.00947843212634325
1214	0.007574545685201883
1215	0.00806496199220419
1216	0.006714893039315939
1217	0.006313834339380264
1218	0.007378016598522663
1219	0.007792654912918806
1220	0.008397139608860016
1221	0.00917170848697424
1222	0.008169922977685928
1223	0.007447703275829554
1224	0.0075957938097417355
1225	0.007355035748332739
1226	0.005903518758714199
1227	0.004569482058286667
1228	0.007130824029445648
1229	0.005846004467457533
1230	0.004828223027288914
1231	0.0048460825346410275
1232	0.006047481670975685
1233	0.005456903483718634
1234	0.00485601369291544
1235	0.0045815943740308285
1236	0.005084921605885029
1237	0.004580773878842592
1238	0.005102058406919241
1239	0.004802356008440256
1240	0.005310607608407736
1241	0.004789779894053936
1242	0.004940935876220465
1243	0.004847565200179815
1244	0.005363020580261946
1245	0.0058433981612324715
1246	0.004968182649463415
1247	0.004276284947991371
1248	0.005166993476450443
1249	0.004796953871846199
1250	0.004582625813782215
1251	0.0039450256153941154
1252	0.003607735736295581
1253	0.004484903998672962
1254	0.004302117973566055
1255	0.004125557839870453
1256	0.004819630179554224
1257	0.003817901713773608
1258	0.0036487244069576263
1259	0.003574702190235257
1260	0.0036064700689166784
1261	0.003779257880523801
1262	0.003848662367090583
1263	0.006699107121676207
1264	0.006306645926088095
1265	0.005515716504305601
1266	0.005139531102031469
1267	0.006442563142627478
1268	0.0061884126625955105
1269	0.006011222489178181
1270	0.005973538383841515
1271	0.0057827443815767765
1272	0.006691069342195988
1273	0.00695130554959178
1274	0.005718154367059469
1275	0.005142559763044119
1276	0.007035727147012949
1277	0.0061089531518518925
1278	0.011093161068856716
1279	0.009766744449734688
1280	0.007441776338964701
1281	0.008032534271478653
1282	0.009776048362255096
1283	0.007862118072807789
1284	0.014851241372525692
1285	0.019397497177124023
1286	0.014828445389866829
1287	0.0172435250133276
1288	0.014310176484286785
1289	0.026126325130462646
1290	0.03807496652007103
1291	0.01994398608803749
1292	0.04678083583712578
1293	0.02249450422823429
1294	0.029891598969697952
1295	0.0340542308986187
1296	0.039909593760967255
1297	0.04321833327412605
1298	0.11310970783233643
1299	0.17803752422332764
1300	0.0929761677980423
1301	0.1681128591299057
1302	0.27532607316970825
1303	0.20112860202789307
1304	0.20674172043800354
1305	0.14334362745285034
1306	0.3535783886909485
1307	0.41136065125465393
1308	0.4993302524089813
1309	0.4029301702976227
1310	0.21771708130836487
1311	0.24083049595355988
1312	0.3595286011695862
1313	0.1378227323293686
1314	0.22425709664821625
1315	0.2639586627483368
1316	0.4336515963077545
1317	0.39839279651641846
1318	0.25974905490875244
1319	0.4680604934692383
1320	0.3947037160396576
1321	0.5110148787498474
1322	0.3172275722026825
1323	0.3057176470756531
1324	0.2204120010137558
1325	0.30902671813964844
1326	0.18608832359313965
1327	0.4081704318523407
1328	0.20224495232105255
1329	0.21195442974567413
1330	0.11992950737476349
1331	0.23904716968536377
1332	0.29198405146598816
1333	0.1655355989933014
1334	0.23485957086086273
1335	0.1786949187517166
1336	0.12622809410095215
1337	0.15614356100559235
1338	0.15982908010482788
1339	0.09594940394163132
1340	0.1530451625585556
1341	0.16483241319656372
1342	0.24742434918880463
1343	0.17323969304561615
1344	0.33497896790504456
1345	0.2692554295063019
1346	0.2563374638557434
1347	0.18700602650642395
1348	0.20502524077892303
1349	0.2555481493473053
1350	0.31378576159477234
1351	0.3140069544315338
1352	0.27496251463890076
1353	0.27201923727989197
1354	0.244341179728508
1355	0.2625713646411896
1356	0.1905028074979782
1357	0.09724551439285278
1358	0.143950417637825
1359	0.22685101628303528
1360	0.2976512014865875
1361	0.17046207189559937
1362	0.21965594589710236
1363	0.3411698341369629
1364	0.27028581500053406
1365	0.3568827509880066
1366	0.4064107835292816
1367	0.23508436977863312
1368	0.27989909052848816
1369	0.1763344705104828
1370	0.24837994575500488
1371	0.11713554710149765
1372	0.14540915191173553
1373	0.05448341369628906
1374	0.07366593927145004
1375	0.10875058174133301
1376	0.08069721609354019
1377	0.040276046842336655
1378	0.09056012332439423
1379	0.09383344650268555
1380	0.026105258613824844
1381	0.0436144582927227
1382	0.017375534400343895
1383	0.014192774891853333
1384	0.009814830496907234
1385	0.008648657239973545
1386	0.008075538091361523
1387	0.008347420953214169
1388	0.007857698015868664
1389	0.009387652389705181
1390	0.00862041860818863
1391	0.007978871464729309
1392	0.008046801201999187
1393	0.007164370268583298
1394	0.007871799170970917
1395	0.007403175812214613
1396	0.010853909887373447
1397	0.009093472734093666
1398	0.009593866765499115
1399	0.009251222014427185
1400	0.008687497116625309
1401	0.008224322460591793
1402	0.008921192958950996
1403	0.009015808813273907
1404	0.009179707616567612
1405	0.012944868765771389
1406	0.020889319479465485
1407	0.13095521926879883
1408	0.3694809377193451
1409	0.05441286787390709
1410	0.036565203219652176
1411	0.08589931577444077
1412	0.0925416573882103
1413	0.06733594089746475
1414	0.06350650638341904
1415	0.04780391976237297
1416	0.011775783263146877
1417	0.008893168531358242
1418	0.010282238945364952
1419	0.008890285156667233
1420	0.01102666836231947
1421	0.009206741116940975
1422	0.012770234607160091
1423	0.045818429440259933
1424	0.10064848512411118
1425	0.0609259270131588
1426	0.050491075962781906
1427	0.041823022067546844
1428	0.017740309238433838
1429	0.011964481323957443
1430	0.010778735391795635
1431	0.01068214513361454
1432	0.010264754295349121
1433	0.012431112118065357
1434	0.019857974722981453
1435	0.061948012560606
1436	0.1335756778717041
1437	0.0770823284983635
1438	0.08565150946378708
1439	0.060418009757995605
1440	0.07506346702575684
1441	0.05479997396469116
1442	0.10723768919706345
1443	0.104952372610569
1444	0.0630880817770958
1445	0.10492902249097824
1446	0.07177402824163437
1447	0.0906577929854393
1448	0.1887640506029129
1449	0.13210643827915192
1450	0.06161271408200264
1451	0.12451144307851791
1452	0.06862181425094604
1453	0.10067661851644516
1454	0.1017046794295311
1455	0.10210748761892319
1456	0.1903364658355713
1457	0.09631513804197311
1458	0.09080447256565094
1459	0.08587013930082321
1460	0.12361731380224228
1461	0.12772096693515778
1462	0.08493640273809433
1463	0.0810711607336998
1464	0.12094201892614365
1465	0.09090524166822433
1466	0.0828409343957901
1467	0.10187709331512451
1468	0.14268384873867035
1469	0.1584359109401703
1470	0.14724071323871613
1471	0.07661964744329453
1472	0.07464474439620972
1473	0.08666258305311203
1474	0.04620197042822838
1475	0.07621293514966965
1476	0.06561174988746643
1477	0.08772900700569153
1478	0.08998717367649078
1479	0.10371426492929459
1480	0.05984073877334595
1481	0.06984318792819977
1482	0.029421964660286903
1483	0.022946465760469437
1484	0.014646430499851704
1485	0.008954606018960476
1486	0.008422516286373138
1487	0.006552163045853376
1488	0.005873246118426323
1489	0.005149816628545523
1490	0.0059246039018034935
1491	0.01049845665693283
1492	0.014919904060661793
1493	0.01291822548955679
1494	0.010086058638989925
1495	0.018024541437625885
1496	0.01200038380920887
1497	0.00933727528899908
1498	0.008686890825629234
1499	0.011527717113494873
1500	0.01003208663314581
1501	0.012054468505084515
1502	0.012238080613315105
1503	0.012180531397461891
1504	0.017451388761401176
1505	0.016520481556653976
1506	0.012171156704425812
1507	0.011141515336930752
1508	0.012974925339221954
1509	0.013639393262565136
1510	0.014949047937989235
1511	0.010918686166405678
1512	0.009189906530082226
1513	0.011936532333493233
1514	0.008761565200984478
1515	0.009485120885074139
1516	0.009887725114822388
1517	0.011832653544843197
1518	0.0114353122189641
1519	0.012188681401312351
1520	0.011337733827531338
1521	0.012765586376190186
1522	0.026473212987184525
1523	0.052763909101486206
1524	0.029853342100977898
1525	0.03152249753475189
1526	0.017534080892801285
1527	0.009912237524986267
1528	0.010850905440747738
1529	0.008693109266459942
1530	0.011982976458966732
1531	0.011367213912308216
1532	0.00788282509893179
1533	0.008476673625409603
1534	0.007709437515586615
1535	0.010684040375053883
1536	0.010372322984039783
1537	0.007562465500086546
1538	0.008787164464592934
1539	0.010022852569818497
1540	0.008817789144814014
1541	0.007307329680770636
1542	0.018673066049814224
1543	0.011343945749104023
1544	0.010692277923226357
1545	0.009151834063231945
1546	0.011879941448569298
1547	0.00984104722738266
1548	0.0100909024477005
1549	0.010843991301953793
1550	0.01073645893484354
1551	0.008795431815087795
1552	0.010424255393445492
1553	0.012223596684634686
1554	0.00979731883853674
1555	0.008682897314429283
1556	0.013791709206998348
1557	0.014649775810539722
1558	0.016507122665643692
1559	0.010239735245704651
1560	0.016082093119621277
1561	0.012257358990609646
1562	0.0149373235180974
1563	0.021282756701111794
1564	0.01933012343943119
1565	0.008163955993950367
1566	0.013451109640300274
1567	0.012066996656358242
1568	0.024502208456397057
1569	0.010579071938991547
1570	0.013530430383980274
1571	0.015215635299682617
1572	0.013849454000592232
1573	0.009982858784496784
1574	0.010988368652760983
1575	0.012532934546470642
1576	0.014212237671017647
1577	0.011612898670136929
1578	0.015285680070519447
1579	0.010138397105038166
1580	0.014021666720509529
1581	0.016240283846855164
1582	0.018712494522333145
1583	0.01754549704492092
1584	0.008430748246610165
1585	0.008805535733699799
1586	0.009212403558194637
1587	0.0076579018495976925
1588	0.010493858717381954
1589	0.0094436751678586
1590	0.012906481511890888
1591	0.009240231476724148
1592	0.009291070513427258
1593	0.012479516677558422
1594	0.018830353394150734
1595	0.012780559249222279
1596	0.015704980120062828
1597	0.014715096913278103
1598	0.016456013545393944
1599	0.015746034681797028
1600	0.016531292349100113
1601	0.011324022896587849
1602	0.008836924098432064
1603	0.01052939984947443
1604	0.019892588257789612
1605	0.008775938302278519
1606	0.010852142237126827
1607	0.009882214479148388
1608	0.010036679916083813
1609	0.012805032543838024
1610	0.015189203433692455
1611	0.01833701692521572
1612	0.05250196531414986
1613	0.023976681753993034
1614	0.028662962839007378
1615	0.01666348986327648
1616	0.017527293413877487
1617	0.02496986649930477
1618	0.022790420800447464
1619	0.05440601706504822
1620	0.050150275230407715
1621	0.043957289308309555
1622	0.08233239501714706
1623	0.04928934574127197
1624	0.03795778378844261
1625	0.03355836868286133
1626	0.045529555529356
1627	0.03482789918780327
1628	0.0720747783780098
1629	0.04718669503927231
1630	0.05556869134306908
1631	0.0384240448474884
1632	0.0589459054172039
1633	0.03258998319506645
1634	0.03437241166830063
1635	0.028456753119826317
1636	0.034790921956300735
1637	0.036011021584272385
1638	0.05112135037779808
1639	0.043820157647132874
1640	0.04868287220597267
1641	0.030836401507258415
1642	0.04178405925631523
1643	0.044517625123262405
1644	0.024360261857509613
1645	0.03386222943663597
1646	0.03182288259267807
1647	0.022814517840743065
1648	0.046688199043273926
1649	0.0838562399148941
1650	0.02837539091706276
1651	0.018891453742980957
1652	0.01852383278310299
1653	0.01162330899387598
1654	0.008110685274004936
1655	0.0061587016098201275
1656	0.00748000293970108
1657	0.0068842642940580845
1658	0.005311103072017431
1659	0.006686110980808735
1660	0.0058477153070271015
1661	0.00693482905626297
1662	0.006756303366273642
1663	0.0073221283964812756
1664	0.006170121021568775
1665	0.006980558391660452
1666	0.005799748934805393
1667	0.0072009670548141
1668	0.007119129877537489
1669	0.0063209678046405315
1670	0.005804312881082296
1671	0.005351776257157326
1672	0.004323763772845268
1673	0.00438268668949604
1674	0.0034767005126923323
1675	0.004134865012019873
1676	0.0038567036390304565
1677	0.004087372217327356
1678	0.006671541836112738
1679	0.007332633715122938
1680	0.008665244095027447
1681	0.011113584041595459
1682	0.007595655508339405
1683	0.0061845118179917336
1684	0.007900778204202652
1685	0.006207674741744995
1686	0.007221633102744818
1687	0.006723597180098295
1688	0.006751784589141607
1689	0.006133757531642914
1690	0.006019949447363615
1691	0.006758078467100859
1692	0.010073447600007057
1693	0.006649855058640242
1694	0.009159480221569538
1695	0.0062175532802939415
1696	0.009160545654594898
1697	0.006757821422070265
1698	0.0078913364559412
1699	0.006274087820202112
1700	0.008711632341146469
1701	0.007470197509974241
1702	0.008358927443623543
1703	0.00756476167589426
1704	0.0078393230214715
1705	0.005379739683121443
1706	0.006295010447502136
1707	0.005807570647448301
1708	0.007010841276496649
1709	0.005460844840854406
1710	0.0065953596495091915
1711	0.0070566157810389996
1712	0.006290100049227476
1713	0.010804574005305767
1714	0.010436360724270344
1715	0.00860588252544403
1716	0.007579921279102564
1717	0.008670411072671413
1718	0.008533759973943233
1719	0.007802276406437159
1720	0.007827493362128735
1721	0.007326261140406132
1722	0.006303759757429361
1723	0.005968855228275061
1724	0.006033005658537149
1725	0.005231961607933044
1726	0.004373288247734308
1727	0.004508411977440119
1728	0.0038042054511606693
1729	0.004613987635821104
1730	0.004338267724961042
1731	0.0052253687754273415
1732	0.005232623312622309
1733	0.005309475585818291
1734	0.005110521800816059
1735	0.004836700391024351
1736	0.0039939782582223415
1737	0.004207511432468891
1738	0.003653109772130847
1739	0.0043540517799556255
1740	0.004680211190134287
1741	0.004856818821281195
1742	0.00426848977804184
1743	0.004762065596878529
1744	0.005097995977848768
1745	0.005380494520068169
1746	0.006666684988886118
1747	0.005609649699181318
1748	0.006126853171736002
1749	0.005503510590642691
1750	0.005505871959030628
1751	0.00506083806976676
1752	0.005178555846214294
1753	0.005570355337113142
1754	0.008411267772316933
1755	0.009318450465798378
1756	0.01565956138074398
1757	0.013457543216645718
1758	0.011174590326845646
1759	0.01781664788722992
1760	0.017344102263450623
1761	0.01902635768055916
1762	0.016261674463748932
1763	0.01574350707232952
1764	0.016532842069864273
1765	0.013679576106369495
1766	0.018397122621536255
1767	0.026819933205842972
1768	0.018910223618149757
1769	0.011577965691685677
1770	0.019108202308416367
1771	0.017729779705405235
1772	0.012146408669650555
1773	0.01083472277969122
1774	0.006805593613535166
1775	0.006437444128096104
1776	0.006458509713411331
1777	0.007252307143062353
1778	0.009611643850803375
1779	0.011572401039302349
1780	0.01070933137089014
1781	0.026571888476610184
1782	0.03924660384654999
1783	0.05220547318458557
1784	0.18860916793346405
1785	0.180969700217247
1786	0.28460177779197693
1787	0.21800795197486877
1788	0.24200855195522308
1789	0.3384821116924286
1790	0.15284207463264465
1791	0.04898594692349434
1792	0.02711976133286953
1793	0.009654557332396507
1794	0.009984524920582771
1795	0.02116294950246811
1796	0.09260932356119156
1797	0.07767732441425323
1798	0.12363206595182419
1799	0.24905303120613098
1800	0.3580318093299866
1801	0.3355230987071991
1802	0.5317909717559814
1803	0.4864899814128876
1804	0.45477181673049927
1805	0.2853393256664276
1806	0.43102169036865234
1807	0.2454683780670166
1808	0.47799229621887207
1809	0.3926241993904114
1810	0.3234364092350006
1811	0.2371542751789093
1812	0.4666689932346344
1813	0.5929496884346008
1814	0.4923533499240875
1815	0.3746602535247803
1816	0.3195987045764923
1817	0.29015564918518066
1818	0.24054928123950958
1819	0.23388183116912842
1820	0.1277543604373932
1821	0.2459573745727539
1822	0.3654511570930481
1823	0.15408863127231598
1824	0.4248965382575989
1825	0.3629952073097229
1826	0.20155100524425507
1827	0.4518473744392395
1828	0.4858250617980957
1829	0.4934151768684387
1830	0.4999910891056061
1831	0.5897170901298523
1832	0.599797785282135
1833	0.5689881443977356
1834	0.5881612300872803
1835	0.4711330831050873
1836	0.7374967932701111
1837	0.664705216884613
1838	0.5576431155204773
1839	0.626412034034729
1840	0.4337873160839081
1841	0.4510253071784973
1842	0.2716188430786133
1843	0.18403680622577667
1844	0.1930297464132309
1845	0.0529392771422863
1846	0.018581999465823174
1847	0.012830197811126709
1848	0.011021357960999012
1849	0.009184975177049637
1850	0.007963808253407478
1851	0.007555993739515543
1852	0.008794090710580349
1853	0.009064475074410439
1854	0.00879217404872179
1855	0.009068198502063751
1856	0.011007281020283699
1857	0.009032691828906536
1858	0.00892496109008789
1859	0.007081071380525827
1860	0.00860223826020956
1861	0.007154591381549835
1862	0.007881395518779755
1863	0.006803193595260382
1864	0.007383009884506464
1865	0.008093182928860188
1866	0.009180299006402493
1867	0.006765031721442938
1868	0.008814390748739243
1869	0.007476260419934988
1870	0.00868802797049284
1871	0.007527490146458149
1872	0.007828347384929657
1873	0.00942455418407917
1874	0.009204111993312836
1875	0.008002599701285362
1876	0.009187265299260616
1877	0.00951061025261879
1878	0.009834646247327328
1879	0.00796660128980875
1880	0.009604781866073608
1881	0.006834796164184809
1882	0.00951900240033865
1883	0.007193864323198795
1884	0.009120582602918148
1885	0.007910965010523796
1886	0.008223387412726879
1887	0.008343400433659554
1888	0.00865384191274643
1889	0.0070504979230463505
1890	0.008651593700051308
1891	0.007549035828560591
1892	0.008721851743757725
1893	0.007807247340679169
1894	0.008562713861465454
1895	0.007853440009057522
1896	0.008070878684520721
1897	0.007336792536079884
1898	0.00842380989342928
1899	0.00892628263682127
1900	0.008874030783772469
1901	0.01142384484410286
1902	0.23558056354522705
1903	0.38512083888053894
1904	0.4118272364139557
1905	0.4598561227321625
1906	0.4932065010070801
1907	0.2060871571302414
1908	0.44156670570373535
1909	0.33758270740509033
1910	0.4237109124660492
1911	0.49463772773742676
1912	0.49602779746055603
1913	0.4434789717197418
1914	0.44718512892723083
1915	0.49714526534080505
1916	0.36345213651657104
1917	0.21182143688201904
1918	0.4327485263347626
1919	0.287908673286438
1920	0.38370513916015625
1921	0.32334083318710327
1922	0.26914459466934204
1923	0.3617404103279114
1924	0.43678972125053406
1925	0.17152749001979828
1926	0.2434108555316925
1927	0.41633883118629456
1928	0.07813377678394318
1929	0.013854685239493847
1930	0.09960728138685226
1931	0.20776627957820892
1932	0.10391818732023239
1933	0.10735511034727097
1934	0.010782885365188122
1935	0.008245847187936306
1936	0.007594426162540913
1937	0.006724774371832609
1938	0.010345702059566975
1939	0.008123522624373436
1940	0.008546244353055954
1941	0.007955771870911121
1942	0.00888799224048853
1943	0.007090114057064056
1944	0.008532721549272537
1945	0.2914499044418335
1946	0.38950401544570923
1947	0.4080362915992737
1948	0.4098263382911682
1949	0.4318675994873047
1950	0.5521656274795532
1951	0.5433579087257385
1952	0.4965173900127411
1953	0.41289645433425903
1954	0.2791764736175537
1955	0.30114123225212097
1956	0.31416597962379456
1957	0.32451850175857544
1958	0.35778388381004333
1959	0.19448338449001312
1960	0.08246880024671555
1961	0.2256557196378708
1962	0.32652029395103455
1963	0.3761398494243622
1964	0.3428017795085907
1965	0.2980811297893524
1966	0.4438246786594391
1967	0.3612997531890869
1968	0.3015154302120209
1969	0.39523592591285706
1970	0.4089129567146301
1971	0.3258897364139557
1972	0.24417801201343536
1973	0.39549872279167175
1974	0.20111441612243652
1975	0.4317255914211273
1976	0.4183228611946106
1977	0.39559653401374817
1978	0.19389665126800537
1979	0.01967623643577099
1980	0.009786361828446388
1981	0.010711225681006908
1982	0.0113629549741745
1983	0.01137129683047533
1984	0.01225744653493166
1985	0.027838915586471558
1986	0.020464668050408363
1987	0.01056175958365202
1988	0.008135817013680935
1989	0.00857130903750658
1990	0.007790088653564453
1991	0.00720983138307929
1992	0.008842168375849724
1993	0.008472233079373837
1994	0.011045013554394245
1995	0.00801913347095251
1996	0.009179049171507359
1997	0.007395436055958271
1998	0.00861339271068573
1999	0.00864639412611723
2000	0.009697377681732178
2001	0.010443485341966152
2002	0.010671341791749
2003	0.012000547721982002
2004	0.011546549387276173
2005	0.00685447221621871
2006	0.005865052342414856
2007	0.006651985924690962
2008	0.006659747567027807
2009	0.007741983514279127
2010	0.006342068314552307
2011	0.0060472614131867886
2012	0.004319147672504187
2013	0.006420405115932226
2014	0.007742976304143667
2015	0.007814902812242508
2016	0.01141755934804678
2017	0.011192354373633862
2018	0.011043096892535686
2019	0.010318671353161335
2020	0.011014708317816257
2021	0.007775177247822285
2022	0.010856959968805313
2023	0.009574178606271744
2024	0.011045040562748909
2025	0.01036738883703947
2026	0.01462610810995102
2027	0.02195512130856514
2028	0.12926724553108215
2029	0.13185925781726837
2030	0.3334227502346039
2031	0.3567924201488495
2032	0.5092576146125793
2033	0.5223574638366699
2034	0.6935709118843079
2035	0.48810067772865295
2036	0.6143421530723572
2037	0.7022566795349121
2038	0.7643164396286011
2039	0.538242757320404
2040	0.7641274333000183
2041	0.6537677645683289
2042	0.6075358986854553
2043	0.3265124261379242
2044	0.42763176560401917
2045	0.5407466888427734
2046	0.4471569061279297
2047	0.36836767196655273
2048	0.683544933795929
2049	0.5341159701347351
2050	0.5620443820953369
2051	0.307456910610199
2052	0.38734689354896545
2053	0.539219856262207
2054	0.6715629696846008
2055	0.46922293305397034
2056	0.6304816007614136
2057	0.5757772326469421
2058	0.4833811819553375
2059	0.4020252823829651
2060	0.6026939749717712
2061	0.4974479675292969
2062	0.5508580207824707
2063	0.3773197829723358
2064	0.3879855275154114
2065	0.38682952523231506
2066	0.44394493103027344
2067	0.36545830965042114
2068	0.29841849207878113
2069	0.3067488372325897
2070	0.6158324480056763
2071	0.41166573762893677
2072	0.5771399736404419
2073	0.46057721972465515
2074	0.5291535258293152
2075	0.20721076428890228
2076	0.5271340608596802
2077	0.42115506529808044
2078	0.36023905873298645
2079	0.3826962113380432
2080	0.4848993718624115
2081	0.5664870142936707
2082	0.42649775743484497
2083	0.1717079132795334
2084	0.1723460704088211
2085	0.17795215547084808
2086	0.15960456430912018
2087	0.03708753362298012
2088	0.01567348651587963
2089	0.01172380056232214
2090	0.020477022975683212
2091	0.049503687769174576
2092	0.06897659599781036
2093	0.06404177099466324
2094	0.13348481059074402
2095	0.010550807230174541
2096	0.00712228799238801
2097	0.0076659792102873325
2098	0.02065078541636467
2099	0.009400692768394947
2100	0.009014876559376717
2101	0.00881901104003191
2102	0.00628451956436038
2103	0.006854416336864233
2104	0.006652058567851782
2105	0.007474245969206095
2106	0.008234511129558086
2107	0.011062735691666603
2108	0.006049607414752245
2109	0.007120329421013594
2110	0.008435520343482494
2111	0.015348458662629128
2112	0.018097465857863426
2113	0.02037511207163334
2114	0.010337402112782001
2115	0.011124950833618641
2116	0.007261739578098059
2117	0.0073224338702857494
2118	0.006770011968910694
2119	0.007628898601979017
2120	0.009611713699996471
2121	0.008673660457134247
2122	0.010621028020977974
2123	0.007487556431442499
2124	0.009108287282288074
2125	0.00808065664023161
2126	0.009324276819825172
2127	0.006771774496883154
2128	0.006863955408334732
2129	0.005710441619157791
2130	0.007683453615754843
2131	0.007817991077899933
2132	0.007164468057453632
2133	0.01059685368090868
2134	0.01476395782083273
2135	0.010280792601406574
2136	0.019861971959471703
2137	0.015532612800598145
2138	0.01947793923318386
2139	0.01737503707408905
2140	0.012554152868688107
2141	0.01160288043320179
2142	0.011546994559466839
2143	0.011296560056507587
2144	0.011779016815125942
2145	0.016385966911911964
2146	0.012814159505069256
2147	0.013937029056251049
2148	0.012559095397591591
2149	0.007617499679327011
2150	0.010514306835830212
2151	0.013442781753838062
2152	0.013579276390373707
2153	0.012328550219535828
2154	0.012765685096383095
2155	0.0160897895693779
2156	0.01107829436659813
2157	0.014703206717967987
2158	0.011202615685760975
2159	0.012323729693889618
2160	0.01415911503136158
2161	0.017384031787514687
2162	0.02278590016067028
2163	0.01608108915388584
2164	0.010689389891922474
2165	0.02719029225409031
2166	0.025072619318962097
2167	0.027533918619155884
2168	0.022388169541954994
2169	0.014990492723882198
2170	0.016744598746299744
2171	0.01849011890590191
2172	0.018019109964370728
2173	0.059842269867658615
2174	0.03238668665289879
2175	0.01605462096631527
2176	0.020690100267529488
2177	0.009767629206180573
2178	0.014159529469907284
2179	0.010652138851583004
2180	0.009869148023426533
2181	0.009264853782951832
2182	0.0099412240087986
2183	0.009659181348979473
2184	0.009075755253434181
2185	0.0070242746733129025
2186	0.009170382283627987
2187	0.006768093444406986
2188	0.007959949783980846
2189	0.009011268615722656
2190	0.00763026112690568
2191	0.009478496387600899
2192	0.010995695367455482
2193	0.011823552660644054
2194	0.011555849574506283
2195	0.015113632194697857
2196	0.014553374610841274
2197	0.00889123696833849
2198	0.007901967503130436
2199	0.007694103755056858
2200	0.050560325384140015
2201	0.011369398795068264
2202	0.009922546334564686
2203	0.010665901936590672
2204	0.011794298887252808
2205	0.010389505885541439
2206	0.013144979253411293
2207	0.012765136547386646
2208	0.013224974274635315
2209	0.009188363328576088
2210	0.011091724969446659
2211	0.00961380172520876
2212	0.013292117975652218
2213	0.011694677174091339
2214	0.02445708028972149
2215	0.027877602726221085
2216	0.02156236581504345
2217	0.015456187538802624
2218	0.015121514908969402
2219	0.03420909866690636
2220	0.03249843791127205
2221	0.03243781253695488
2222	0.038856394588947296
2223	0.03753279522061348
2224	0.036720212548971176
2225	0.04735427349805832
2226	0.018441200256347656
2227	0.10553350299596786
2228	0.0781259685754776
2229	0.015690457075834274
2230	0.014823389239609241
2231	0.08494345098733902
2232	0.07583116739988327
2233	0.054936643689870834
2234	0.16077902913093567
2235	0.07923489063978195
2236	0.023801520466804504
2237	0.017510417848825455
2238	0.03455621749162674
2239	0.04323563724756241
2240	0.10462649911642075
2241	0.022280806675553322
2242	0.1007617861032486
2243	0.03426334261894226
2244	0.15319828689098358
2245	0.08287522941827774
2246	0.10937688499689102
2247	0.06117185577750206
2248	0.08894627541303635
2249	0.06301979720592499
2250	0.1617019921541214
2251	0.06260954588651657
2252	0.24728088080883026
2253	0.1950593888759613
2254	0.14348657429218292
2255	0.14350581169128418
2256	0.20260150730609894
2257	0.2498961240053177
2258	0.12080717086791992
2259	0.23000502586364746
2260	0.21575139462947845
2261	0.11608248203992844
2262	0.13799603283405304
2263	0.06360332667827606
2264	0.14332762360572815
2265	0.13359899818897247
2266	0.1286509782075882
2267	0.11086127907037735
2268	0.21457254886627197
2269	0.24323852360248566
2270	0.12035711109638214
2271	0.048488717526197433
2272	0.13166110217571259
2273	0.15557193756103516
2274	0.18443551659584045
2275	0.15751858055591583
2276	0.14676006138324738
2277	0.1987231820821762
2278	0.10168474167585373
2279	0.11708831787109375
2280	0.10388866811990738
2281	0.08722160011529922
2282	0.032199978828430176
2283	0.015456638298928738
2284	0.06869655102491379
2285	0.10958780348300934
2286	0.07143285125494003
2287	0.04452973231673241
2288	0.05772867798805237
2289	0.02513236366212368
2290	0.020722728222608566
2291	0.027470896020531654
2292	0.010155027732253075
2293	0.009708653204143047
2294	0.00956750474870205
2295	0.017580663785338402
2296	0.01574271358549595
2297	0.011113550513982773
2298	0.013186058960855007
2299	0.0104839401319623
2300	0.009205787442624569
2301	0.010416551493108273
2302	0.012605388648808002
2303	0.011476441286504269
2304	0.014050805941224098
2305	0.010539533570408821
2306	0.013206258416175842
2307	0.011539379134774208
2308	0.012375726364552975
2309	0.012866375036537647
2310	0.016514187678694725
2311	0.03357967361807823
2312	0.020370014011859894
2313	0.02295750379562378
2314	0.016388222575187683
2315	0.015178397297859192
2316	0.04892676696181297
2317	0.03649621829390526
2318	0.03410462290048599
2319	0.03415690362453461
2320	0.04505649209022522
2321	0.04775523021817207
2322	0.04063516482710838
2323	0.017529308795928955
2324	0.016824310645461082
2325	0.014545408077538013
2326	0.01241903007030487
2327	0.011469678953289986
2328	0.011319264769554138
2329	0.008548852987587452
2330	0.013244330883026123
2331	0.012181646190583706
2332	0.006922117900103331
2333	0.007823227904736996
2334	0.008737093769013882
2335	0.012651088647544384
2336	0.011596962809562683
2337	0.011267736554145813
2338	0.01698094792664051
2339	0.010242384858429432
2340	0.006565689574927092
2341	0.010705537162721157
2342	0.008365643210709095
2343	0.0065457685850560665
2344	0.006843273993581533
2345	0.006906447466462851
2346	0.006665338762104511
2347	0.009467651136219501
2348	0.00875888206064701
2349	0.008110483177006245
2350	0.009574145078659058
2351	0.009071809239685535
2352	0.008168562315404415
2353	0.010434015654027462
2354	0.007133569568395615
2355	0.005872165318578482
2356	0.008030957542359829
2357	0.008991704322397709
2358	0.007939542643725872
2359	0.008488968014717102
2360	0.00928580854088068
2361	0.011251471936702728
2362	0.006754714529961348
2363	0.007767002563923597
2364	0.007074225693941116
2365	0.009970799088478088
2366	0.011331265792250633
2367	0.00935327261686325
2368	0.01051512360572815
2369	0.009214288555085659
2370	0.010416808538138866
2371	0.009997725486755371
2372	0.010161570273339748
2373	0.011055096983909607
2374	0.013395833782851696
2375	0.01410107035189867
2376	0.031558312475681305
2377	0.023884816095232964
2378	0.019031966105103493
2379	0.01853007636964321
2380	0.021969977766275406
2381	0.0152451666072011
2382	0.01405324973165989
2383	0.030720790848135948
2384	0.025944218039512634
2385	0.027258625254034996
2386	0.019429773092269897
2387	0.015958845615386963
2388	0.019242972135543823
2389	0.02297140657901764
2390	0.07451150566339493
2391	0.02105923555791378
2392	0.026256734505295753
2393	0.01616724766790867
2394	0.01496290322393179
2395	0.011954698711633682
2396	0.019985107704997063
2397	0.013045965693891048
2398	0.012409242801368237
2399	0.014503153041005135
2400	0.015171992592513561
2401	0.011353807523846626
2402	0.021289056167006493
2403	0.01406123023480177
2404	0.0204139556735754
2405	0.013538840226829052
2406	0.013939579017460346
2407	0.01167608704417944
2408	0.013020211830735207
2409	0.014900594018399715
2410	0.013478400185704231
2411	0.014131753705441952
2412	0.013392748311161995
2413	0.012250295840203762
2414	0.012497326359152794
2415	0.00871224980801344
2416	0.009519385173916817
2417	0.007000606507062912
2418	0.011361176148056984
2419	0.009845524094998837
2420	0.016731081530451775
2421	0.011800354346632957
2422	0.021643012762069702
2423	0.009830377995967865
2424	0.012801012955605984
2425	0.011773047037422657
2426	0.009073100984096527
2427	0.013774815015494823
2428	0.014890572987496853
2429	0.008820176124572754
2430	0.00840594619512558
2431	0.008954605087637901
2432	0.007720859255641699
2433	0.009078067727386951
2434	0.011158371344208717
2435	0.012128542177379131
2436	0.01962946355342865
2437	0.014028704725205898
2438	0.009862090460956097
2439	0.010975480079650879
2440	0.009087292477488518
2441	0.016217662021517754
2442	0.016564689576625824
2443	0.013623370788991451
2444	0.013106542639434338
2445	0.016657507047057152
2446	0.012238669209182262
2447	0.009686755947768688
2448	0.017491554841399193
2449	0.009791402146220207
2450	0.012887924909591675
2451	0.016324138268828392
2452	0.012089909985661507
2453	0.008751177228987217
2454	0.010307311080396175
2455	0.008282491937279701
2456	0.011396403424441814
2457	0.011612629517912865
2458	0.022109223529696465
2459	0.019050387665629387
2460	0.01722639799118042
2461	0.008463435806334019
2462	0.011896742507815361
2463	0.008648223243653774
2464	0.014589500613510609
2465	0.013988754712045193
2466	0.01662427932024002
2467	0.016687540337443352
2468	0.018111038953065872
2469	0.02679510787129402
2470	0.01734531857073307
2471	0.014137881807982922
2472	0.017752496525645256
2473	0.036282945424318314
2474	0.021994581446051598
2475	0.03568027541041374
2476	0.02507762983441353
2477	0.023497819900512695
2478	0.02001149393618107
2479	0.030714159831404686
2480	0.029822831973433495
2481	0.02901672199368477
2482	0.024370664730668068
2483	0.029288792982697487
2484	0.022807976230978966
2485	0.021777449175715446
2486	0.037626173347234726
2487	0.031272150576114655
2488	0.024255843833088875
2489	0.01371428370475769
2490	0.025079160928726196
2491	0.029788924381136894
2492	0.021758347749710083
2493	0.02049589529633522
2494	0.043760668486356735
2495	0.02758941613137722
2496	0.045603733509778976
2497	0.017101969569921494
2498	0.016611337661743164
2499	0.022340821102261543
2500	0.022240987047553062
2501	0.012988812290132046
2502	0.019559619948267937
2503	0.01366337388753891
2504	0.016893109306693077
2505	0.01878654770553112
2506	0.017367620021104813
2507	0.02222062274813652
2508	0.02118965983390808
2509	0.016007281839847565
2510	0.01669018343091011
2511	0.02420247159898281
2512	0.02382182888686657
2513	0.028606338426470757
2514	0.03169811889529228
2515	0.01547327358275652
2516	0.012743457220494747
2517	0.01663210056722164
2518	0.016650021076202393
2519	0.011947507038712502
2520	0.017928078770637512
2521	0.024144010618329048
2522	0.010100099258124828
2523	0.008357062935829163
2524	0.014771620742976665
2525	0.016108503565192223
2526	0.020325837656855583
2527	0.01836869679391384
2528	0.016324933618307114
2529	0.01521429605782032
2530	0.021926263347268105
2531	0.019263314083218575
2532	0.03871135786175728
2533	0.030043942853808403
2534	0.02413039095699787
2535	0.015002061612904072
2536	0.025277748703956604
2537	0.028956104069948196
2538	0.020291076973080635
2539	0.015997333452105522
2540	0.023441581055521965
2541	0.017431234940886497
2542	0.025050461292266846
2543	0.019681792706251144
2544	0.030462101101875305
2545	0.05411701276898384
2546	0.04697176441550255
2547	0.020417246967554092
2548	0.036742694675922394
2549	0.0333593413233757
2550	0.025851238518953323
2551	0.012284116819500923
2552	0.017486542463302612
2553	0.014917179010808468
2554	0.018801113590598106
2555	0.016883762553334236
2556	0.012674319557845592
2557	0.022598017007112503
2558	0.01602642796933651
2559	0.005345401354134083
2560	0.00478789210319519
2561	0.005134305451065302
2562	0.007805636618286371
2563	0.011329874396324158
2564	0.01356555800884962
2565	0.009918722324073315
2566	0.006882858462631702
2567	0.006501646246761084
2568	0.00602881470695138
2569	0.004806987475603819
2570	0.005861976183950901
2571	0.007942057214677334
2572	0.01051892526447773
2573	0.010480426251888275
2574	0.009547138586640358
2575	0.007054461631923914
2576	0.0049894689582288265
2577	0.008762100711464882
2578	0.007877799682319164
2579	0.006016797851771116
2580	0.006669148337095976
2581	0.006449861917644739
2582	0.006099595222622156
2583	0.005673333536833525
2584	0.004730182699859142
2585	0.004351408686488867
2586	0.004729428794234991
2587	0.004928190261125565
2588	0.00392180448397994
2589	0.004494875203818083
2590	0.005688299424946308
2591	0.008421196602284908
2592	0.006530605256557465
2593	0.0074118212796747684
2594	0.00778675964102149
2595	0.0056751868687570095
2596	0.00829369854182005
2597	0.008674690499901772
2598	0.009194488637149334
2599	0.007534681353718042
2600	0.00887235440313816
2601	0.007157304789870977
2602	0.00791066326200962
2603	0.00749500235542655
2604	0.007931343279778957
2605	0.007803089916706085
2606	0.010052955709397793
2607	0.007936673238873482
2608	0.01183333806693554
2609	0.007887003012001514
2610	0.012096457183361053
2611	0.010100485756993294
2612	0.010619365610182285
2613	0.011394149623811245
2614	0.00945135485380888
2615	0.008263184688985348
2616	0.007956269197165966
2617	0.007251572795212269
2618	0.008406193926930428
2619	0.007835998199880123
2620	0.008808252401649952
2621	0.009186629205942154
2622	0.007647483143955469
2623	0.006542350631207228
2624	0.007324898149818182
2625	0.005732427816838026
2626	0.0062049319967627525
2627	0.0075143794529139996
2628	0.007674508728086948
2629	0.007869729772210121
2630	0.007502418011426926
2631	0.00701599707826972
2632	0.006172956898808479
2633	0.0068897041492164135
2634	0.005597944837063551
2635	0.004121256060898304
2636	0.004838812630623579
2637	0.004712514579296112
2638	0.0045651099644601345
2639	0.006048549897968769
2640	0.005874247290194035
2641	0.005263746716082096
2642	0.005526453256607056
2643	0.005696851294487715
2644	0.0069342441856861115
2645	0.0052351090125739574
2646	0.006237709429115057
2647	0.005434618331491947
2648	0.005214354954659939
2649	0.005801744293421507
2650	0.005689004901796579
2651	0.005038979463279247
2652	0.004980497993528843
2653	0.006542777176946402
2654	0.006054251920431852
2655	0.004555114079266787
2656	0.004398229531943798
2657	0.0044897557236254215
2658	0.0037301410920917988
2659	0.004827689379453659
2660	0.0037877827417105436
2661	0.0034433421678841114
2662	0.003942485433071852
2663	0.0035341621842235327
2664	0.0039599002338945866
2665	0.003898771246895194
2666	0.003992708865553141
2667	0.003766717854887247
2668	0.003233983414247632
2669	0.00367653532885015
2670	0.003924152813851833
2671	0.003792195813730359
2672	0.003925070632249117
2673	0.004187039099633694
2674	0.004092509392648935
2675	0.003982591442763805
2676	0.0034965667873620987
2677	0.00365982623770833
2678	0.004110274370759726
2679	0.00424297247081995
2680	0.004493158310651779
2681	0.004128086380660534
2682	0.003754982491955161
2683	0.0034035237040370703
2684	0.004249919671565294
2685	0.004518217407166958
2686	0.005143061745911837
2687	0.005031374748796225
2688	0.00755277881398797
2689	0.006001678295433521
2690	0.006824269890785217
2691	0.007663560099899769
2692	0.006295462138950825
2693	0.007692842278629541
2694	0.008447404019534588
2695	0.01488472055643797
2696	0.014191212132573128
2697	0.022709814831614494
2698	0.08781329542398453
2699	0.06116217374801636
2700	0.07066264003515244
2701	0.03468087688088417
2702	0.04194974526762962
2703	0.04098328575491905
2704	0.04427164047956467
2705	0.07596405595541
2706	0.06806033104658127
2707	0.07854052633047104
2708	0.040702562779188156
2709	0.028858914971351624
2710	0.018738875165581703
2711	0.02110179141163826
2712	0.029863303527235985
2713	0.023823773488402367
2714	0.032343536615371704
2715	0.04725700244307518
2716	0.025975516065955162
2717	0.052375148981809616
2718	0.035871148109436035
2719	0.018854310736060143
2720	0.01993223838508129
2721	0.0257206242531538
2722	0.01859222911298275
2723	0.01862739957869053
2724	0.024527540430426598
2725	0.036620136350393295
2726	0.13199137151241302
2727	0.1581169217824936
2728	0.07256194204092026
2729	0.022320924326777458
2730	0.012728569097816944
2731	0.00838828831911087
2732	0.011162846349179745
2733	0.007211366202682257
2734	0.007599261589348316
2735	0.0072694034315645695
2736	0.007454500533640385
2737	0.006981749087572098
2738	0.007300409954041243
2739	0.010234134271740913
2740	0.013747847639024258
2741	0.0085804658010602
2742	0.011992436833679676
2743	0.0208602175116539
2744	0.13071992993354797
2745	0.20649778842926025
2746	0.04655944183468819
2747	0.011681580916047096
2748	0.010583395138382912
2749	0.009345370344817638
2750	0.009578974917531013
2751	0.00653437152504921
2752	0.010987683199346066
2753	0.00808753352612257
2754	0.00977384950965643
2755	0.007782317698001862
2756	0.007407184224575758
2757	0.0046255625784397125
2758	0.006035949569195509
2759	0.0063501084223389626
2760	0.006970029324293137
2761	0.010188422165811062
2762	0.016689149662852287
2763	0.0134809585288167
2764	0.023003919050097466
2765	0.021692270413041115
2766	0.024287283420562744
2767	0.02125045470893383
2768	0.015149496495723724
2769	0.014126929454505444
2770	0.01234505232423544
2771	0.01158151589334011
2772	0.014946999028325081
2773	0.023164575919508934
2774	0.026736825704574585
2775	0.035787809640169144
2776	0.026865705847740173
2777	0.028519799932837486
2778	0.02253405563533306
2779	0.01738419383764267
2780	0.037439893931150436
2781	0.014062881469726562
2782	0.012282134965062141
2783	0.013259666971862316
2784	0.012551309540867805
2785	0.009410401806235313
2786	0.010259485803544521
2787	0.018509766086935997
2788	0.01970778778195381
2789	0.015758169814944267
2790	0.0195977333933115
2791	0.016092795878648758
2792	0.022417917847633362
2793	0.02503298781812191
2794	0.018431976437568665
2795	0.02236444316804409
2796	0.02180572785437107
2797	0.02091432921588421
2798	0.014539310708642006
2799	0.01515419315546751
2800	0.01980671100318432
2801	0.01209928561002016
2802	0.01085197739303112
2803	0.011515995487570763
2804	0.011712261475622654
2805	0.018851978704333305
2806	0.011166525073349476
2807	0.011032863520085812
2808	0.010151448659598827
2809	0.011755152605473995
2810	0.01659422181546688
2811	0.013297718949615955
2812	0.011707372963428497
2813	0.010297964327037334
2814	0.007902064360678196
2815	0.010092653334140778
2816	0.01292642205953598
2817	0.010145059786736965
2818	0.013929258100688457
2819	0.013588378205895424
2820	0.014055154286324978
2821	0.01735658384859562
2822	0.015918027609586716
2823	0.016848944127559662
2824	0.018650932237505913
2825	0.013249960727989674
2826	0.01736525259912014
2827	0.016340618953108788
2828	0.01181356143206358
2829	0.012904137372970581
2830	0.011264028027653694
2831	0.010895469225943089
2832	0.011079994030296803
2833	0.011999860405921936
2834	0.010409136302769184
2835	0.013640912249684334
2836	0.012114005163311958
2837	0.008455203846096992
2838	0.009791448712348938
2839	0.0146362679079175
2840	0.016337061300873756
2841	0.01492706872522831
2842	0.02582484483718872
2843	0.018076708540320396
2844	0.015186210162937641
2845	0.013221004977822304
2846	0.006086105015128851
2847	0.012864741496741772
2848	0.009424807503819466
2849	0.011540142819285393
2850	0.012910082936286926
2851	0.020051663741469383
2852	0.015581341460347176
2853	0.012857264839112759
2854	0.02585132233798504
2855	0.013652676716446877
2856	0.008740750141441822
2857	0.006426479201763868
2858	0.008676617406308651
2859	0.009165221825242043
2860	0.008524449542164803
2861	0.01010237354785204
2862	0.007026835810393095
2863	0.01840815506875515
2864	0.023495791479945183
2865	0.014000860042870045
2866	0.008505107834935188
2867	0.017039960250258446
2868	0.013851553201675415
2869	0.011346571147441864
2870	0.015579751692712307
2871	0.021313944831490517
2872	0.00987106841057539
2873	0.015522862784564495
2874	0.010649114847183228
2875	0.012860369868576527
2876	0.008945321664214134
2877	0.009904402308166027
2878	0.007912910543382168
2879	0.010811387561261654
2880	0.014564613811671734
2881	0.0081300288438797
2882	0.007199096959084272
2883	0.00803667213767767
2884	0.008795107714831829
2885	0.010079127736389637
2886	0.009967558085918427
2887	0.006781664676964283
2888	0.009946591220796108
2889	0.007429279386997223
2890	0.008160809054970741
2891	0.009772242978215218
2892	0.009121417067945004
2893	0.009984987787902355
2894	0.016040459275245667
2895	0.011276833713054657
2896	0.011477473191916943
2897	0.008785286918282509
2898	0.0072074891068041325
2899	0.007785786874592304
2900	0.008665736764669418
2901	0.01263257022947073
2902	0.013148411177098751
2903	0.014809428714215755
2904	0.018416976556181908
2905	0.024331172928214073
2906	0.026715168729424477
2907	0.02993786707520485
2908	0.03494231030344963
2909	0.024682749062776566
2910	0.02670947276055813
2911	0.02013319917023182
2912	0.026291027665138245
2913	0.023170549422502518
2914	0.018693504855036736
2915	0.020632445812225342
2916	0.023843849077820778
2917	0.018481910228729248
2918	0.009895937517285347
2919	0.013130858540534973
2920	0.02355116419494152
2921	0.023607080802321434
2922	0.03427866846323013
2923	0.021492019295692444
2924	0.023789914324879646
2925	0.013509041629731655
2926	0.026517469435930252
2927	0.016856100410223007
2928	0.016137132421135902
2929	0.018835684284567833
2930	0.015206989832222462
2931	0.01784205250442028
2932	0.01157817430794239
2933	0.011248059570789337
2934	0.010495989583432674
2935	0.008706241846084595
2936	0.00976015068590641
2937	0.011726060882210732
2938	0.014659861102700233
2939	0.017662659287452698
2940	0.02754288725554943
2941	0.07219767570495605
2942	0.054193805903196335
2943	0.024171048775315285
2944	0.03698095679283142
2945	0.03643833100795746
2946	0.031815603375434875
2947	0.04175044223666191
2948	0.03608759865164757
2949	0.044236186891794205
2950	0.02439066953957081
2951	0.023622535169124603
2952	0.04690131917595863
2953	0.02310917340219021
2954	0.03331276401877403
2955	0.03963412344455719
2956	0.04539087042212486
2957	0.055149681866168976
2958	0.07601568847894669
2959	0.07311762869358063
2960	0.04885513335466385
2961	0.02415298856794834
2962	0.057269658893346786
2963	0.026319129392504692
2964	0.029333842918276787
2965	0.02885783091187477
2966	0.021678471937775612
2967	0.025324566289782524
2968	0.016989154741168022
2969	0.015164938755333424
2970	0.025094717741012573
2971	0.024812815710902214
2972	0.015376150608062744
2973	0.008854657411575317
2974	0.010339925065636635
2975	0.009088466875255108
2976	0.011666222475469112
2977	0.01994050294160843
2978	0.02451498992741108
2979	0.024154022336006165
2980	0.0189095139503479
2981	0.021154722198843956
2982	0.009093278087675571
2983	0.006277177482843399
2984	0.010261009447276592
2985	0.013722638599574566
2986	0.008843290619552135
2987	0.010224530473351479
2988	0.007881133817136288
2989	0.008366079069674015
2990	0.014175230637192726
2991	0.011340062133967876
2992	0.011749478057026863
2993	0.017838003113865852
2994	0.01204154547303915
2995	0.009461368434131145
2996	0.00960017740726471
2997	0.007197378668934107
2998	0.00835189688950777
2999	0.008733547292649746
3000	0.014855794608592987
3001	0.010674803517758846
3002	0.00977666862308979
3003	0.010157987475395203
3004	0.008527819998562336
3005	0.011377251707017422
3006	0.014773157425224781
3007	0.020787594839930534
3008	0.00867055356502533
3009	0.011295367032289505
3010	0.015984084457159042
3011	0.01452627032995224
3012	0.013950146734714508
3013	0.026727279648184776
3014	0.018191633746027946
3015	0.012540498748421669
3016	0.008096445351839066
3017	0.0086130416020751
3018	0.010896347463130951
3019	0.011148790828883648
3020	0.010685752145946026
3021	0.010882667265832424
3022	0.009926160797476768
3023	0.009941968135535717
3024	0.008867276832461357
3025	0.009063228033483028
3026	0.010297086089849472
3027	0.011249758303165436
3028	0.010348678566515446
3029	0.010438644327223301
3030	0.009048503823578358
3031	0.008769381791353226
3032	0.013659315183758736
3033	0.012534886598587036
3034	0.013875952921807766
3035	0.02401161752641201
3036	0.017350992187857628
3037	0.017195794731378555
3038	0.015219791792333126
3039	0.013033749535679817
3040	0.010352320037782192
3041	0.009855230338871479
3042	0.013092744164168835
3043	0.013688907027244568
3044	0.017728257924318314
3045	0.027622908353805542
3046	0.017986103892326355
3047	0.024328676983714104
3048	0.01815396547317505
3049	0.014879758469760418
3050	0.01592913828790188
3051	0.012406519614160061
3052	0.01971450075507164
3053	0.01852850429713726
3054	0.013350996188819408
3055	0.02091824822127819
3056	0.019373154267668724
3057	0.01931830495595932
3058	0.016102304682135582
3059	0.02411738410592079
3060	0.02682199887931347
3061	0.02003859169781208
3062	0.016911428421735764
3063	0.02629508450627327
3064	0.026874100789427757
3065	0.02199159935116768
3066	0.01621752791106701
3067	0.013265526853501797
3068	0.021504109725356102
3069	0.01892252266407013
3070	0.021455680951476097
3071	0.01515172142535448
3072	0.01617959700524807
3073	0.020093709230422974
3074	0.014928731136023998
3075	0.015350020490586758
3076	0.013654894195497036
3077	0.016070807352662086
3078	0.020085889846086502
3079	0.011740206740796566
3080	0.0047451201826334
3081	0.010434525087475777
3082	0.01873236708343029
3083	0.015194355510175228
3084	0.01140277273952961
3085	0.00903199054300785
3086	0.017892254516482353
3087	0.01832786574959755
3088	0.009502802975475788
3089	0.01107867807149887
3090	0.00933362077921629
3091	0.013293087482452393
3092	0.012183505110442638
3093	0.015353185124695301
3094	0.011807474307715893
3095	0.010644502937793732
3096	0.012159137986600399
3097	0.016460930928587914
3098	0.022113433107733727
3099	0.009328489191830158
3100	0.011837664060294628
3101	0.007953553460538387
3102	0.005184445530176163
3103	0.007258828263729811
3104	0.003908014390617609
3105	0.004502430558204651
3106	0.00432890048250556
3107	0.005765694659203291
3108	0.007770495023578405
3109	0.004408370237797499
3110	0.006577399559319019
3111	0.006074054166674614
3112	0.0034602575469762087
3113	0.004720666911453009
3114	0.00406362721696496
3115	0.007441857364028692
3116	0.007078519556671381
3117	0.005394486710429192
3118	0.005822522100061178
3119	0.006202589720487595
3120	0.005692032631486654
3121	0.0051742903888225555
3122	0.007158325053751469
3123	0.009358975104987621
3124	0.008494383655488491
3125	0.009808129630982876
3126	0.009474490769207478
3127	0.008180013857781887
3128	0.009690984152257442
3129	0.00952864345163107
3130	0.007938653230667114
3131	0.00908524077385664
3132	0.010291907005012035
3133	0.013342085294425488
3134	0.00796863716095686
3135	0.008251786231994629
3136	0.0077742235735058784
3137	0.008305585011839867
3138	0.009542549960315228
3139	0.011610791087150574
3140	0.009962531737983227
3141	0.009431863203644753
3142	0.013531160540878773
3143	0.010902121663093567
3144	0.01335753034800291
3145	0.012345382012426853
3146	0.011230253614485264
3147	0.00975299533456564
3148	0.009989455342292786
3149	0.0109524792060256
3150	0.010525587014853954
3151	0.010706089437007904
3152	0.014000250957906246
3153	0.01144374068826437
3154	0.011798794381320477
3155	0.013582623563706875
3156	0.014811418950557709
3157	0.009868592023849487
3158	0.008790607564151287
3159	0.009000271558761597
3160	0.008549511432647705
3161	0.007930445484817028
3162	0.010962866246700287
3163	0.010245973244309425
3164	0.008112060837447643
3165	0.00672357389703393
3166	0.0038391202688217163
3167	0.003768476191908121
3168	0.00473004300147295
3169	0.005199214909225702
3170	0.006533042993396521
3171	0.006118142511695623
3172	0.006463568191975355
3173	0.005872861947864294
3174	0.005751763004809618
3175	0.007757009472697973
3176	0.005723827518522739
3177	0.005277153104543686
3178	0.004717089235782623
3179	0.00615549786016345
3180	0.006003221962600946
3181	0.005987463053315878
3182	0.00532988365739584
3183	0.004858766682446003
3184	0.005335479974746704
3185	0.003790494054555893
3186	0.0051575833931565285
3187	0.005125973839312792
3188	0.004615949001163244
3189	0.004263425711542368
3190	0.004674820229411125
3191	0.004405200947076082
3192	0.0035354741849005222
3193	0.004452619235962629
3194	0.003851134330034256
3195	0.003491520183160901
3196	0.004340793006122112
3197	0.0039023798890411854
3198	0.0035766330547630787
3199	0.0038326464127749205
3200	0.0031776290852576494
3201	0.0037839864380657673
3202	0.003675933927297592
3203	0.004204245749861002
3204	0.0032703038305044174
3205	0.003974121063947678
3206	0.004626567009836435
3207	0.004400113131850958
3208	0.0038519904483109713
3209	0.003981845453381538
3210	0.003923279233276844
3211	0.004410107620060444
3212	0.004596817772835493
3213	0.004745967220515013
3214	0.0051094042137265205
3215	0.004755999892950058
3216	0.0046267095021903515
3217	0.004638324957340956
3218	0.004826150834560394
3219	0.0063935439102351665
3220	0.006964789237827063
3221	0.005751192104071379
3222	0.004718267824500799
3223	0.0063752359710633755
3224	0.005830120295286179
3225	0.0057819075882434845
3226	0.006117585580796003
3227	0.005058994982391596
3228	0.0046522836200892925
3229	0.006685005035251379
3230	0.005878368392586708
3231	0.006061166524887085
3232	0.00980290025472641
3233	0.005216849502176046
3234	0.008664972148835659
3235	0.0075605581514537334
3236	0.008727045729756355
3237	0.011740985326468945
3238	0.009266282431781292
3239	0.011598649434745312
3240	0.012721478939056396
3241	0.02895212173461914
3242	0.020415322855114937
3243	0.018657172098755836
3244	0.026802634820342064
3245	0.012773602269589901
3246	0.03168318793177605
3247	0.02047782577574253
3248	0.03413456678390503
3249	0.02489914931356907
3250	0.014120792038738728
3251	0.02048388682305813
3252	0.041861485689878464
3253	0.024387512356042862
3254	0.04525269940495491
3255	0.025892099365592003
3256	0.04975181072950363
3257	0.07800497859716415
3258	0.05940861627459526
3259	0.074723020195961
3260	0.06451510637998581
3261	0.047473520040512085
3262	0.0579022541642189
3263	0.06355233490467072
3264	0.10993516445159912
3265	0.07035288959741592
3266	0.13584774732589722
3267	0.17901568114757538
3268	0.10658668726682663
3269	0.11851227283477783
3270	0.16248726844787598
3271	0.260079026222229
3272	0.14149749279022217
3273	0.22210069000720978
3274	0.2571053206920624
3275	0.16836588084697723
3276	0.22077444195747375
3277	0.24112628400325775
3278	0.21444474160671234
3279	0.11757699400186539
3280	0.12837758660316467
3281	0.10085663944482803
3282	0.06421506404876709
3283	0.07368172705173492
3284	0.15188804268836975
3285	0.07718163728713989
3286	0.21173062920570374
3287	0.14789435267448425
3288	0.17532221972942352
3289	0.15727081894874573
3290	0.2147996872663498
3291	0.13352985680103302
3292	0.10561000555753708
3293	0.10856373608112335
3294	0.19424359500408173
3295	0.17488422989845276
3296	0.21292796730995178
3297	0.12145804613828659
3298	0.14822930097579956
3299	0.1769752949476242
3300	0.3931370973587036
3301	0.3054198622703552
3302	0.48674336075782776
3303	0.3524782657623291
3304	0.4518551826477051
3305	0.4456562101840973
3306	0.47117874026298523
3307	0.54887855052948
3308	0.4911741316318512
3309	0.5470437407493591
3310	0.32814669609069824
3311	0.30408111214637756
3312	0.3941190242767334
3313	0.6403175592422485
3314	0.6497012972831726
3315	0.7693673968315125
3316	0.6945053339004517
3317	0.5833940505981445
3318	0.6395483613014221
3319	0.613930881023407
3320	0.603394627571106
3321	0.3871683180332184
3322	0.3677632212638855
3323	0.16252179443836212
3324	0.1373598873615265
3325	0.25056418776512146
3326	0.15624479949474335
3327	0.2616228759288788
3328	0.251277893781662
3329	0.15305422246456146
3330	0.16024872660636902
3331	0.2874271869659424
3332	0.4978400766849518
3333	0.28742921352386475
3334	0.5401965975761414
3335	0.3696088492870331
3336	0.5788620114326477
3337	0.49545127153396606
3338	0.40512871742248535
3339	0.5703781247138977
3340	0.4007008671760559
3341	0.23636658489704132
3342	0.22142834961414337
3343	0.11141528189182281
3344	0.05908985063433647
3345	0.16731727123260498
3346	0.1013646125793457
3347	0.17021696269512177
3348	0.3341023921966553
3349	0.31483516097068787
3350	0.45318666100502014
3351	0.26005956530570984
3352	0.0646837130188942
3353	0.009883551858365536
3354	0.010045037604868412
3355	0.010376697406172752
3356	0.011119340546429157
3357	0.011361486278474331
3358	0.011886358261108398
3359	0.015688961371779442
3360	0.038523346185684204
3361	0.03801339492201805
3362	0.037861358374357224
3363	0.01527559757232666
3364	0.009783531539142132
3365	0.010561595670878887
3366	0.009569643996655941
3367	0.009807229042053223
3368	0.011187945492565632
3369	0.011876280419528484
3370	0.01230882853269577
3371	0.012662631459534168
3372	0.011675918474793434
3373	0.013932223431766033
3374	0.01192973181605339
3375	0.012548506259918213
3376	0.012349582277238369
3377	0.00907824281603098
3378	0.02596205472946167
3379	0.0687335953116417
3380	0.0815434381365776
3381	0.04447425529360771
3382	0.06291311234235764
3383	0.03974059969186783
3384	0.016299620270729065
3385	0.029018914327025414
3386	0.04265911504626274
3387	0.03190934285521507
3388	0.03600084409117699
3389	0.03399035334587097
3390	0.021077869459986687
3391	0.02220875211060047
3392	0.045468445867300034
3393	0.036449696868658066
3394	0.026434237137436867
3395	0.014766082167625427
3396	0.011218599043786526
3397	0.011942131444811821
3398	0.015948189422488213
3399	0.010771112516522408
3400	0.014870956540107727
3401	0.01830362342298031
3402	0.010980437509715557
3403	0.014719857834279537
3404	0.022972505539655685
3405	0.01813826523721218
3406	0.050414539873600006
3407	0.045565322041511536
3408	0.08699469268321991
3409	0.022572269663214684
3410	0.02303495444357395
3411	0.12517616152763367
3412	0.071499302983284
3413	0.07603605836629868
3414	0.023972779512405396
3415	0.012857693247497082
3416	0.014428774826228619
3417	0.015468130819499493
3418	0.0192421842366457
3419	0.014391717500984669
3420	0.022071687504649162
3421	0.10412783920764923
3422	0.08174359053373337
3423	0.1536261886358261
3424	0.2824873626232147
3425	0.42026159167289734
3426	0.42258891463279724
3427	0.39479658007621765
3428	0.23252497613430023
3429	0.15778253972530365
3430	0.3135069012641907
3431	0.2594165802001953
3432	0.31002578139305115
3433	0.33617255091667175
3434	0.2022591084241867
3435	0.161422461271286
3436	0.2855120897293091
3437	0.38704967498779297
3438	0.4071069657802582
3439	0.2636392116546631
3440	0.20436988770961761
3441	0.3213733732700348
3442	0.23322132229804993
3443	0.23202958703041077
3444	0.2727678120136261
3445	0.15790151059627533
3446	0.2608904242515564
3447	0.1639450639486313
3448	0.2708984613418579
3449	0.11226176470518112
3450	0.20709502696990967
3451	0.15761548280715942
3452	0.2540041208267212
3453	0.2239844799041748
3454	0.4158521294593811
3455	0.364667683839798
3456	0.3743530213832855
3457	0.3741966187953949
3458	0.37115025520324707
3459	0.3630073368549347
3460	0.4155389964580536
3461	0.4839833378791809
3462	0.3011326491832733
3463	0.31556782126426697
3464	0.3846648633480072
3465	0.16322076320648193
3466	0.35075175762176514
3467	0.2901764214038849
3468	0.2037789672613144
3469	0.144968643784523
3470	0.48424050211906433
3471	0.3767716586589813
3472	0.39686501026153564
3473	0.14742660522460938
3474	0.4012055993080139
3475	0.052428461611270905
3476	0.19403313100337982
3477	0.08768919855356216
3478	0.042225431650877
3479	0.03306494280695915
3480	0.03412969037890434
3481	0.061204709112644196
3482	0.023822912946343422
3483	0.08577249199151993
3484	0.05042899772524834
3485	0.07552750408649445
3486	0.15750932693481445
3487	0.1436515897512436
3488	0.23235586285591125
3489	0.15999293327331543
3490	0.1920429915189743
3491	0.16270999610424042
3492	0.1902647614479065
3493	0.07923108339309692
3494	0.10774596035480499
3495	0.1148785874247551
3496	0.06829634308815002
3497	0.0680604875087738
3498	0.12787972390651703
3499	0.08635848015546799
3500	0.09894832223653793
3501	0.03211093693971634
3502	0.01638728380203247
3503	0.025230122730135918
3504	0.012395883910357952
3505	0.01098711509257555
3506	0.018331868574023247
3507	0.013506487011909485
3508	0.012694905512034893
3509	0.010350898839533329
3510	0.011959793046116829
3511	0.016773490235209465
3512	0.026194697245955467
3513	0.060227371752262115
3514	0.14618860185146332
3515	0.222651869058609
3516	0.2423257827758789
3517	0.09897403419017792
3518	0.21211791038513184
3519	0.11686592549085617
3520	0.09549605846405029
3521	0.016161082312464714
3522	0.020580867305397987
3523	0.015267537906765938
3524	0.031437743455171585
3525	0.04216281324625015
3526	0.2501259446144104
3527	0.23448777198791504
3528	0.30228790640830994
3529	0.364503413438797
3530	0.46436330676078796
3531	0.4546499252319336
3532	0.5261713862419128
3533	0.5575527548789978
3534	0.10821755975484848
3535	0.12752316892147064
3536	0.054135121405124664
3537	0.16075603663921356
3538	0.2919984757900238
3539	0.41417017579078674
3540	0.307751327753067
3541	0.20666173100471497
3542	0.12867991626262665
3543	0.26899096369743347
3544	0.15208891034126282
3545	0.0957016572356224
3546	0.1673288196325302
3547	0.22437651455402374
3548	0.24467693269252777
3549	0.34115394949913025
3550	0.369983047246933
3551	0.286416620016098
3552	0.32634028792381287
3553	0.22250588238239288
3554	0.22345829010009766
3555	0.3408729135990143
3556	0.5385193228721619
3557	0.12308161705732346
3558	0.17173372209072113
3559	0.29654428362846375
3560	0.4478302001953125
