frame	prob
0	0.007229016628116369
1	0.007203366607427597
2	0.011262628249824047
3	0.008692910894751549
4	0.014279714785516262
5	0.01377522386610508
6	0.01835688017308712
7	0.01717299595475197
8	0.012197951786220074
9	0.013340853154659271
10	0.01479361206293106
11	0.011266137473285198
12	0.017556479200720787
13	0.023740313947200775
14	0.03220900148153305
15	0.02475757710635662
16	0.032786186784505844
17	0.02255803532898426
18	0.05655265972018242
19	0.07128425687551498
20	0.06557220220565796
21	0.11963174492120743
22	0.09174425899982452
23	0.10126382112503052
24	0.12309300899505615
25	0.21692271530628204
26	0.06741320341825485
27	0.033648859709501266
28	0.030509745702147484
29	0.02410987578332424
30	0.011242716573178768
31	0.011696070432662964
32	0.013002169318497181
33	0.008621769957244396
34	0.009160946123301983
35	0.008872492238879204
36	0.011110502295196056
37	0.010361194610595703
38	0.011915831826627254
39	0.01651596464216709
40	0.014264345169067383
41	0.013302740640938282
42	0.0876556932926178
43	0.07544536888599396
44	0.10676544904708862
45	0.0595431923866272
46	0.14438556134700775
47	0.10787750780582428
48	0.47631531953811646
49	0.39303144812583923
50	0.7087258696556091
51	0.8492810130119324
52	0.9150184988975525
53	0.8356621861457825
54	0.9405466318130493
55	0.90230792760849
56	0.9642489552497864
57	0.9377015233039856
58	0.9457022547721863
59	0.9232596755027771
60	0.9563681483268738
61	0.9376509785652161
62	0.9588178992271423
63	0.9550089836120605
64	0.9335767030715942
65	0.8756954073905945
66	0.9405452609062195
67	0.9343280792236328
68	0.9224628806114197
69	0.8861673474311829
70	0.9394909143447876
71	0.9279603362083435
72	0.9470974206924438
73	0.922278881072998
74	0.9139256477355957
75	0.9645185470581055
76	0.9074546694755554
77	0.89947909116745
78	0.9510475993156433
79	0.8591966032981873
80	0.9625843167304993
81	0.7138578295707703
82	0.7650474905967712
83	0.6681520938873291
84	0.6352584958076477
85	0.6235189437866211
86	0.5669803619384766
87	0.2078055441379547
88	0.306403249502182
89	0.30114075541496277
90	0.6996259093284607
91	0.748944103717804
92	0.7489736676216125
93	0.8710588812828064
94	0.8699527978897095
95	0.9072653651237488
96	0.976064145565033
97	0.9325733184814453
98	0.9560955166816711
99	0.9746219515800476
100	0.9482588768005371
101	0.9655729532241821
102	0.9731816649436951
103	0.9630669951438904
104	0.958731472492218
105	0.9259700179100037
106	0.9578413367271423
107	0.9618200659751892
108	0.9714123010635376
109	0.9551982879638672
110	0.9049974679946899
111	0.9463768005371094
112	0.9432695508003235
113	0.8979572653770447
114	0.8836825489997864
115	0.8655254244804382
116	0.9509022831916809
117	0.33285534381866455
118	0.8138532638549805
119	0.9298465847969055
120	0.9626469016075134
121	0.8528653383255005
122	0.48604103922843933
123	0.7291697859764099
124	0.7070916295051575
125	0.23057790100574493
126	0.3402363359928131
127	0.047773879021406174
128	0.010607234202325344
129	0.00723961740732193
130	0.006633666343986988
131	0.007003170903772116
132	0.007024511694908142
133	0.006237942725419998
134	0.006784041412174702
135	0.007173239719122648
136	0.007811654359102249
137	0.0062044532969594
138	0.009304787032306194
139	0.00824912078678608
140	0.012628123164176941
141	0.08948131650686264
142	0.775307834148407
143	0.8863435983657837
144	0.855809211730957
145	0.8603750467300415
146	0.9187391400337219
147	0.936586320400238
148	0.9679045081138611
149	0.9513506293296814
150	0.9476774334907532
151	0.9457291960716248
152	0.935249924659729
153	0.9512740969657898
154	0.9135950207710266
155	0.9570214152336121
156	0.9651958346366882
157	0.9140663146972656
158	0.9673725366592407
159	0.9373329281806946
160	0.9602195620536804
161	0.9201661944389343
162	0.8983568549156189
163	0.9272423982620239
164	0.8381549119949341
165	0.9012495279312134
166	0.8643814325332642
167	0.8162004351615906
168	0.8157134056091309
169	0.8219702839851379
170	0.7790487408638
171	0.7532793283462524
172	0.8024248480796814
173	0.9032077193260193
174	0.8935672640800476
175	0.8704385161399841
176	0.8708054423332214
177	0.9197058081626892
178	0.9022467732429504
179	0.8716477751731873
180	0.9200692176818848
181	0.9248436093330383
182	0.88483065366745
183	0.9077520370483398
184	0.7917641401290894
185	0.7684322595596313
186	0.8372737169265747
187	0.8751868605613708
188	0.884669303894043
189	0.9069008231163025
190	0.8568577170372009
191	0.7121179699897766
192	0.29920563101768494
193	0.011951236985623837
194	0.00794059969484806
195	0.00798093806952238
196	0.021337134763598442
197	0.823267936706543
198	0.891520619392395
199	0.8878446817398071
200	0.932252824306488
201	0.9051380157470703
202	0.9431923031806946
203	0.5615047812461853
204	0.5872352719306946
205	0.18063656985759735
206	0.560947060585022
207	0.2495547980070114
208	0.047173578292131424
209	0.02364521287381649
210	0.04109929874539375
211	0.25554361939430237
212	0.7201147079467773
213	0.7587531805038452
214	0.9046121835708618
215	0.8942176699638367
216	0.8073036074638367
217	0.9491262435913086
218	0.967458188533783
219	0.9532896280288696
220	0.9213773608207703
221	0.9548080563545227
222	0.7606726884841919
223	0.9011489748954773
224	0.9035784006118774
225	0.8735529184341431
226	0.832510769367218
227	0.9632382392883301
228	0.9682222604751587
229	0.958556592464447
230	0.952438473701477
231	0.9252767562866211
232	0.790910005569458
233	0.5829432010650635
234	0.47751179337501526
235	0.3803651034832001
236	0.05771530792117119
237	0.027720732614398003
238	0.00800249632447958
239	0.007190338801592588
240	0.009420367889106274
241	0.006795484106987715
242	0.008196800015866756
243	0.4032513201236725
244	0.684752881526947
245	0.8050779700279236
246	0.8014753460884094
247	0.7680103778839111
248	0.8283166289329529
249	0.886422336101532
250	0.9601525664329529
251	0.9450233578681946
252	0.9784131050109863
253	0.8828542828559875
254	0.8682754635810852
255	0.8702054023742676
256	0.8673068881034851
257	0.6972233653068542
258	0.7775626182556152
259	0.93956059217453
260	0.9488779306411743
261	0.9575268626213074
262	0.9531731009483337
263	0.9374114871025085
264	0.963839054107666
265	0.9017490744590759
266	0.8769513368606567
267	0.8491747975349426
268	0.8649600148200989
269	0.7940975427627563
270	0.8490400314331055
271	0.8150104880332947
272	0.8904086947441101
273	0.8978710174560547
274	0.7586822509765625
275	0.7999067306518555
276	0.8433675169944763
277	0.8181182742118835
278	0.7846207022666931
279	0.8476902842521667
280	0.6748372912406921
281	0.7733737230300903
282	0.8036083579063416
283	0.7956269979476929
284	0.7955839037895203
285	0.8199260830879211
286	0.8331303596496582
287	0.805676281452179
288	0.8371607065200806
289	0.7768915891647339
290	0.7738670706748962
291	0.8670709729194641
292	0.9248115420341492
293	0.88643878698349
294	0.8947244882583618
295	0.8544899225234985
296	0.7549468874931335
297	0.9302919507026672
298	0.9190621376037598
299	0.8864547610282898
300	0.7476246356964111
301	0.6245071887969971
302	0.4646749198436737
303	0.03079855442047119
304	0.01091470755636692
305	0.023774528875947
306	0.6968091130256653
307	0.6275293231010437
308	0.5324456095695496
309	0.7414867281913757
310	0.8644852042198181
311	0.7723339200019836
312	0.8528189659118652
313	0.7153636813163757
314	0.8578044176101685
315	0.8258550763130188
316	0.8732995986938477
317	0.8946628570556641
318	0.9082614779472351
319	0.9408478140830994
320	0.9422662854194641
321	0.8901718258857727
322	0.824195384979248
323	0.8475797772407532
324	0.5405610203742981
325	0.22202320396900177
326	0.015167216770350933
327	0.00971292331814766
328	0.009935746900737286
329	0.010978370904922485
330	0.011529382318258286
331	0.013487269170582294
332	0.019387170672416687
333	0.10695395618677139
334	0.41088077425956726
335	0.5000237822532654
336	0.7296635508537292
337	0.8099471926689148
338	0.8995170593261719
339	0.8461694121360779
340	0.9063531756401062
341	0.8573247790336609
342	0.9255653619766235
343	0.8575963973999023
344	0.8611384630203247
345	0.7731103301048279
346	0.8604900240898132
347	0.7573299407958984
348	0.8274098634719849
349	0.7907909750938416
350	0.23850367963314056
351	0.9200044870376587
352	0.9786443114280701
353	0.9146769642829895
354	0.8546022772789001
355	0.8996252417564392
356	0.8908851742744446
357	0.8796200752258301
358	0.8937506675720215
359	0.2300061732530594
360	0.8957864046096802
361	0.8684156537055969
362	0.9255207180976868
363	0.8551954627037048
364	0.8498041033744812
365	0.8007559180259705
366	0.7534894347190857
367	0.784808337688446
368	0.623400866985321
369	0.6625899076461792
370	0.7010191082954407
371	0.3578766882419586
372	0.6047341823577881
373	0.804949939250946
374	0.6951630711555481
375	0.7609190344810486
376	0.8356904983520508
377	0.7524169087409973
378	0.8678616881370544
379	0.8995950818061829
380	0.9036542177200317
381	0.8500080108642578
382	0.875344455242157
383	0.8150658011436462
384	0.8756279945373535
385	0.9099939465522766
386	0.8830049633979797
387	0.9307152628898621
388	0.8963353037834167
389	0.820374608039856
390	0.8928734064102173
391	0.9196087121963501
392	0.9341737627983093
393	0.914851188659668
394	0.9150238037109375
395	0.9041777849197388
396	0.9418041110038757
397	0.9296598434448242
398	0.906702995300293
399	0.8550521731376648
400	0.7345764636993408
401	0.8100530505180359
402	0.8018660545349121
403	0.6558730006217957
404	0.8300969004631042
405	0.8140945434570312
406	0.926109790802002
407	0.8903099298477173
408	0.884520947933197
409	0.7575485110282898
410	0.801434338092804
411	0.7715264558792114
412	0.6253248453140259
413	0.7244653105735779
414	0.8376232385635376
415	0.9058677554130554
416	0.9252090454101562
417	0.7857065200805664
418	0.953708827495575
419	0.9324764609336853
420	0.8834295272827148
421	0.8726634979248047
422	0.8483684659004211
423	0.8771103024482727
424	0.9182440638542175
425	0.7249129414558411
426	0.8503233790397644
427	0.8120731711387634
428	0.837574303150177
429	0.8565886616706848
430	0.9307777285575867
431	0.4786989390850067
432	0.20768415927886963
433	0.7267119288444519
434	0.6149590611457825
435	0.42491236329078674
436	0.09031590074300766
437	0.7277396321296692
438	0.8500858545303345
439	0.5381381511688232
440	0.8159294128417969
441	0.664722740650177
442	0.6202331185340881
443	0.4730052947998047
444	0.038622092455625534
445	0.017723124474287033
446	0.009333944879472256
447	0.010305224917829037
448	0.009937566705048084
449	0.0074761915020644665
450	0.009970585815608501
451	0.010063734836876392
452	0.01595224253833294
453	0.02556733600795269
454	0.08497705310583115
455	0.29752835631370544
456	0.5114092230796814
457	0.4491550028324127
458	0.6661171317100525
459	0.7202602028846741
460	0.5645812153816223
461	0.43082618713378906
462	0.04218652844429016
463	0.009559636004269123
464	0.010683282278478146
465	0.013859954662621021
466	0.012381605803966522
467	0.011635775677859783
468	0.010614929720759392
469	0.011426679790019989
470	0.011579155921936035
471	0.03924993425607681
472	0.026304081082344055
473	0.05505799874663353
474	0.12229640781879425
475	0.5295632481575012
476	0.41633281111717224
477	0.2939244210720062
478	0.1418057531118393
479	0.06744546443223953
480	0.029795242473483086
481	0.023962216451764107
482	0.034405797719955444
483	0.03988042101264
484	0.04810379073023796
485	0.056516338139772415
486	0.026803016662597656
487	0.06907560676336288
488	0.058073993772268295
489	0.15604901313781738
490	0.10675404220819473
491	0.14766919612884521
492	0.33991655707359314
493	0.35644230246543884
494	0.2070121318101883
495	0.28200364112854004
496	0.027211446315050125
497	0.013095800764858723
498	0.020211195573210716
499	0.17005683481693268
500	0.47971677780151367
501	0.7767242789268494
502	0.8584456443786621
503	0.8584100604057312
504	0.7015425562858582
505	0.4990057647228241
506	0.510286271572113
507	0.663829505443573
508	0.757307231426239
509	0.8006515502929688
510	0.6060575246810913
511	0.5083341598510742
512	0.22833780944347382
513	0.009265439584851265
514	0.008881739340722561
515	0.010080511681735516
516	0.009428923018276691
517	0.010835988447070122
518	0.009947582148015499
519	0.010852026753127575
520	0.008784711360931396
521	0.0098503977060318
522	0.008398788049817085
523	0.008945894427597523
524	0.30169716477394104
525	0.6521875262260437
526	0.7329748272895813
527	0.300999253988266
528	0.16663646697998047
529	0.28565484285354614
530	0.1953694373369217
531	0.2806065082550049
532	0.4597102105617523
533	0.5393723845481873
534	0.5464119911193848
535	0.7364212870597839
536	0.7101879715919495
537	0.6415116190910339
538	0.7614936828613281
539	0.592669665813446
540	0.5826250910758972
541	0.6709069609642029
542	0.1319824457168579
543	0.5290268063545227
544	0.732568085193634
545	0.5504971146583557
546	0.4961298108100891
547	0.5148602724075317
548	0.4706335961818695
549	0.06486279517412186
550	0.39732882380485535
551	0.5503371357917786
552	0.6934840083122253
553	0.6758886575698853
554	0.2518666982650757
555	0.5295934081077576
556	0.5982460975646973
557	0.6206467747688293
558	0.024524061009287834
559	0.009868399240076542
560	0.009847144596278667
561	0.008790931664407253
562	0.01042228564620018
563	0.008432085625827312
564	0.01249459758400917
565	0.011027920059859753
566	0.014916861429810524
567	0.026605159044265747
568	0.014019891619682312
569	0.013927078805863857
570	0.014235809445381165
571	0.012735286727547646
572	0.026145828887820244
573	0.020680835470557213
574	0.022564781829714775
575	0.021266384050250053
576	0.035548318177461624
577	0.01715792529284954
578	0.06056832894682884
579	0.18967387080192566
580	0.09203687310218811
581	0.05503353103995323
582	0.2913830578327179
583	0.2981588542461395
584	0.13645686209201813
585	0.16667674481868744
586	0.13170945644378662
587	0.306792676448822
588	0.08161032944917679
589	0.22966352105140686
590	0.22720804810523987
591	0.36730101704597473
592	0.3830122649669647
593	0.3709844946861267
594	0.47624334692955017
595	0.5029842853546143
596	0.4953073561191559
597	0.5256755352020264
598	0.5682826042175293
599	0.7051157355308533
600	0.8025087714195251
601	0.8570060729980469
602	0.7852175235748291
603	0.9012474417686462
604	0.8823301196098328
605	0.8429682850837708
606	0.8896810412406921
607	0.8749389052391052
608	0.8603443503379822
609	0.7370442748069763
610	0.9327155947685242
611	0.7726330161094666
612	0.9368162155151367
613	0.9646148085594177
614	0.9621950387954712
615	0.9731418490409851
616	0.9236604571342468
617	0.9530450105667114
618	0.9313562512397766
619	0.940661609172821
620	0.939748227596283
621	0.9149124026298523
622	0.7114607691764832
623	0.9045903086662292
624	0.8155643343925476
625	0.8808582425117493
626	0.9107929468154907
627	0.9087913632392883
628	0.9360572099685669
629	0.9121581315994263
630	0.8445994257926941
631	0.8937196731567383
632	0.8630762100219727
633	0.8854740262031555
634	0.9205998778343201
635	0.8640448451042175
636	0.9166038632392883
637	0.8760682344436646
638	0.8778176307678223
639	0.8716470003128052
640	0.9346294403076172
641	0.7882179021835327
642	0.8855959177017212
643	0.9211937189102173
644	0.9272930026054382
645	0.8888614773750305
646	0.899761974811554
647	0.778688907623291
648	0.8136562705039978
649	0.8731890916824341
650	0.9186844229698181
651	0.9174993634223938
652	0.8651739358901978
653	0.7800806760787964
654	0.7241299748420715
655	0.8337303400039673
656	0.8584203124046326
657	0.6619930267333984
658	0.5028389096260071
659	0.5365921854972839
660	0.5159907341003418
661	0.404283344745636
662	0.1303168386220932
663	0.34419378638267517
664	0.8190160989761353
665	0.7955886721611023
666	0.8945732116699219
667	0.8679868578910828
668	0.9536488652229309
669	0.9467810988426208
670	0.9593971371650696
671	0.9463947415351868
672	0.972148597240448
673	0.8534889221191406
674	0.9127168655395508
675	0.9204856753349304
676	0.8107877969741821
677	0.7655292749404907
678	0.11072293668985367
679	0.6363692283630371
680	0.8414419293403625
681	0.733684778213501
682	0.17697115242481232
683	0.8077351450920105
684	0.8217993974685669
685	0.8760902285575867
686	0.8875184059143066
687	0.9255573153495789
688	0.09395425766706467
689	0.020533611997961998
690	0.013325313106179237
691	0.010680489242076874
692	0.012392898090183735
693	0.01160672027617693
694	0.014167675748467445
695	0.012858686037361622
696	0.014639222994446754
697	0.013766731135547161
698	0.012348981574177742
699	0.013312825933098793
700	0.010566683486104012
701	0.01295010931789875
702	0.013270817697048187
703	0.013799237087368965
704	0.023456746712327003
705	0.0567765049636364
706	0.04531245678663254
707	0.35214272141456604
708	0.8185715675354004
709	0.9406707882881165
710	0.9858373999595642
711	0.9901924133300781
712	0.9833802580833435
713	0.9664173126220703
714	0.9752858281135559
715	0.9675031900405884
716	0.958928108215332
717	0.9632781147956848
718	0.9881739020347595
719	0.9920278787612915
720	0.9906579256057739
721	0.9845464825630188
722	0.9864383935928345
723	0.9802846908569336
724	0.963943600654602
725	0.978851318359375
726	0.9508671164512634
727	0.9655248522758484
728	0.9183462262153625
729	0.9454919099807739
730	0.9132503867149353
731	0.9266037940979004
732	0.9540194869041443
733	0.9633812308311462
734	0.9705619215965271
735	0.9488279223442078
736	0.9511123895645142
737	0.9569376111030579
738	0.9050391316413879
739	0.9546413421630859
740	0.9749714732170105
741	0.9747108817100525
742	0.9506542086601257
743	0.9769708514213562
744	0.979038655757904
745	0.9729366302490234
746	0.9886666536331177
747	0.9467762112617493
748	0.9624918103218079
749	0.8987793922424316
750	0.9518100023269653
751	0.9235170483589172
752	0.8620547652244568
753	0.8504959940910339
754	0.5366959571838379
755	0.41140684485435486
756	0.5430840253829956
757	0.49561434984207153
758	0.6098816990852356
759	0.3656645715236664
760	0.5200923681259155
761	0.593558132648468
762	0.5717095136642456
763	0.7092677354812622
764	0.40826770663261414
765	0.7236709594726562
766	0.6816962361335754
767	0.5250493884086609
768	0.6087918281555176
769	0.44086676836013794
770	0.35300108790397644
771	0.059525083750486374
772	0.12736010551452637
773	0.06841976195573807
774	0.14023929834365845
775	0.02498263120651245
776	0.011108003556728363
777	0.019131051376461983
778	0.022139117121696472
779	0.011661573313176632
780	0.010039103217422962
781	0.010991555638611317
782	0.009688042104244232
783	0.015132534317672253
784	0.013486339710652828
785	0.01193971186876297
786	0.01798936538398266
787	0.057458389550447464
788	0.46579471230506897
789	0.34387990832328796
790	0.3714284300804138
791	0.7754312753677368
792	0.773344099521637
793	0.7204363346099854
794	0.7228739857673645
795	0.8786988258361816
796	0.8716388940811157
797	0.8653055429458618
798	0.8918644785881042
799	0.8732753992080688
800	0.9244968295097351
801	0.87836092710495
802	0.9501864314079285
803	0.9734552502632141
804	0.965737521648407
805	0.9077138304710388
806	0.9013550877571106
807	0.9520484805107117
808	0.9455974698066711
809	0.9458473324775696
810	0.9314676523208618
811	0.7367030382156372
812	0.8519075512886047
813	0.8814620971679688
814	0.8601827621459961
815	0.8679911494255066
816	0.7577962279319763
817	0.7949700951576233
818	0.6944404244422913
819	0.7961069941520691
820	0.7901415228843689
821	0.6386601328849792
822	0.6591817736625671
823	0.5395594239234924
824	0.6053621172904968
825	0.5910112261772156
826	0.7612935900688171
827	0.6925280690193176
828	0.6916213035583496
829	0.5646769404411316
830	0.5838961005210876
831	0.6644984483718872
832	0.7118141055107117
833	0.7559036612510681
834	0.6593670845031738
835	0.6764745116233826
836	0.6059709787368774
837	0.5204294919967651
838	0.6193732619285583
839	0.557145893573761
840	0.5752332806587219
841	0.634564995765686
842	0.6618615388870239
843	0.4492607116699219
844	0.6536168456077576
845	0.6041552424430847
846	0.5514056086540222
847	0.6806111335754395
848	0.42080193758010864
849	0.02392585389316082
850	0.00959413405507803
851	0.006724663078784943
852	0.006457142531871796
853	0.005067485850304365
854	0.00462596258148551
855	0.004487113561481237
856	0.004626735113561153
857	0.005061218049377203
858	0.0030459705740213394
859	0.00484419846907258
860	0.0037847550120204687
861	0.004123970400542021
862	0.005541504826396704
863	0.0057436744682490826
864	0.006680504884570837
865	0.004188854247331619
866	0.003963434137403965
867	0.0035661631263792515
868	0.00499480776488781
869	0.004479604307562113
870	0.004956779070198536
871	0.005166120361536741
872	0.004575295839458704
873	0.006332728546112776
874	0.00454500550404191
875	0.005734709557145834
876	0.004924307577311993
877	0.004062443971633911
878	0.003856098046526313
879	0.0036519167479127645
880	0.0034432802349328995
881	0.0037488893140107393
882	0.004196369554847479
883	0.0032460372895002365
884	0.003991023637354374
885	0.0035827599931508303
886	0.0036785826086997986
887	0.004331542644649744
888	0.003921309486031532
889	0.0034439507871866226
890	0.004403557628393173
891	0.00487882737070322
892	0.004392324481159449
893	0.004675965756177902
894	0.004323257133364677
895	0.0043953764252364635
896	0.004252235870808363
897	0.004842932801693678
898	0.00523556349799037
899	0.0041643292643129826
900	0.004195671062916517
901	0.0036784925032407045
902	0.004218840505927801
903	0.004362186882644892
904	0.004142154008150101
905	0.003668941557407379
906	0.004543192218989134
907	0.0036971212830394506
908	0.003938520792871714
909	0.0048660957254469395
910	0.00645022839307785
911	0.007411974016577005
912	0.006677872035652399
913	0.007083310279995203
914	0.007247264962643385
915	0.0072983368299901485
916	0.006125313695520163
917	0.006769417319446802
918	0.005504360888153315
919	0.005569157190620899
920	0.0034983574878424406
921	0.0036435858346521854
922	0.003571863053366542
923	0.004210283048450947
924	0.004905240144580603
925	0.004813238512724638
926	0.0052994536235928535
927	0.0045988536439836025
928	0.004370867740362883
929	0.0036654092837125063
930	0.003749692114070058
931	0.0037539794575423002
932	0.004721162375062704
933	0.004624396562576294
934	0.005093489773571491
935	0.005497673526406288
936	0.0069173770025372505
937	0.007404332049190998
938	0.00716400146484375
939	0.0069157457910478115
940	0.006182008422911167
941	0.0068594724871218204
942	0.0069723050110042095
943	0.00657346798107028
944	0.005154057871550322
945	0.0047951810993254185
946	0.005244397558271885
947	0.006136882584542036
948	0.0066450657323002815
949	0.00910052191466093
950	0.008602006360888481
951	0.011031601577997208
952	0.010877672582864761
953	0.008758154697716236
954	0.014080054126679897
955	0.010678407736122608
956	0.0070862905122339725
957	0.009074758738279343
958	0.009079093113541603
959	0.009510556235909462
960	0.011988308280706406
961	0.009691892191767693
962	0.0106817577034235
963	0.013128063641488552
964	0.010229007340967655
965	0.012817779555916786
966	0.010262970812618732
967	0.015412488952279091
968	0.013694229535758495
969	0.011711698956787586
970	0.0076757208444178104
971	0.007451414596289396
972	0.006665510591119528
973	0.0062490422278642654
974	0.0071469987742602825
975	0.006388652604073286
976	0.01084622461348772
977	0.007665235549211502
978	0.008539789356291294
979	0.009883052669465542
980	0.008100626058876514
981	0.009914405643939972
982	0.009127352386713028
983	0.0068963863886892796
984	0.015941008925437927
985	0.008867057971656322
986	0.015626711770892143
987	0.01905219815671444
988	0.06647168844938278
989	0.03732387349009514
990	0.06964350491762161
991	0.021743817254900932
992	0.07364417612552643
993	0.026334596797823906
994	0.05578232929110527
995	0.020403331145644188
996	0.043824873864650726
997	0.045200422406196594
998	0.11344144493341446
999	0.05254567787051201
1000	0.07465601712465286
1001	0.02301967889070511
1002	0.0776849016547203
1003	0.08596261590719223
1004	0.03180859982967377
1005	0.009792997501790524
1006	0.008018446154892445
1007	0.015024310909211636
1008	0.03116297535598278
1009	0.018566904589533806
1010	0.02230951562523842
1011	0.021277425810694695
1012	0.016575103625655174
1013	0.007195889949798584
1014	0.010441504418849945
1015	0.02403300069272518
1016	0.031015828251838684
1017	0.012163163162767887
1018	0.011805646121501923
1019	0.011668632738292217
1020	0.011075282469391823
1021	0.009695659391582012
1022	0.01121587585657835
1023	0.009212600998580456
1024	0.015453520230948925
1025	0.014975734055042267
1026	0.017379367724061012
1027	0.014475710690021515
1028	0.011447729542851448
1029	0.011551656760275364
1030	0.00642533740028739
1031	0.0076408968307077885
1032	0.012615409679710865
1033	0.00889512151479721
1034	0.01585276983678341
1035	0.013279624283313751
1036	0.012778699398040771
1037	0.01365834753960371
1038	0.014658736996352673
1039	0.016505291685461998
1040	0.02114265039563179
1041	0.013619932346045971
1042	0.022248849272727966
1043	0.04978974908590317
1044	0.019794857129454613
1045	0.02635401487350464
1046	0.02665622904896736
1047	0.05648503825068474
1048	0.02844751439988613
1049	0.028659379109740257
1050	0.04172683134675026
1051	0.03274180367588997
1052	0.061961185187101364
1053	0.031803011894226074
1054	0.130171999335289
1055	0.028203202411532402
1056	0.01924237050116062
1057	0.009406632743775845
1058	0.007952329702675343
1059	0.007740311324596405
1060	0.007650848478078842
1061	0.009156475774943829
1062	0.009245012886822224
1063	0.00784868560731411
1064	0.01829027198255062
1065	0.009609408676624298
1066	0.010698423720896244
1067	0.007529348134994507
1068	0.008840267546474934
1069	0.01025600265711546
1070	0.010506350547075272
1071	0.00890271831303835
1072	0.016000814735889435
1073	0.015550008974969387
1074	0.011988765560090542
1075	0.014765560626983643
1076	0.014985471963882446
1077	0.017101168632507324
1078	0.021996336057782173
1079	0.020575255155563354
1080	0.020995957776904106
1081	0.01649674028158188
1082	0.023611601442098618
1083	0.028315497562289238
1084	0.013910721056163311
1085	0.030233224853873253
1086	0.024192269891500473
1087	0.014742023311555386
1088	0.015632346272468567
1089	0.013553357683122158
1090	0.01505953073501587
1091	0.008675149641931057
1092	0.011076245456933975
1093	0.010739929974079132
1094	0.010651110671460629
1095	0.010916355066001415
1096	0.012429311871528625
1097	0.013471863232553005
1098	0.008795847184956074
1099	0.01112321950495243
1100	0.009422443807125092
1101	0.006870596203953028
1102	0.005953419487923384
1103	0.005573723465204239
1104	0.007044264115393162
1105	0.00618661567568779
1106	0.005850836634635925
1107	0.00791845005005598
1108	0.00659965118393302
1109	0.006096303462982178
1110	0.006342852953821421
1111	0.007297643925994635
1112	0.007327778730541468
1113	0.007074431516230106
1114	0.007210469339042902
1115	0.006481293588876724
1116	0.005636241752654314
1117	0.005579258780926466
1118	0.006293793208897114
1119	0.006233919411897659
1120	0.006670267786830664
1121	0.007394598331302404
1122	0.007779283914715052
1123	0.006694604642689228
1124	0.00920282956212759
1125	0.009397082962095737
1126	0.006036160048097372
1127	0.006039017345756292
1128	0.005970473866909742
1129	0.0072052739560604095
1130	0.007838444784283638
1131	0.00614707637578249
1132	0.006728361826390028
1133	0.007857154123485088
1134	0.007402155082672834
1135	0.0069455476477742195
1136	0.0067582326009869576
1137	0.005909127648919821
1138	0.005872016306966543
1139	0.007539327722042799
1140	0.007206473033875227
1141	0.008543423376977444
1142	0.006386622320860624
1143	0.006994627416133881
1144	0.006049660500138998
1145	0.0047884187661111355
1146	0.0051890588365495205
1147	0.0047395857982337475
1148	0.005026965867727995
1149	0.004329636227339506
1150	0.0037871466483920813
1151	0.003912874963134527
1152	0.004029595293104649
1153	0.0036072065122425556
1154	0.0037000563461333513
1155	0.0036662176717072725
1156	0.00361213693395257
1157	0.00418731477111578
1158	0.004340616054832935
1159	0.004261205438524485
1160	0.003993439953774214
1161	0.004315956030040979
1162	0.004764843266457319
1163	0.004680114332586527
1164	0.005589006468653679
1165	0.005472430028021336
1166	0.005110711790621281
1167	0.004478173796087503
1168	0.005402572453022003
1169	0.005379484500735998
1170	0.006700259633362293
1171	0.007038149982690811
1172	0.007894757203757763
1173	0.00670861778780818
1174	0.006071996875107288
1175	0.008577208034694195
1176	0.008531270548701286
1177	0.008458763360977173
1178	0.008047846145927906
1179	0.00906235259026289
1180	0.007719655521214008
1181	0.006026987452059984
1182	0.0054061077535152435
1183	0.005537013988941908
1184	0.007856420241296291
1185	0.0075094448402523994
1186	0.007499529514461756
1187	0.007471609394997358
1188	0.007600966840982437
1189	0.015456519089639187
1190	0.03540932014584541
1191	0.3870265483856201
1192	0.5461363196372986
1193	0.6172500848770142
1194	0.7219399809837341
1195	0.8085711598396301
1196	0.8180825114250183
1197	0.8997190594673157
1198	0.9160252809524536
1199	0.8334696888923645
1200	0.9527925848960876
1201	0.8528990149497986
1202	0.7429690361022949
1203	0.7647210955619812
1204	0.7822116017341614
1205	0.6326157450675964
1206	0.777012825012207
1207	0.8182247281074524
1208	0.7610222697257996
1209	0.8016788363456726
1210	0.7825354933738708
1211	0.832334041595459
1212	0.8276951909065247
1213	0.8626003265380859
1214	0.7964320778846741
1215	0.6833955645561218
1216	0.5844361186027527
1217	0.532145619392395
1218	0.6541591882705688
1219	0.6283001899719238
1220	0.7275788187980652
1221	0.7429245114326477
1222	0.792300820350647
1223	0.805279552936554
1224	0.7957801222801208
1225	0.7802311182022095
1226	0.7679969668388367
1227	0.7022661566734314
1228	0.7293456196784973
1229	0.804179310798645
1230	0.8322176337242126
1231	0.8595923781394958
1232	0.8373824954032898
1233	0.7387049794197083
1234	0.7584078907966614
1235	0.869727611541748
1236	0.8435792922973633
1237	0.7533674240112305
1238	0.7212054133415222
1239	0.5790247321128845
1240	0.40120622515678406
1241	0.32953399419784546
1242	0.4178655743598938
1243	0.4399898648262024
1244	0.4948706328868866
1245	0.5063549280166626
1246	0.39626431465148926
1247	0.5236076712608337
1248	0.6433385610580444
1249	0.5383822321891785
1250	0.7873167395591736
1251	0.7929247617721558
1252	0.7886835336685181
1253	0.8524021506309509
1254	0.8201169967651367
1255	0.8526191711425781
1256	0.7001544833183289
1257	0.8160011172294617
1258	0.9200485348701477
1259	0.9242021441459656
1260	0.9025934338569641
1261	0.9025602340698242
1262	0.906037449836731
1263	0.9054069519042969
1264	0.8965591788291931
1265	0.8379369974136353
1266	0.8871820569038391
1267	0.9034115076065063
1268	0.8375963568687439
1269	0.8419256210327148
1270	0.8349127769470215
1271	0.8163795471191406
1272	0.8855426907539368
1273	0.8868989944458008
1274	0.8684232831001282
1275	0.7154316902160645
1276	0.519819438457489
1277	0.47302037477493286
1278	0.24146810173988342
1279	0.08819972723722458
1280	0.18459299206733704
1281	0.22574260830879211
1282	0.1757795363664627
1283	0.15203340351581573
1284	0.268921822309494
1285	0.30681416392326355
1286	0.33784040808677673
1287	0.6385215520858765
1288	0.651237964630127
1289	0.4546639621257782
1290	0.5706962943077087
1291	0.7449299097061157
1292	0.866436779499054
1293	0.8918411135673523
1294	0.670954167842865
1295	0.33749306201934814
1296	0.2215539515018463
1297	0.21341510117053986
1298	0.12830965220928192
1299	0.05886418744921684
1300	0.03540778160095215
1301	0.015195622108876705
1302	0.017252665013074875
1303	0.015086397528648376
1304	0.013401209376752377
1305	0.021636072546243668
1306	0.013614821247756481
1307	0.011766915209591389
1308	0.016476597636938095
1309	0.02991621196269989
1310	0.05007685348391533
1311	0.0540410578250885
1312	0.056162189692258835
1313	0.02206474356353283
1314	0.012194829992949963
1315	0.010614240542054176
1316	0.008392475545406342
1317	0.009507894515991211
1318	0.006851378828287125
1319	0.010847830213606358
1320	0.009090418927371502
1321	0.00901037361472845
1322	0.008026784285902977
1323	0.00880158506333828
1324	0.00714516406878829
1325	0.004655927885323763
1326	0.005625670310109854
1327	0.006242158357053995
1328	0.007341486867517233
1329	0.008220943622291088
1330	0.007518002297729254
1331	0.006653529591858387
1332	0.005689099431037903
1333	0.005623883567750454
1334	0.005674466490745544
1335	0.006224944721907377
1336	0.0059797209687530994
1337	0.006513539236038923
1338	0.004807607736438513
1339	0.005381705705076456
1340	0.004921590443700552
1341	0.00524932611733675
1342	0.004898535553365946
1343	0.00514720706269145
1344	0.005200568120926619
1345	0.004301560111343861
1346	0.0053041125647723675
1347	0.0041753980331122875
1348	0.0037295916117727757
1349	0.004657244775444269
1350	0.004983538296073675
1351	0.0043356167152523994
1352	0.003279381664469838
1353	0.0037764650769531727
1354	0.003293632762506604
1355	0.0038907357957214117
1356	0.004596018698066473
1357	0.004554554354399443
1358	0.00417914567515254
1359	0.0046157860197126865
1360	0.004264075309038162
1361	0.004160537850111723
1362	0.004628207068890333
1363	0.005974872503429651
1364	0.005800833459943533
1365	0.004434795118868351
1366	0.005422652233392
1367	0.005150605924427509
1368	0.00754596758633852
1369	0.004710280802100897
1370	0.007858958095312119
1371	0.008118360303342342
1372	0.008188888430595398
1373	0.009607088752090931
1374	0.007794628385454416
1375	0.011295619420707226
1376	0.0165573637932539
1377	0.008484977297484875
1378	0.008970865979790688
1379	0.012995043769478798
1380	0.023829981684684753
1381	0.019911382347345352
1382	0.027650346979498863
1383	0.01959938555955887
1384	0.01953192800283432
1385	0.025529295206069946
1386	0.03205623850226402
1387	0.05396062880754471
1388	0.1114102378487587
1389	0.1835664063692093
1390	0.12589211761951447
1391	0.21031716465950012
1392	0.2908807396888733
1393	0.4094913601875305
1394	0.717380702495575
1395	0.8252541422843933
1396	0.847798764705658
1397	0.8798155188560486
1398	0.7901076674461365
1399	0.5492214560508728
1400	0.4583519399166107
1401	0.6198581457138062
1402	0.5724601149559021
1403	0.7573449015617371
1404	0.7786669731140137
1405	0.7506092190742493
1406	0.7281216979026794
1407	0.6805455088615417
1408	0.7220451235771179
1409	0.6802734732627869
1410	0.7508664131164551
1411	0.673858106136322
1412	0.8287478685379028
1413	0.8645349740982056
1414	0.9507085680961609
1415	0.7381803393363953
1416	0.7611264586448669
1417	0.781237006187439
1418	0.6119309663772583
1419	0.4941383898258209
1420	0.6174704432487488
1421	0.4608444273471832
1422	0.6131203174591064
1423	0.7303434610366821
1424	0.8228760957717896
1425	0.9342078566551208
1426	0.8779199719429016
1427	0.8869217038154602
1428	0.9383968710899353
1429	0.9231514930725098
1430	0.9297434091567993
1431	0.9273204207420349
1432	0.9003283381462097
1433	0.8180555701255798
1434	0.678186297416687
1435	0.015208134427666664
1436	0.008662833832204342
1437	0.008628715761005878
1438	0.012648838572204113
1439	0.01133785117417574
1440	0.009986734949052334
1441	0.008949785493314266
1442	0.009563609026372433
1443	0.009949149563908577
1444	0.587695837020874
1445	0.7787970900535583
1446	0.895302951335907
1447	0.917161762714386
1448	0.9286381006240845
1449	0.8712393641471863
1450	0.6092977523803711
1451	0.5990793108940125
1452	0.8875830769538879
1453	0.8294340372085571
1454	0.9315754175186157
1455	0.7536810040473938
1456	0.46384096145629883
1457	0.01881316863000393
1458	0.00923215877264738
1459	0.008698265068233013
1460	0.009583592414855957
1461	0.021708130836486816
1462	0.06456074863672256
1463	0.5580068826675415
1464	0.6759482622146606
1465	0.8155698776245117
1466	0.922088086605072
1467	0.9468313455581665
1468	0.9616247415542603
1469	0.9437432289123535
1470	0.9480894207954407
1471	0.9550237655639648
1472	0.9791707396507263
1473	0.9451465010643005
1474	0.9510774612426758
1475	0.9561029672622681
1476	0.963797390460968
1477	0.9487680792808533
1478	0.9241257905960083
1479	0.9265779852867126
1480	0.9311493039131165
1481	0.8647568821907043
1482	0.8301683664321899
1483	0.6994850039482117
1484	0.7543849349021912
1485	0.6009792685508728
1486	0.5914356112480164
1487	0.18867893517017365
1488	0.0828365832567215
1489	0.2561284899711609
1490	0.27909404039382935
1491	0.2683335244655609
1492	0.24544523656368256
1493	0.022451037541031837
1494	0.012144247069954872
1495	0.01018544752150774
1496	0.014504737220704556
1497	0.010995342396199703
1498	0.045088570564985275
1499	0.7754268646240234
1500	0.7679336667060852
1501	0.7936835289001465
1502	0.7621762156486511
1503	0.7519264221191406
1504	0.8028044700622559
1505	0.7766475081443787
1506	0.7776045203208923
1507	0.8455737233161926
1508	0.835871696472168
1509	0.8666452765464783
1510	0.8026314973831177
1511	0.8285749554634094
1512	0.7423505187034607
1513	0.7732803225517273
1514	0.8725541234016418
1515	0.8022850155830383
1516	0.87446528673172
1517	0.8286691904067993
1518	0.8862719535827637
1519	0.8171355128288269
1520	0.8097743391990662
1521	0.8427570462226868
1522	0.7668709754943848
1523	0.8774538040161133
1524	0.9351653456687927
1525	0.9662355780601501
1526	0.9790775179862976
1527	0.9475971460342407
1528	0.9605073928833008
1529	0.9457798004150391
1530	0.9110832214355469
1531	0.9120214581489563
1532	0.9869060516357422
1533	0.9545999765396118
1534	0.9575956463813782
1535	0.8067411780357361
1536	0.7500519752502441
