frame	prob
0	0.0037149281706660986
1	0.004224066622555256
2	0.003973882179707289
3	0.004167693201452494
4	0.004421798978000879
5	0.004652338568121195
6	0.005087828263640404
7	0.005320705007761717
8	0.0052081928588449955
9	0.005196248646825552
10	0.00504003930836916
11	0.006706277374178171
12	0.005595710594207048
13	0.00637794891372323
14	0.005861859768629074
15	0.006952978670597076
16	0.006695445626974106
17	0.006908151786774397
18	0.0072914548218250275
19	0.009238704107701778
20	0.008257739245891571
21	0.007677225861698389
22	0.007472379598766565
23	0.010012619197368622
24	0.010259806178510189
25	0.010031665675342083
26	0.01145781110972166
27	0.013128775171935558
28	0.013071459718048573
29	0.00915874820202589
30	0.01504935510456562
31	0.009832015261054039
32	0.009340654127299786
33	0.009240251034498215
34	0.01270574051886797
35	0.02116050384938717
36	0.014774804003536701
37	0.012923471629619598
38	0.015269766561686993
39	0.01742984913289547
40	0.029076341539621353
41	0.030518222600221634
42	0.06788468360900879
43	0.03306857869029045
44	0.056018222123384476
45	0.032844364643096924
46	0.020831778645515442
47	0.012995210476219654
48	0.015970123931765556
49	0.010607659816741943
50	0.009741712361574173
51	0.009551023133099079
52	0.010425887070596218
53	0.007970185950398445
54	0.010971172712743282
55	0.007295303046703339
56	0.015860674902796745
57	0.01757773570716381
58	0.027873242273926735
59	0.030894486233592033
60	0.03571770712733269
61	0.09439697116613388
62	0.16419054567813873
63	0.16406621038913727
64	0.14880353212356567
65	0.17718271911144257
66	0.0953504666686058
67	0.1463274359703064
68	0.06717522442340851
69	0.01368654239922762
70	0.014325126074254513
71	0.007476438768208027
72	0.007857076823711395
73	0.006667486857622862
74	0.007139158435165882
75	0.008777092210948467
76	0.008085066452622414
77	0.008720670826733112
78	0.008593934588134289
79	0.0082059595733881
80	0.009008613415062428
81	0.008336141705513
82	0.013368839398026466
83	0.015282968059182167
84	0.029349062591791153
85	0.01718384213745594
86	0.031476523727178574
87	0.08606717735528946
88	0.11921282857656479
89	0.048086851835250854
90	0.2211122363805771
91	0.07286807149648666
92	0.2755316197872162
93	0.07239147275686264
94	0.18317507207393646
95	0.12839221954345703
96	0.35545000433921814
97	0.10805945843458176
98	0.296979695558548
99	0.287720650434494
100	0.23704281449317932
101	0.2056606262922287
102	0.32549670338630676
103	0.24680399894714355
104	0.13072101771831512
105	0.11451516300439835
106	0.10519362986087799
107	0.1663486212491989
108	0.1440538913011551
109	0.22743408381938934
110	0.16618405282497406
111	0.06864507496356964
112	0.3303975760936737
113	0.15012261271476746
114	0.17988716065883636
115	0.17135439813137054
116	0.24783769249916077
117	0.0511862151324749
118	0.05213695392012596
119	0.08213358372449875
120	0.25739574432373047
121	0.19451895356178284
122	0.2248852252960205
123	0.3751392662525177
124	0.12794457376003265
125	0.11843712627887726
126	0.028958892449736595
127	0.010660332627594471
128	0.011737101711332798
129	0.010327799245715141
130	0.008035046048462391
131	0.008690956979990005
132	0.010974346660077572
133	0.010451729409396648
134	0.027179652824997902
135	0.026698175817728043
136	0.11463990062475204
137	0.06770496815443039
138	0.04586605355143547
139	0.028505248948931694
140	0.015929151326417923
141	0.023760324344038963
142	0.01640697382390499
143	0.01862861029803753
144	0.015771789476275444
145	0.020554697141051292
146	0.03668047860264778
147	0.02341022901237011
148	0.044461190700531006
149	0.01261985581368208
150	0.03563572093844414
151	0.022994784638285637
152	0.07996117323637009
153	0.09677399694919586
154	0.16853879392147064
155	0.07892186939716339
156	0.021722804754972458
157	0.02183452807366848
158	0.01008484698832035
159	0.009428390301764011
160	0.008791495114564896
161	0.01002627145498991
162	0.009215784259140491
163	0.011331704445183277
164	0.00998449046164751
165	0.020552169531583786
166	0.01699122041463852
167	0.023232391104102135
168	0.01853177882730961
169	0.015806028619408607
170	0.020547209307551384
171	0.027137691155076027
172	0.19920621812343597
173	0.1206207275390625
174	0.16899247467517853
175	0.1368609070777893
176	0.0797671228647232
177	0.1362881064414978
178	0.07464976608753204
179	0.0862230435013771
180	0.23819564282894135
181	0.14752522110939026
182	0.25636497139930725
183	0.1008279100060463
184	0.025523871183395386
185	0.060508545488119125
186	0.034242987632751465
187	0.1322227567434311
188	0.09101660549640656
189	0.10488910973072052
190	0.11226053535938263
191	0.11674454063177109
192	0.2771625220775604
193	0.09202926605939865
194	0.11340939998626709
195	0.07451434433460236
196	0.08568315953016281
197	0.15391333401203156
198	0.07208391278982162
199	0.06074511632323265
200	0.1139565035700798
201	0.08471705764532089
202	0.17384175956249237
203	0.1621553748846054
204	0.06329398602247238
205	0.030444491654634476
206	0.06440319865942001
207	0.07622859627008438
208	0.04002676159143448
209	0.05901765450835228
210	0.037287451326847076
211	0.052194565534591675
212	0.045142680406570435
213	0.045020993798971176
214	0.022739052772521973
215	0.011410634033381939
216	0.012925714254379272
217	0.008796091191470623
218	0.009935698471963406
219	0.008238605223596096
220	0.008608813397586346
221	0.010391660034656525
222	0.009694438427686691
223	0.007714190986007452
224	0.012151646427810192
225	0.010890604928135872
226	0.0225150678306818
227	0.011087357066571712
228	0.009287145920097828
229	0.024160850793123245
230	0.013635590672492981
231	0.009899803437292576
232	0.027888594195246696
233	0.014139560051262379
234	0.016475720331072807
235	0.02039957419037819
236	0.014657325111329556
237	0.01882871799170971
238	0.022584466263651848
239	0.010342045687139034
240	0.014256029389798641
241	0.0631897822022438
242	0.052875615656375885
243	0.05920278653502464
244	0.0383729450404644
245	0.04182181879878044
246	0.07623247057199478
247	0.04483924061059952
248	0.0963037759065628
249	0.0913475826382637
250	0.07627668231725693
251	0.06391363590955734
252	0.17484581470489502
253	0.07575228065252304
254	0.15301822125911713
255	0.15032263100147247
256	0.14977526664733887
257	0.1354324072599411
258	0.17123402655124664
259	0.15736320614814758
260	0.13023415207862854
261	0.18189673125743866
262	0.12370005995035172
263	0.15264219045639038
264	0.22141018509864807
265	0.14014501869678497
266	0.10798181593418121
267	0.08834786713123322
268	0.07333435118198395
269	0.036740370094776154
270	0.03217504173517227
271	0.024608561769127846
272	0.0540473647415638
273	0.05557330325245857
274	0.028441626578569412
275	0.022216103971004486
276	0.04171711206436157
277	0.023740243166685104
278	0.024116819724440575
279	0.02673969231545925
280	0.024524306878447533
281	0.03236197680234909
282	0.03856099396944046
283	0.044758595526218414
284	0.09132358431816101
285	0.06437496840953827
286	0.05420607328414917
287	0.02660314552485943
288	0.03831343725323677
289	0.050691064447164536
290	0.028677424415946007
291	0.028588593006134033
292	0.026203328743577003
293	0.02997511997818947
294	0.07479546219110489
295	0.035789187997579575
296	0.06360197067260742
297	0.037261962890625
298	0.024016110226511955
299	0.02883548103272915
300	0.031824272125959396
301	0.0344405360519886
302	0.026708999648690224
303	0.02739868126809597
304	0.02836362086236477
305	0.030375728383660316
306	0.03256582096219063
307	0.021736571565270424
308	0.06012116000056267
309	0.05867627263069153
310	0.04654365032911301
311	0.023825913667678833
312	0.018754955381155014
313	0.013367868028581142
314	0.014425555244088173
315	0.008763453923165798
316	0.00660958606749773
317	0.006308381445705891
318	0.006762318313121796
319	0.005137599539011717
320	0.006705723237246275
321	0.005940249655395746
322	0.006742845755070448
323	0.006477263756096363
324	0.0074131241999566555
325	0.006882271263748407
326	0.008415574207901955
327	0.008049288764595985
328	0.004862088710069656
329	0.009685667231678963
330	0.0096249645575881
331	0.008006985299289227
332	0.0057642715983092785
333	0.004839911591261625
334	0.004366446286439896
335	0.004354175645858049
336	0.004121372941881418
337	0.004194982349872589
338	0.0045464420691132545
339	0.00452757952734828
340	0.003654625965282321
341	0.005146545823663473
342	0.006649437826126814
343	0.005416498519480228
344	0.0054426840506494045
345	0.005022566299885511
346	0.0056927390396595
347	0.007324409671127796
348	0.006209251470863819
349	0.006488983519375324
350	0.009152992628514767
351	0.00727293873205781
352	0.00814002938568592
353	0.007354381959885359
354	0.008461857214570045
355	0.008714275434613228
356	0.008389747701585293
357	0.008472654037177563
358	0.008628212846815586
359	0.008382778614759445
360	0.007654581218957901
361	0.007337202318012714
362	0.006032395642250776
363	0.006761895027011633
364	0.008998964913189411
365	0.007031254470348358
366	0.008322546258568764
367	0.007789728231728077
368	0.007778454106301069
369	0.008417215198278427
370	0.010874551720917225
371	0.011078695766627789
372	0.011449809186160564
373	0.00981882307678461
374	0.010860837064683437
375	0.008427299559116364
376	0.0072791907005012035
377	0.007499213796108961
378	0.009503571316599846
379	0.011214119382202625
380	0.009568733163177967
381	0.008349670097231865
382	0.009443256072700024
383	0.00959258247166872
384	0.009799884632229805
385	0.007235564291477203
386	0.0077482908964157104
387	0.005962086375802755
388	0.008008160628378391
389	0.005550220143049955
390	0.0066026621498167515
391	0.006318108644336462
392	0.006892272271215916
393	0.015710892155766487
394	0.01738576963543892
395	0.013729865662753582
396	0.015115104615688324
397	0.02210436761379242
398	0.025066087022423744
399	0.01839708350598812
400	0.0258252564817667
401	0.015738071873784065
402	0.021367061883211136
403	0.0057574487291276455
404	0.007342081516981125
405	0.005591444205492735
406	0.007502089720219374
407	0.007185281720012426
408	0.009858754463493824
409	0.008923107758164406
410	0.008448552340269089
411	0.006007443647831678
412	0.006664893124252558
413	0.006497697439044714
414	0.006056257523596287
415	0.006244266871362925
416	0.008872181177139282
417	0.006142428610473871
418	0.007873421534895897
419	0.00778793403878808
420	0.010702698491513729
421	0.00991837214678526
422	0.0285929087549448
423	0.022757282480597496
424	0.05525362491607666
425	0.016928983852267265
426	0.05585319921374321
427	0.025772226974368095
428	0.03144597262144089
429	0.013104780577123165
430	0.009767413139343262
431	0.008255011402070522
432	0.00994547363370657
433	0.009419569745659828
434	0.010648305527865887
435	0.009672216139733791
436	0.014680251479148865
437	0.0105818510055542
438	0.0185235682874918
439	0.07512930780649185
440	0.039983101189136505
441	0.06086573004722595
442	0.18543879687786102
443	0.17725560069084167
444	0.54871666431427
445	0.3867188096046448
446	0.4117112159729004
447	0.1724676638841629
448	0.40456604957580566
449	0.2935367524623871
450	0.44996461272239685
451	0.2641943097114563
452	0.2961299419403076
453	0.2820805311203003
454	0.3454371392726898
455	0.2540889084339142
456	0.5592187643051147
457	0.4969979226589203
458	0.7367900609970093
459	0.4506874680519104
460	0.6603121161460876
461	0.3672018051147461
462	0.333139032125473
463	0.21185706555843353
464	0.11555574089288712
465	0.022905124351382256
466	0.04654037952423096
467	0.03338318690657616
468	0.11803511530160904
469	0.10773720592260361
470	0.17593500018119812
471	0.2487395852804184
472	0.5373582243919373
473	0.39022788405418396
474	0.6683288812637329
475	0.1435931771993637
476	0.4841223657131195
477	0.2951495349407196
478	0.3563622236251831
479	0.4519607722759247
480	0.6915435194969177
481	0.22363834083080292
482	0.4202764630317688
483	0.28381189703941345
484	0.4498579502105713
485	0.1417727917432785
486	0.4283016324043274
487	0.19860385358333588
488	0.3502732515335083
489	0.21872368454933167
490	0.2503439486026764
491	0.2126532644033432
492	0.40833330154418945
493	0.4516282081604004
494	0.5945441722869873
495	0.0863315612077713
496	0.019408434629440308
497	0.016943007707595825
498	0.016798118129372597
499	0.016058823093771935
500	0.010606817901134491
501	0.008006672374904156
502	0.009488326497375965
503	0.009763439185917377
504	0.00889094639569521
505	0.009021800011396408
506	0.008920945227146149
507	0.007727391552180052
508	0.008669919334352016
509	0.007033319678157568
510	0.007764148060232401
511	0.010714596137404442
512	0.019545400515198708
513	0.03911358118057251
514	0.033967357128858566
515	0.07183271646499634
516	0.23233771324157715
517	0.009474257007241249
518	0.011174134910106659
519	0.007825189270079136
520	0.00791607704013586
521	0.006995513569563627
522	0.0072501408867537975
523	0.00789108220487833
524	0.011318697594106197
525	0.01557642500847578
526	0.01248018816113472
527	0.01541338860988617
528	0.01542645413428545
529	0.011534017510712147
530	0.01338902022689581
531	0.014517826028168201
532	0.012928882613778114
533	0.0106834527105093
534	0.01540787797421217
535	0.013256060890853405
536	0.012209076434373856
537	0.01261717826128006
538	0.015109553001821041
539	0.008868668228387833
540	0.010190407745540142
541	0.006998696830123663
542	0.006247884593904018
543	0.00821065902709961
544	0.007812989875674248
545	0.006127544213086367
546	0.0059419977478682995
547	0.006052002310752869
548	0.005108097102493048
549	0.005185342393815517
550	0.005824392661452293
551	0.005373015068471432
552	0.007366091012954712
553	0.005536842625588179
554	0.010038886219263077
555	0.007658139802515507
556	0.009714252315461636
557	0.01672125607728958
558	0.00868897046893835
559	0.009872752241790295
560	0.014614852145314217
561	0.009017898701131344
562	0.011862191371619701
563	0.009992497973144054
564	0.010573545470833778
565	0.010126969777047634
566	0.015866823494434357
567	0.017086228355765343
568	0.019939402118325233
569	0.02440630830824375
570	0.046707507222890854
571	0.02963804081082344
572	0.15382568538188934
573	0.07185200601816177
574	0.11250392347574234
575	0.062298305332660675
576	0.15214286744594574
577	0.035676416009664536
578	0.05133863911032677
579	0.036122601479291916
580	0.10068931430578232
581	0.0454685278236866
582	0.06478407979011536
583	0.06776462495326996
584	0.20347993075847626
585	0.1497577577829361
586	0.4174112379550934
587	0.13908469676971436
588	0.2889285683631897
589	0.23786520957946777
590	0.39364710450172424
591	0.24042995274066925
592	0.35134124755859375
593	0.20973609387874603
594	0.3678593039512634
595	0.14358939230442047
596	0.2363266497850418
597	0.13846738636493683
598	0.10127941519021988
599	0.14418120682239532
600	0.3250429332256317
601	0.298350065946579
602	0.5536348223686218
603	0.2502080202102661
604	0.057401012629270554
605	0.0328119657933712
606	0.04191382974386215
607	0.07880942523479462
608	0.06565810739994049
609	0.11154373735189438
610	0.03291129693388939
611	0.03470692038536072
612	0.14736779034137726
613	0.2133127748966217
614	0.25690758228302
615	0.16020981967449188
616	0.14295341074466705
617	0.13074016571044922
618	0.017585447058081627
619	0.02291877381503582
620	0.04028841480612755
621	0.03027529828250408
622	0.031031329184770584
623	0.033443719148635864
624	0.06389567255973816
625	0.03704036399722099
626	0.07352365553379059
627	0.15503446757793427
628	0.7558981776237488
629	0.31604430079460144
630	0.507534921169281
631	0.03634639084339142
632	0.5055495500564575
633	0.3542509078979492
634	0.44966307282447815
635	0.23548524081707
636	0.4811938405036926
637	0.07913874089717865
638	0.27099043130874634
639	0.30009695887565613
640	0.3932799696922302
641	0.14908258616924286
642	0.21769514679908752
643	0.2679193913936615
644	0.16231444478034973
645	0.06542838364839554
646	0.16042901575565338
647	0.06176186725497246
648	0.18801380693912506
649	0.07118947803974152
650	0.1483716070652008
651	0.11183042824268341
652	0.17208081483840942
653	0.0937030166387558
654	0.10770702362060547
655	0.06246816739439964
656	0.07036914676427841
657	0.16262564063072205
658	0.23180870711803436
659	0.2359580099582672
660	0.5270788669586182
661	0.3289501667022705
662	0.30275455117225647
663	0.21225066483020782
664	0.1753421574831009
665	0.059031832963228226
666	0.07880929112434387
667	0.08873017877340317
668	0.12738405168056488
669	0.07800362259149551
670	0.1429365575313568
671	0.17096804082393646
672	0.1483030915260315
673	0.10714655369520187
674	0.03024320676922798
675	0.01399842370301485
676	0.025300282984972
677	0.026236919686198235
678	0.052814383059740067
679	0.07800617069005966
680	0.13325215876102448
681	0.15384142100811005
682	0.09598506987094879
683	0.11179027706384659
684	0.15904773771762848
685	0.10391924530267715
686	0.06499402970075607
687	0.0606992207467556
688	0.09124114364385605
689	0.14431606233119965
690	0.2224995195865631
691	0.11507866531610489
692	0.28020527958869934
693	0.14369213581085205
694	0.4510316848754883
695	0.30919963121414185
696	0.28485795855522156
697	0.01047395821660757
698	0.008940811268985271
699	0.007382822223007679
700	0.00899071991443634
701	0.007594699505716562
702	0.009303092025220394
703	0.007886772975325584
704	0.010783324018120766
705	0.009187127463519573
706	0.009747332893311977
707	0.007686351425945759
708	0.009274524636566639
709	0.006247891578823328
710	0.011152657680213451
711	0.013787882402539253
712	0.014886641874909401
713	0.015778658911585808
714	0.013421728275716305
715	0.01168736070394516
716	0.01069767028093338
717	0.011798999272286892
718	0.01392307784408331
719	0.022403351962566376
720	0.022953052073717117
721	0.013315536081790924
722	0.012851903215050697
723	0.009945422410964966
724	0.010753422975540161
725	0.015114582143723965
726	0.008998389355838299
727	0.013554072938859463
728	0.022848552092909813
729	0.018512582406401634
730	0.01914975233376026
731	0.019463885575532913
732	0.0181465744972229
733	0.00940029602497816
734	0.007945450954139233
735	0.007886109873652458
736	0.010001297108829021
737	0.005346010904759169
738	0.005689079407602549
739	0.003963317256420851
740	0.004412123467773199
741	0.003732675453647971
742	0.005548921413719654
743	0.005698822438716888
744	0.0065136379562318325
745	0.0060460688546299934
746	0.0057366639375686646
747	0.005992318969219923
748	0.007450988981872797
749	0.006004468537867069
750	0.006366059184074402
751	0.004742360208183527
752	0.006048815790563822
753	0.005982940550893545
754	0.005579076241701841
755	0.007092911284416914
756	0.006822863128036261
757	0.00747882341966033
758	0.00743709085509181
759	0.007201991509646177
760	0.007612321525812149
761	0.0067487298510968685
762	0.007203969638794661
763	0.006331792566925287
764	0.006310886237770319
765	0.007355502340942621
766	0.003844141960144043
767	0.004111682530492544
768	0.004446033388376236
769	0.004724616650491953
770	0.003955058753490448
771	0.00434233620762825
772	0.0033198304008692503
773	0.003700526896864176
774	0.0038309486117213964
775	0.0032610041089355946
776	0.0032446221448481083
777	0.0042440867982804775
778	0.004337546415627003
779	0.004519411828368902
780	0.004667078144848347
781	0.004742506891489029
782	0.004998804535716772
783	0.005002371501177549
784	0.00574256619438529
785	0.0063457125797867775
786	0.006018083542585373
787	0.006118738558143377
788	0.005525127984583378
789	0.006276436150074005
790	0.005477698985487223
791	0.006160256918519735
792	0.006048273295164108
793	0.006974402815103531
794	0.006490853615105152
795	0.004638634156435728
796	0.0057197134010493755
797	0.004805723670870066
798	0.005195166449993849
799	0.005542141851037741
800	0.005014358554035425
801	0.00555487209931016
802	0.005322664510458708
803	0.004671638365834951
804	0.004475454334169626
805	0.004954541567713022
806	0.004636690020561218
807	0.004481929820030928
808	0.004444593098014593
809	0.004983547143638134
810	0.005042992532253265
811	0.004325768910348415
812	0.004639705177396536
813	0.005040393210947514
814	0.004909095820039511
815	0.004925490822643042
816	0.004283200483769178
817	0.004537974949926138
818	0.005462546832859516
819	0.00536341080442071
820	0.005717288237065077
821	0.005527358967810869
822	0.005200772080570459
823	0.00596711877733469
824	0.00883894320577383
825	0.005179275758564472
826	0.006289258599281311
827	0.005956495646387339
828	0.005904957186430693
829	0.005860399454832077
830	0.005571958143264055
831	0.007194331381469965
832	0.006022303830832243
833	0.005492436233907938
834	0.006768282037228346
835	0.006957466248422861
836	0.005591150373220444
837	0.004941191524267197
838	0.004890522453933954
839	0.0055011785589158535
840	0.005106004886329174
841	0.005082607269287109
842	0.0054605151526629925
843	0.004332057666033506
844	0.004339537117630243
845	0.005226423032581806
846	0.004336963873356581
847	0.004238988738507032
848	0.00448521226644516
849	0.00348953646607697
850	0.00412059435620904
851	0.0037803759332746267
852	0.004238586872816086
853	0.0035712530370801687
854	0.004149680957198143
855	0.0037521743215620518
856	0.004477944225072861
857	0.003588316962122917
858	0.004717941861599684
859	0.0038452837616205215
860	0.004343964159488678
861	0.004608032759279013
862	0.004794742912054062
863	0.005118837580084801
864	0.004584421403706074
865	0.004762918688356876
866	0.00411338871344924
867	0.005117188673466444
868	0.005579372402280569
869	0.005102172493934631
870	0.00485025392845273
871	0.005768957082182169
872	0.005760762840509415
873	0.005210414063185453
874	0.004922617692500353
875	0.004917618352919817
876	0.004607998300343752
877	0.005064334720373154
878	0.005578519310802221
879	0.005443367641419172
880	0.005038536619395018
881	0.004945827182382345
882	0.005522985477000475
883	0.006346275098621845
884	0.005796745419502258
885	0.006675015669316053
886	0.007496796548366547
887	0.008839483372867107
888	0.007143006660044193
889	0.009773829951882362
890	0.00895160436630249
891	0.008126427419483662
892	0.010822269134223461
893	0.013035285286605358
894	0.012288672849535942
895	0.013327503576874733
896	0.013181445188820362
897	0.013829469680786133
898	0.014376530423760414
899	0.0119600435718894
900	0.012703326530754566
901	0.013837066479027271
902	0.012731552124023438
903	0.0129447802901268
904	0.015298803336918354
905	0.015413890592753887
906	0.015637941658496857
907	0.022580981254577637
908	0.014736390672624111
909	0.02458244375884533
910	0.03020060434937477
911	0.016101593151688576
912	0.012028626166284084
913	0.017350567504763603
914	0.022881746292114258
915	0.016635902225971222
916	0.030104368925094604
917	0.0176027100533247
918	0.017798040062189102
919	0.013665671460330486
920	0.014957742765545845
921	0.015578323975205421
922	0.01397609245032072
923	0.011456533335149288
924	0.012279503047466278
925	0.01590575836598873
926	0.013718485832214355
927	0.029560411348938942
928	0.04235398769378662
929	0.023556439206004143
930	0.02072792313992977
931	0.027730373665690422
932	0.024457786232233047
933	0.0295182503759861
934	0.05251963809132576
935	0.040645305067300797
936	0.033243365585803986
937	0.017517339438199997
938	0.02450781874358654
939	0.01870359480381012
940	0.028310811147093773
941	0.021704047918319702
942	0.0267641544342041
943	0.022472470998764038
944	0.05585985258221626
945	0.053238846361637115
946	0.06380489468574524
947	0.04595385119318962
948	0.05046866089105606
949	0.05694073438644409
950	0.034904103726148605
951	0.03415917977690697
952	0.04357294738292694
953	0.01618618331849575
954	0.016840605065226555
955	0.008469494991004467
956	0.009489613585174084
957	0.008915784768760204
958	0.010930287651717663
959	0.008472668007016182
960	0.010190573520958424
961	0.010227001272141933
962	0.010662398301064968
963	0.009221160784363747
964	0.008913167752325535
965	0.008370121009647846
966	0.009296921081840992
967	0.007543699350208044
968	0.009377830661833286
969	0.010810524225234985
970	0.009450566954910755
971	0.009031596593558788
972	0.011361178942024708
973	0.010157092474400997
974	0.009048004634678364
975	0.010717542842030525
976	0.023119071498513222
977	0.0204975176602602
978	0.011965826153755188
979	0.011558331549167633
980	0.012301686219871044
981	0.009985513053834438
982	0.008202468045055866
983	0.00832462590187788
984	0.011110161431133747
985	0.009666630998253822
986	0.008924799039959908
987	0.00875755213201046
988	0.010966143570840359
989	0.00887458398938179
990	0.010944138281047344
991	0.018714843317866325
992	0.04182305932044983
993	0.03100932575762272
994	0.01570431888103485
995	0.010752754285931587
996	0.010671292431652546
997	0.008516326546669006
998	0.00986567884683609
999	0.00847164262086153
1000	0.009606237523257732
1001	0.007028965745121241
1002	0.008184313774108887
1003	0.005474229343235493
1004	0.00608180183917284
1005	0.005082315299659967
1006	0.0062971049919724464
1007	0.0052460841834545135
1008	0.006510512437671423
1009	0.006637497339397669
1010	0.005504895001649857
1011	0.005732665304094553
1012	0.005994291510432959
1013	0.006041475106030703
1014	0.0056562237441539764
1015	0.005068548023700714
1016	0.005481074098497629
1017	0.005837007891386747
1018	0.0052052997052669525
1019	0.004710034932941198
1020	0.005409435369074345
1021	0.004983403719961643
1022	0.004064466338604689
1023	0.004053648095577955
1024	0.004269794560968876
1025	0.0037497009616345167
1026	0.0038591292686760426
1027	0.004128648899495602
1028	0.004037413280457258
1029	0.0036746833939105272
1030	0.005090754479169846
1031	0.006275237537920475
1032	0.005759566556662321
1033	0.006392289884388447
1034	0.0060078478418290615
1035	0.006357765290886164
1036	0.007303801365196705
1037	0.007272947113960981
1038	0.007048747967928648
1039	0.0062001240439713
1040	0.005696760956197977
1041	0.005881080869585276
1042	0.006375738885253668
1043	0.005972718819975853
1044	0.005790930241346359
1045	0.0055176313035190105
1046	0.005478614009916782
1047	0.00525249307975173
1048	0.0051338751800358295
1049	0.005258490331470966
1050	0.005634856875985861
1051	0.006639727856963873
1052	0.0038977942895144224
1053	0.005600301083177328
1054	0.0074928998947143555
1055	0.008367336355149746
1056	0.008409283123910427
1057	0.007904581725597382
1058	0.0076210531406104565
1059	0.0068373181857168674
1060	0.004850588273257017
1061	0.0060911597684025764
1062	0.007178954780101776
1063	0.008794051595032215
1064	0.010602322407066822
1065	0.016223518177866936
1066	0.011306943371891975
1067	0.009999646805226803
1068	0.011545486748218536
1069	0.010138737969100475
1070	0.01143114734441042
1071	0.010878401808440685
1072	0.00869497936218977
1073	0.012015575543045998
1074	0.019805720075964928
1075	0.011666832491755486
1076	0.009352928958833218
1077	0.007942580617964268
1078	0.005704172886908054
1079	0.006761863827705383
1080	0.005357491318136454
1081	0.0062005831860005856
1082	0.007548950612545013
1083	0.007400429341942072
1084	0.007143813651055098
1085	0.00519890571013093
1086	0.0069849067367613316
1087	0.006635535508394241
1088	0.004181343130767345
1089	0.005391120910644531
1090	0.010626766830682755
1091	0.00558473402634263
1092	0.005278495606034994
1093	0.006579367909580469
1094	0.00571420369669795
1095	0.0049959635362029076
1096	0.006038909312337637
1097	0.00467064930126071
1098	0.004329822026193142
1099	0.004543534480035305
1100	0.006181740667670965
1101	0.005760773550719023
1102	0.005082664545625448
1103	0.007070623338222504
1104	0.006882530637085438
1105	0.007068099919706583
1106	0.007065719459205866
1107	0.008651143871247768
1108	0.00819703470915556
1109	0.009482888504862785
1110	0.005773784127086401
1111	0.006977191660553217
1112	0.010117764584720135
1113	0.009474202990531921
1114	0.008522584103047848
1115	0.008526529185473919
1116	0.008354345336556435
1117	0.009365915320813656
1118	0.009399737231433392
1119	0.007510353811085224
1120	0.009934858419001102
1121	0.008780205622315407
1122	0.009387955069541931
1123	0.00958371814340353
1124	0.00936746783554554
1125	0.008201705291867256
1126	0.007259152363985777
1127	0.009568284265697002
1128	0.009539871476590633
1129	0.009938323870301247
1130	0.0218936949968338
1131	0.014037949033081532
1132	0.012634390965104103
1133	0.010303447023034096
1134	0.009207206778228283
1135	0.00957583636045456
1136	0.010571724735200405
1137	0.011290728114545345
1138	0.00854144524782896
1139	0.009184174239635468
1140	0.011785943992435932
1141	0.014083566144108772
1142	0.02183803915977478
1143	0.016190851107239723
1144	0.014447604306042194
1145	0.010998460464179516
1146	0.007952164858579636
1147	0.007575334049761295
1148	0.009467185474932194
1149	0.01227769535034895
1150	0.007661084178835154
1151	0.006351822521537542
1152	0.005496910307556391
1153	0.007354900240898132
1154	0.006685310043394566
1155	0.00648811599239707
1156	0.007115739863365889
1157	0.007064756937325001
1158	0.006719596218317747
1159	0.005699271336197853
1160	0.006526640150696039
1161	0.0076483129523694515
1162	0.00749051570892334
1163	0.008814122527837753
1164	0.007187246810644865
1165	0.006166666280478239
1166	0.006284190807491541
1167	0.005784423556178808
1168	0.005372157786041498
1169	0.004495789296925068
1170	0.0050111738964915276
1171	0.004755721893161535
1172	0.0049209906719625
1173	0.004353335592895746
1174	0.004960955586284399
1175	0.004663771949708462
1176	0.004078469704836607
1177	0.0036679443437606096
1178	0.004602483008056879
1179	0.0038119968958199024
1180	0.004310222342610359
1181	0.004420665092766285
1182	0.004882531240582466
1183	0.004238306079059839
1184	0.004173587542027235
1185	0.004357258323580027
1186	0.0039178477600216866
1187	0.004942901432514191
1188	0.0045778462663292885
1189	0.0038320322055369616
1190	0.004178178030997515
1191	0.004331787116825581
1192	0.004206287208944559
1193	0.004561415407806635
1194	0.004105617757886648
1195	0.005141850560903549
1196	0.004334086086601019
1197	0.0038965835701674223
1198	0.004375703167170286
1199	0.003968256060034037
1200	0.004163446836173534
1201	0.004403003957122564
1202	0.004466345068067312
1203	0.00621128361672163
1204	0.005630121100693941
1205	0.005574644543230534
1206	0.005255748052150011
1207	0.0060046399012207985
1208	0.005956512875854969
1209	0.006613300647586584
1210	0.008365287445485592
1211	0.008557507768273354
1212	0.00867866538465023
1213	0.007793613709509373
1214	0.0070739262737333775
1215	0.007514419499784708
1216	0.007608332671225071
1217	0.007367193698883057
1218	0.010450019501149654
1219	0.010156107135117054
1220	0.010968491435050964
1221	0.009047748520970345
1222	0.011655658483505249
1223	0.010676979087293148
1224	0.010266818106174469
1225	0.010951533913612366
1226	0.015770941972732544
1227	0.011638258583843708
1228	0.011481380090117455
1229	0.012187659740447998
1230	0.013628624379634857
1231	0.01241398323327303
1232	0.013153641484677792
1233	0.01818085089325905
1234	0.013037378899753094
1235	0.013577667064964771
1236	0.014468692243099213
1237	0.015770981088280678
1238	0.017693979665637016
1239	0.016778215765953064
1240	0.014128698967397213
1241	0.011303364299237728
1242	0.014567154459655285
1243	0.01277395524084568
1244	0.013308048248291016
1245	0.01332052331417799
1246	0.01403921376913786
1247	0.011676661670207977
1248	0.010944238863885403
1249	0.010205141268670559
1250	0.010650582611560822
1251	0.009827852249145508
1252	0.015373936854302883
1253	0.009280849248170853
1254	0.010060233063995838
1255	0.010075176134705544
1256	0.0121578648686409
1257	0.00904108490794897
1258	0.011877454817295074
1259	0.008965288288891315
1260	0.011957733891904354
1261	0.011852667666971684
1262	0.013956449925899506
1263	0.013903433457016945
1264	0.013836169615387917
1265	0.009260213933885098
1266	0.013538247905671597
1267	0.010772026143968105
1268	0.010714614763855934
1269	0.010152815841138363
1270	0.02166689932346344
1271	0.028691068291664124
1272	0.014721095561981201
1273	0.014281416311860085
1274	0.020167192444205284
1275	0.020031576976180077
1276	0.018938783556222916
1277	0.019272873178124428
1278	0.019361471757292747
1279	0.022370480000972748
1280	0.01689579151570797
1281	0.01591114141047001
1282	0.011419512331485748
1283	0.0097951116040349
1284	0.009259234182536602
1285	0.008239311166107655
1286	0.006577956955879927
1287	0.007552438415586948
1288	0.007587956730276346
1289	0.005845762323588133
1290	0.005963080562651157
1291	0.006214010063558817
1292	0.007256438490003347
1293	0.0057069542817771435
1294	0.004647156689316034
1295	0.00490222405642271
1296	0.004814609419554472
1297	0.0049729119054973125
1298	0.0047022453509271145
1299	0.004081364255398512
1300	0.0040636733174324036
1301	0.004384225700050592
1302	0.0045129987411201
1303	0.004149103071540594
1304	0.004351668059825897
1305	0.004260675050318241
1306	0.00544176297262311
1307	0.004748349543660879
1308	0.005303220357745886
1309	0.005392360966652632
1310	0.0042720274068415165
1311	0.004341190215200186
1312	0.004616040736436844
1313	0.0043987687677145
1314	0.0040089888498187065
1315	0.00386609579436481
1316	0.0037841834127902985
1317	0.00403608987107873
1318	0.0036057771649211645
1319	0.004321086686104536
1320	0.004207063931971788
1321	0.004298866726458073
1322	0.0036190690007060766
1323	0.003757121507078409
1324	0.00405029347166419
1325	0.0027730443980544806
1326	0.0034283732529729605
1327	0.0038565881550312042
1328	0.004208595957607031
1329	0.0043525672517716885
1330	0.003758598119020462
1331	0.005094920750707388
1332	0.004719500429928303
1333	0.004313347861170769
1334	0.005086460616439581
1335	0.004392846487462521
1336	0.005296542774885893
1337	0.004477317910641432
1338	0.0043143779039382935
1339	0.004078153055161238
1340	0.004034002777189016
1341	0.0052143894135952
1342	0.004487502854317427
1343	0.005248938221484423
1344	0.005546107422560453
1345	0.005061355885118246
1346	0.004976068623363972
1347	0.005291433539241552
1348	0.0055867829360067844
1349	0.005349318962544203
1350	0.006095116026699543
1351	0.006341366562992334
1352	0.005663796793669462
1353	0.0075887651182711124
1354	0.008230471983551979
1355	0.009592714719474316
1356	0.010541709139943123
1357	0.010124423541128635
1358	0.010331819765269756
1359	0.011863941326737404
1360	0.013558979146182537
1361	0.011057435534894466
1362	0.014952204190194607
1363	0.018464980646967888
1364	0.01784985139966011
1365	0.017747271806001663
1366	0.021113280206918716
1367	0.011630119755864143
1368	0.009486918337643147
1369	0.015211398713290691
1370	0.02413039468228817
1371	0.014338606968522072
1372	0.009288589470088482
1373	0.012172910384833813
1374	0.013913300819694996
1375	0.01294481661170721
1376	0.015057185664772987
1377	0.009019692428410053
1378	0.010022684931755066
1379	0.010222136043012142
1380	0.008137783966958523
1381	0.006959118880331516
1382	0.00858080480247736
1383	0.00881944503635168
1384	0.008794880472123623
1385	0.009831184521317482
1386	0.011845613829791546
1387	0.01139096450060606
1388	0.012878683395683765
1389	0.011880968697369099
1390	0.010511609725654125
1391	0.010574552230536938
1392	0.009971405379474163
1393	0.00934622623026371
1394	0.009391166269779205
1395	0.008811088278889656
1396	0.009514965116977692
1397	0.011536750942468643
1398	0.01081816852092743
1399	0.01786199025809765
1400	0.022374873980879784
1401	0.02357996068894863
1402	0.032224565744400024
1403	0.027503330260515213
1404	0.015428110957145691
1405	0.008681855164468288
1406	0.006778635084629059
1407	0.008078892715275288
1408	0.009438740089535713
1409	0.009008963592350483
1410	0.007717225234955549
1411	0.011567072942852974
1412	0.006793466862291098
1413	0.00817234069108963
1414	0.009944460354745388
1415	0.015824366360902786
1416	0.014192682690918446
1417	0.024083077907562256
1418	0.015693502500653267
1419	0.011256368830800056
1420	0.007435539271682501
1421	0.008434588089585304
1422	0.008523528464138508
1423	0.013332048431038857
1424	0.014855930581688881
1425	0.009207800030708313
1426	0.008379894308745861
1427	0.011384624056518078
1428	0.013670411892235279
1429	0.009541438892483711
1430	0.004647707100957632
1431	0.003873844863846898
1432	0.00367918168194592
1433	0.0033909559715539217
1434	0.004477795213460922
1435	0.004889339674264193
1436	0.0049845497123897076
1437	0.005577608477324247
1438	0.0052901203744113445
1439	0.0052632056176662445
1440	0.004725509788841009
1441	0.00533391535282135
1442	0.004834464751183987
1443	0.004079607781022787
1444	0.004271102603524923
1445	0.004451853223145008
1446	0.004182843025773764
1447	0.004838292952626944
1448	0.007521021645516157
1449	0.008422530256211758
1450	0.007201737258583307
1451	0.008575941435992718
1452	0.010154806077480316
1453	0.00991368480026722
1454	0.010874094441533089
1455	0.008301671594381332
1456	0.007980047725141048
1457	0.00755853159353137
1458	0.007389047183096409
1459	0.0069467113353312016
1460	0.0068157450295984745
1461	0.006163445301353931
1462	0.006867189891636372
1463	0.00629557017236948
1464	0.005168959032744169
1465	0.005645900499075651
1466	0.005322630517184734
1467	0.005395370069891214
1468	0.005211021285504103
1469	0.004243499133735895
1470	0.005214986391365528
1471	0.00446414714679122
1472	0.003982228692620993
1473	0.004456446971744299
1474	0.004664210602641106
1475	0.0045999945141375065
1476	0.004795513581484556
1477	0.004711231682449579
1478	0.005050872452557087
1479	0.004186037462204695
1480	0.00424451706930995
1481	0.0037793745286762714
1482	0.004692006390541792
1483	0.004085563123226166
1484	0.0035672993399202824
1485	0.004142431076616049
1486	0.004835580009967089
1487	0.003428623080253601
1488	0.003337396774441004
1489	0.002964847255498171
1490	0.0036682572681456804
1491	0.002985298167914152
1492	0.0039880541153252125
1493	0.004199748393148184
1494	0.004313503857702017
1495	0.003881263779476285
1496	0.00396588584408164
1497	0.003285783575847745
1498	0.00434618117287755
1499	0.003960765898227692
1500	0.00448822695761919
1501	0.004325882066041231
1502	0.0038952906616032124
1503	0.004054938908666372
1504	0.003925719298422337
1505	0.004268827382475138
1506	0.00442546745762229
1507	0.005102123599499464
1508	0.004142602439969778
1509	0.0041711279191076756
1510	0.004819277673959732
1511	0.0038838337641209364
1512	0.004210775718092918
1513	0.004416808485984802
1514	0.004703855607658625
1515	0.004800743889063597
1516	0.005211310926824808
1517	0.006587168667465448
1518	0.005307840183377266
1519	0.004060144070535898
1520	0.005418970249593258
1521	0.004198872484266758
1522	0.0053665065206587315
1523	0.004299238324165344
1524	0.005773797165602446
1525	0.0065569500438869
1526	0.006156896706670523
1527	0.007736615836620331
1528	0.006385141517966986
1529	0.01155843585729599
1530	0.008033163845539093
1531	0.012188096530735493
1532	0.010188630782067776
1533	0.007589715998619795
1534	0.007626828737556934
1535	0.008879144676029682
1536	0.008336725644767284
1537	0.007072289474308491
1538	0.007198996376246214
1539	0.00605055782943964
1540	0.006333738565444946
1541	0.00596065167337656
1542	0.0056104823015630245
1543	0.00838109478354454
1544	0.007155930157750845
1545	0.007324403617531061
1546	0.006226882804185152
1547	0.008486226201057434
1548	0.009648504666984081
1549	0.0072794645093381405
1550	0.008231145329773426
1551	0.0094527592882514
1552	0.006685379892587662
1553	0.00895601138472557
1554	0.009134889580309391
1555	0.007814404554665089
1556	0.01101581659168005
1557	0.009311485104262829
1558	0.00894781295210123
1559	0.007203950081020594
1560	0.006536883767694235
1561	0.0055402424186468124
1562	0.006775861140340567
1563	0.010103312321007252
1564	0.013155973516404629
1565	0.005777145270258188
1566	0.005208105314522982
1567	0.005476092919707298
1568	0.005671855993568897
1569	0.007241606246680021
1570	0.01013270765542984
1571	0.009995467960834503
1572	0.012264875695109367
1573	0.015824727714061737
1574	0.008566333912312984
1575	0.00597002636641264
1576	0.005435883067548275
1577	0.007620006334036589
1578	0.00483555207028985
1579	0.006080038845539093
1580	0.008316818624734879
1581	0.008718915283679962
1582	0.009459822438657284
1583	0.01197492703795433
1584	0.010030043311417103
1585	0.007060613017529249
1586	0.011910810135304928
1587	0.010622586123645306
1588	0.019040102139115334
1589	0.009096569381654263
1590	0.010676736012101173
1591	0.009570148773491383
1592	0.034496698528528214
1593	0.027613623067736626
1594	0.022404784336686134
1595	0.03430108353495598
1596	0.030372992157936096
1597	0.029507089406251907
1598	0.047965213656425476
1599	0.023659978061914444
1600	0.030215054750442505
1601	0.014193485490977764
1602	0.013520627282559872
1603	0.01031933631747961
1604	0.00917122419923544
1605	0.006688897497951984
1606	0.00719995005056262
1607	0.010181865654885769
1608	0.01175597496330738
1609	0.010361100547015667
1610	0.011388625018298626
1611	0.008541999384760857
1612	0.012435183860361576
1613	0.010857727378606796
1614	0.015011501498520374
1615	0.010930560529232025
1616	0.013600078411400318
1617	0.012130855582654476
1618	0.014423581771552563
1619	0.01467233058065176
1620	0.02107808366417885
1621	0.021684322506189346
1622	0.02012830786406994
1623	0.02582455240190029
1624	0.0855151042342186
1625	0.17737559974193573
1626	0.186803936958313
1627	0.3126583695411682
1628	0.2062966376543045
1629	0.14778771996498108
1630	0.1252671480178833
1631	0.030019942671060562
1632	0.029579898342490196
1633	0.01674128882586956
1634	0.028886636719107628
1635	0.015975642949342728
1636	0.011960677802562714
1637	0.010207139886915684
1638	0.014404714107513428
1639	0.017860522493720055
1640	0.02306402660906315
1641	0.05123593285679817
1642	0.043598372489213943
1643	0.01692352257668972
1644	0.01324545033276081
1645	0.00891887117177248
1646	0.012623992748558521
1647	0.008006260730326176
1648	0.009870601817965508
1649	0.00765553442761302
1650	0.007336904760450125
1651	0.006810012739151716
1652	0.008077888749539852
1653	0.006097847130149603
1654	0.00836404599249363
1655	0.007092376239597797
1656	0.008621513843536377
1657	0.010086080059409142
1658	0.009144330397248268
1659	0.010776309296488762
1660	0.01358544547110796
1661	0.012667079456150532
1662	0.015562722459435463
1663	0.012219551019370556
1664	0.014694633893668652
1665	0.01467125117778778
1666	0.013647088780999184
1667	0.014853200875222683
1668	0.01070943009108305
1669	0.010515773668885231
1670	0.010988271795213223
1671	0.013620594516396523
1672	0.009277504868805408
1673	0.010768849402666092
1674	0.009426168166100979
1675	0.009780949912965298
1676	0.010262779891490936
1677	0.00930524617433548
1678	0.01016814075410366
1679	0.011403149925172329
1680	0.011783644556999207
1681	0.00975982379168272
1682	0.010460878722369671
1683	0.013722709380090237
1684	0.021675802767276764
1685	0.02044657990336418
1686	0.013114712201058865
1687	0.023784657940268517
1688	0.013810074888169765
1689	0.009745354764163494
1690	0.017346329987049103
1691	0.012297394685447216
1692	0.017063958570361137
1693	0.010990329086780548
1694	0.012251564301550388
1695	0.012812666594982147
1696	0.027984190732240677
1697	0.01649826392531395
1698	0.027128083631396294
1699	0.026417268440127373
1700	0.036543749272823334
1701	0.02807433344423771
1702	0.052798520773649216
1703	0.030192572623491287
1704	0.03416435047984123
1705	0.023024627938866615
1706	0.04015020281076431
1707	0.04684622958302498
1708	0.049665022641420364
1709	0.0344228558242321
1710	0.027747219428420067
1711	0.020747918635606766
1712	0.06794861704111099
1713	0.021948043256998062
1714	0.01873965375125408
1715	0.013581410050392151
1716	0.011701314710080624
1717	0.011973396874964237
1718	0.01598620042204857
1719	0.02894740179181099
1720	0.029346568509936333
1721	0.028631320223212242
1722	0.055320609360933304
1723	0.022312359884381294
1724	0.02761186473071575
1725	0.022835740819573402
1726	0.00947690661996603
1727	0.008211028762161732
1728	0.008562694303691387
1729	0.00864602904766798
1730	0.009822892025113106
1731	0.008107585832476616
1732	0.009318685159087181
1733	0.009166481904685497
1734	0.01466648280620575
1735	0.016923848539590836
1736	0.11221825331449509
1737	0.09721437841653824
1738	0.27106261253356934
1739	0.12366380542516708
1740	0.1306888908147812
1741	0.10292167961597443
1742	0.1456116884946823
1743	0.09074666351079941
1744	0.3483278453350067
1745	0.19488517940044403
1746	0.2540421187877655
1747	0.03952756151556969
1748	0.13358166813850403
1749	0.014221752993762493
1750	0.030770136043429375
1751	0.011202960275113583
1752	0.0697258934378624
1753	0.03264782577753067
1754	0.13891403377056122
1755	0.026921570301055908
1756	0.16697682440280914
1757	0.08002268522977829
1758	0.34071680903434753
1759	0.12014684826135635
1760	0.39391472935676575
1761	0.1430862694978714
1762	0.29211926460266113
1763	0.2818399965763092
1764	0.5010740160942078
1765	0.3928261697292328
1766	0.31112146377563477
1767	0.334947407245636
1768	0.6077035665512085
1769	0.4233788549900055
1770	0.30335766077041626
1771	0.09547894448041916
1772	0.17254118621349335
1773	0.06073562055826187
1774	0.2685494124889374
1775	0.32789477705955505
1776	0.3764900267124176
1777	0.27171844244003296
1778	0.42813840508461
1779	0.4184621274471283
1780	0.3676779568195343
1781	0.11009977012872696
1782	0.08279553055763245
1783	0.04501848295331001
1784	0.05587051436305046
1785	0.025253666564822197
1786	0.03300766274333
1787	0.013514420948922634
1788	0.01586739718914032
1789	0.012675145640969276
1790	0.009678952395915985
1791	0.007571499329060316
1792	0.008296585641801357
1793	0.007947912439703941
1794	0.0070666163228452206
1795	0.007214610930532217
1796	0.007764601614326239
1797	0.007744402624666691
1798	0.011079776100814342
1799	0.010305903851985931
1800	0.013552024960517883
1801	0.018546897917985916
1802	0.009769014082849026
1803	0.005494292825460434
1804	0.009060974232852459
1805	0.008448331616818905
1806	0.012115242891013622
1807	0.00899976771324873
1808	0.015493943355977535
1809	0.010481174103915691
1810	0.012250128202140331
1811	0.008644015528261662
1812	0.008624742738902569
1813	0.0076536457054317
1814	0.009933792054653168
1815	0.006111880298703909
1816	0.007436648942530155
1817	0.007067723665386438
1818	0.008286888711154461
1819	0.006684012711048126
1820	0.00846031028777361
1821	0.007249975111335516
1822	0.007282775826752186
1823	0.007534800563007593
1824	0.00818744208663702
1825	0.01125740259885788
1826	0.013745625503361225
1827	0.009892063215374947
1828	0.011394374072551727
1829	0.008915843442082405
1830	0.008856844156980515
1831	0.009621231816709042
1832	0.009029664099216461
1833	0.009254912845790386
1834	0.009187564253807068
1835	0.009834623895585537
1836	0.0114797567948699
1837	0.008349099196493626
1838	0.012974428944289684
1839	0.012496136128902435
1840	0.01259585190564394
1841	0.022402813658118248
1842	0.0251705851405859
1843	0.023294642567634583
1844	0.04630187153816223
1845	0.042054276913404465
1846	0.026933280751109123
1847	0.026310602203011513
1848	0.02906971238553524
1849	0.02108306996524334
1850	0.029548240825533867
1851	0.03367659077048302
1852	0.023833490908145905
1853	0.027495140209794044
1854	0.03294116258621216
1855	0.03148699551820755
1856	0.04628293961286545
1857	0.01517823338508606
1858	0.01876950077712536
1859	0.010477776639163494
1860	0.00927028525620699
1861	0.006285408046096563
1862	0.008491335436701775
1863	0.007196945138275623
1864	0.01325064804404974
1865	0.01889585517346859
1866	0.017082398757338524
1867	0.06495144963264465
1868	0.12373020499944687
1869	0.06895545870065689
1870	0.15992510318756104
1871	0.03532877191901207
1872	0.03557031974196434
1873	0.04370038956403732
1874	0.11368675529956818
1875	0.0915326252579689
1876	0.10293982177972794
1877	0.1486542671918869
1878	0.1562591791152954
1879	0.087750643491745
1880	0.1249200701713562
1881	0.024787137284874916
1882	0.21034815907478333
1883	0.15410660207271576
1884	0.04090021178126335
1885	0.11962099373340607
1886	0.15852530300617218
1887	0.16735577583312988
1888	0.19508828222751617
1889	0.09914063662290573
1890	0.1252152919769287
1891	0.05449127033352852
1892	0.08733636885881424
1893	0.07596003264188766
1894	0.08494314551353455
1895	0.05956798791885376
1896	0.07978221029043198
1897	0.052973389625549316
1898	0.043674830347299576
1899	0.07969838380813599
1900	0.0798703283071518
1901	0.1609971970319748
1902	0.09638165682554245
1903	0.07492898404598236
1904	0.09080932289361954
1905	0.028120556846261024
1906	0.022314049303531647
1907	0.02557370625436306
1908	0.03130951523780823
1909	0.040759772062301636
1910	0.1578231304883957
1911	0.1922900527715683
1912	0.1812090128660202
1913	0.06925022602081299
1914	0.1276545524597168
1915	0.1085352823138237
1916	0.05842304974794388
1917	0.044359929859638214
1918	0.044903337955474854
1919	0.055444855242967606
1920	0.31581780314445496
1921	0.044105034321546555
1922	0.20290222764015198
1923	0.1711784452199936
1924	0.23181596398353577
1925	0.104178786277771
1926	0.2465408891439438
1927	0.11674030125141144
1928	0.1903810054063797
1929	0.11523201316595078
1930	0.11200370639562607
1931	0.1272004395723343
1932	0.034225255250930786
1933	0.022851362824440002
1934	0.02032308839261532
1935	0.038759563118219376
1936	0.12169485539197922
1937	0.06263895332813263
1938	0.052903998643159866
1939	0.0647100955247879
1940	0.08614418655633926
1941	0.0626535564661026
1942	0.0808001384139061
1943	0.05077439546585083
1944	0.09843011945486069
1945	0.04685521870851517
1946	0.020898621529340744
1947	0.020181355997920036
1948	0.02813512459397316
1949	0.0461159311234951
1950	0.03677627444267273
1951	0.252913236618042
1952	0.14603228867053986
1953	0.10629947483539581
1954	0.18643490970134735
1955	0.12371253967285156
1956	0.093804270029068
1957	0.10560091584920883
1958	0.07625194638967514
1959	0.06433560699224472
1960	0.05920952558517456
1961	0.06574472039937973
1962	0.044715624302625656
1963	0.12361963093280792
1964	0.08142492920160294
1965	0.056645091623067856
1966	0.09643268585205078
1967	0.23139314353466034
1968	0.09189610928297043
1969	0.11691559851169586
1970	0.25191599130630493
1971	0.1362307369709015
1972	0.12402232736349106
1973	0.16030080616474152
1974	0.13043391704559326
1975	0.03508077189326286
1976	0.18618722259998322
1977	0.06712250411510468
1978	0.18568578362464905
1979	0.21396136283874512
1980	0.4920055568218231
1981	0.1976337730884552
1982	0.37245768308639526
