frame	prob
0	0.005277935415506363
1	0.0034660124219954014
2	0.003405638039112091
3	0.004025829490274191
4	0.003994779661297798
5	0.0033006228040903807
6	0.003973671700805426
7	0.004566553980112076
8	0.0041223191656172276
9	0.004687899257987738
10	0.0043315100483596325
11	0.00489771319553256
12	0.004166935104876757
13	0.004025666508823633
14	0.004531283862888813
15	0.004270871169865131
16	0.0044373697601258755
17	0.004366591572761536
18	0.00535332877188921
19	0.005803284235298634
20	0.006171018350869417
21	0.003890401218086481
22	0.003969817887991667
23	0.0035636562388390303
24	0.0039882902055978775
25	0.00452034967020154
26	0.005504152271896601
27	0.004838903434574604
28	0.0075824870727956295
29	0.005923788994550705
30	0.017382826656103134
31	0.013025308959186077
32	0.009749255143105984
33	0.00767512759193778
34	0.005780038423836231
35	0.004596929531544447
36	0.005242160987108946
37	0.0063018472865223885
38	0.006569911725819111
39	0.009752164594829082
40	0.008037722669541836
41	0.007460308261215687
42	0.005841447971761227
43	0.00824632216244936
44	0.007945983670651913
45	0.005412209779024124
46	0.005803218111395836
47	0.005251173861324787
48	0.00744693074375391
49	0.008564937859773636
50	0.012420612387359142
51	0.023952776566147804
52	0.026423394680023193
53	0.00596971157938242
54	0.006206958554685116
55	0.009067699313163757
56	0.0070823668502271175
57	0.006385257933288813
58	0.007284458726644516
59	0.004731766879558563
60	0.006091523449867964
61	0.005654564127326012
62	0.005523071624338627
63	0.005323656834661961
64	0.006537602283060551
65	0.005728255491703749
66	0.006418196950107813
67	0.005492348689585924
68	0.0073712170124053955
69	0.007226622197777033
70	0.006864485796540976
71	0.009102197363972664
72	0.009448274970054626
73	0.009329102002084255
74	0.010394945740699768
75	0.008678413927555084
76	0.011256770230829716
77	0.016143200919032097
78	0.016376838088035583
79	0.03576049581170082
80	0.01966950111091137
81	0.03917526826262474
82	0.0664597898721695
83	0.09723637253046036
84	0.07987893372774124
85	0.045281607657670975
86	0.03525599092245102
87	0.02445214055478573
88	0.019657421857118607
89	0.0380735918879509
90	0.1015016958117485
91	0.062475886195898056
92	0.07330884784460068
93	0.04380692169070244
94	0.06900383532047272
95	0.07327025383710861
96	0.08931748569011688
97	0.04066504165530205
98	0.04443812742829323
99	0.03699036315083504
100	0.029817575588822365
101	0.05274026468396187
102	0.03334232047200203
103	0.029789363965392113
104	0.029847336933016777
105	0.03327407315373421
106	0.022907523438334465
107	0.02138456515967846
108	0.017491668462753296
109	0.01595492660999298
110	0.014182579703629017
111	0.012873105704784393
112	0.012886916287243366
113	0.012865197844803333
114	0.01131650060415268
115	0.012887716293334961
116	0.014389634132385254
117	0.011819821782410145
118	0.015166908502578735
119	0.013346853666007519
120	0.011291727423667908
121	0.018846575170755386
122	0.01326502114534378
123	0.013461396098136902
124	0.011862344108521938
125	0.014104336500167847
126	0.011198536492884159
127	0.011578823439776897
128	0.011646564118564129
129	0.012140689417719841
130	0.015840182080864906
131	0.015857182443141937
132	0.015931377187371254
133	0.017781918868422508
134	0.02285098098218441
135	0.022640302777290344
136	0.01909710466861725
137	0.03336029872298241
138	0.022272661328315735
139	0.03739210590720177
140	0.02071450836956501
141	0.01804923638701439
142	0.04831467941403389
143	0.05203060060739517
144	0.04639479145407677
145	0.027810532599687576
146	0.01445100735872984
147	0.015062856487929821
148	0.008581387810409069
149	0.009587675333023071
150	0.009626402519643307
151	0.008668455295264721
152	0.008606698364019394
153	0.008358924649655819
154	0.008931067772209644
155	0.006683299783617258
156	0.008734374307096004
157	0.007439836859703064
158	0.00917663611471653
159	0.010077391751110554
160	0.013621537946164608
161	0.06316899508237839
162	0.11237248033285141
163	0.1405075639486313
164	0.07040784507989883
165	0.07788678258657455
166	0.06192184239625931
167	0.05376220867037773
168	0.03111577406525612
169	0.0343153141438961
170	0.014982498250901699
171	0.018023375421762466
172	0.01575087569653988
173	0.018112650141119957
174	0.022290457040071487
175	0.037315577268600464
176	0.021637095138430595
177	0.037765391170978546
178	0.019796499982476234
179	0.023424414917826653
180	0.0848427340388298
181	0.06679259240627289
182	0.08627142012119293
183	0.10281731188297272
184	0.12354408949613571
185	0.11605947464704514
186	0.08559956401586533
187	0.08406379073858261
188	0.05954265594482422
189	0.06319486349821091
190	0.11448533833026886
191	0.16599658131599426
192	0.09623847156763077
193	0.03159508854150772
194	0.021735185757279396
195	0.010650773532688618
196	0.011316127143800259
197	0.009499012492597103
198	0.010462946258485317
199	0.018664753064513206
200	0.0360570028424263
201	0.03728444129228592
202	0.06066698953509331
203	0.12237145006656647
204	0.08859191089868546
205	0.1520591378211975
206	0.10859308391809464
207	0.13668213784694672
208	0.11689593642950058
209	0.10234186798334122
210	0.013584631495177746
211	0.009933937340974808
212	0.01055580098181963
213	0.011291240341961384
214	0.012766069732606411
215	0.01154650654643774
216	0.010849174112081528
217	0.01041506975889206
218	0.009241938591003418
219	0.013281689956784248
220	0.010910830460488796
221	0.022408148273825645
222	0.019304176792502403
223	0.09041602909564972
224	0.17509911954402924
225	0.32055148482322693
226	0.5070594549179077
227	0.5876021385192871
228	0.4599888026714325
229	0.4331189692020416
230	0.10588274151086807
231	0.05505145713686943
232	0.03779469057917595
233	0.020535575225949287
234	0.02564886212348938
235	0.017910387367010117
236	0.01720575988292694
237	0.13080814480781555
238	0.2549128234386444
239	0.24295392632484436
240	0.1295066475868225
241	0.033980756998062134
242	0.024943126365542412
243	0.015393453650176525
244	0.010959560051560402
245	0.011021980084478855
246	0.011475259438157082
247	0.012657907791435719
248	0.018784215673804283
249	0.020860671997070312
250	0.01971905305981636
251	0.09677036106586456
252	0.10971298068761826
253	0.15155306458473206
254	0.31083986163139343
255	0.3002873361110687
256	0.3900143802165985
257	0.4155353009700775
258	0.5252951979637146
259	0.5229194760322571
260	0.6031853556632996
261	0.47476035356521606
262	0.32944226264953613
263	0.3213590681552887
264	0.3154895007610321
265	0.1711161732673645
266	0.11119788140058517
267	0.07840879261493683
268	0.019384829327464104
269	0.031470153480768204
270	0.03765947371721268
271	0.11775626987218857
272	0.29780885577201843
273	0.5090387463569641
274	0.5394414663314819
275	0.5069981813430786
276	0.4261685907840729
277	0.36641475558280945
278	0.2712691128253937
279	0.30574479699134827
280	0.23914003372192383
281	0.6669201254844666
282	0.376939594745636
283	0.5125234723091125
284	0.2781209647655487
285	0.4725821018218994
286	0.6420831084251404
287	0.7853761911392212
288	0.7949115037918091
289	0.8082432746887207
290	0.7902431488037109
291	0.8642013669013977
292	0.8101423382759094
293	0.8144945502281189
294	0.7890468835830688
295	0.80865478515625
296	0.8181201219558716
297	0.866460919380188
298	0.9148063659667969
299	0.7098293304443359
300	0.5106913447380066
301	0.6814883351325989
302	0.331402987241745
303	0.44657793641090393
304	0.3942221403121948
305	0.3146016597747803
306	0.4889233708381653
307	0.5373372435569763
308	0.46856483817100525
309	0.5284855961799622
310	0.48063215613365173
311	0.4433809220790863
312	0.5426065921783447
313	0.43703269958496094
314	0.5811764001846313
315	0.4680665135383606
316	0.3881753981113434
317	0.2999894618988037
318	0.5564857721328735
319	0.3740535378456116
320	0.5409235954284668
321	0.643852174282074
322	0.6505522131919861
323	0.55329829454422
324	0.5504136085510254
325	0.6307539343833923
326	0.37212976813316345
327	0.48962220549583435
328	0.26925358176231384
329	0.17597512900829315
330	0.3300413191318512
331	0.09896665066480637
332	0.02869727648794651
333	0.056438148021698
334	0.03387945890426636
335	0.11102228611707687
336	0.031823091208934784
337	0.04523893818259239
338	0.03612767532467842
339	0.06094462797045708
340	0.025625217705965042
341	0.025161463767290115
342	0.01683838479220867
343	0.013938072137534618
344	0.01239458005875349
345	0.01105105597525835
346	0.011134441010653973
347	0.009249738417565823
348	0.012939256615936756
349	0.0103828776627779
350	0.011482723988592625
351	0.011526898480951786
352	0.013689974322915077
353	0.016621515154838562
354	0.017779072746634483
355	0.013110614381730556
356	0.015111580491065979
357	0.011817393824458122
358	0.016407934948801994
359	0.02025882713496685
360	0.016324548050761223
361	0.02274116687476635
362	0.04596441984176636
363	0.11129532009363174
364	0.10076959431171417
365	0.07695420831441879
366	0.14476729929447174
367	0.10415666550397873
368	0.2908976972103119
369	0.34383508563041687
370	0.6270782947540283
371	0.5447137951850891
372	0.5662668943405151
373	0.5583299994468689
374	0.3019290864467621
375	0.4114832878112793
376	0.27487626671791077
377	0.2628873884677887
378	0.08305316418409348
379	0.0747528076171875
380	0.03709103539586067
381	0.0393027625977993
382	0.0791737362742424
383	0.08019711077213287
384	0.34994325041770935
385	0.23779116570949554
386	0.40986233949661255
387	0.4669837951660156
388	0.6740162968635559
389	0.7745800018310547
390	0.7784149050712585
391	0.8952987790107727
392	0.9473509192466736
393	0.8852737545967102
394	0.9126927256584167
395	0.9250112771987915
396	0.9339275360107422
397	0.8931044936180115
398	0.8804648518562317
399	0.9097873568534851
400	0.825221836566925
401	0.9062789082527161
402	0.9006943702697754
403	0.9087288975715637
404	0.9592025876045227
405	0.9293668866157532
406	0.9634395837783813
407	0.923541247844696
408	0.9416038393974304
409	0.9482142329216003
410	0.9492871165275574
411	0.9551761746406555
412	0.9486919641494751
413	0.9426271319389343
414	0.927554726600647
415	0.9326440691947937
416	0.9050637483596802
417	0.9050745964050293
418	0.8610817193984985
419	0.8268932700157166
420	0.8490422368049622
421	0.8091527819633484
422	0.8862608075141907
423	0.8158268332481384
424	0.4979316294193268
425	0.04498184472322464
426	0.014322317205369473
427	0.00796749722212553
428	0.00863438006490469
429	0.009311821311712265
430	0.008645583875477314
431	0.009773514233529568
432	0.009386640973389149
433	0.008766472339630127
434	0.01040621567517519
435	0.00912084337323904
436	0.014501148834824562
437	0.1499793976545334
438	0.1491498500108719
439	0.0208530705422163
440	0.011752691119909286
441	0.03346077352762222
442	0.20593591034412384
443	0.5365422368049622
444	0.5806305408477783
445	0.41829410195350647
446	0.3626687526702881
447	0.19550423324108124
448	0.012868865393102169
449	0.009787648916244507
450	0.008942978456616402
451	0.008495296351611614
452	0.01047791913151741
453	0.009020938538014889
454	0.007677053101360798
455	0.008369981311261654
456	0.009220774285495281
457	0.008506923913955688
458	0.007985490374267101
459	0.007802097592502832
460	0.00843542255461216
461	0.008763620629906654
462	0.00838821567595005
463	0.006048162933439016
464	0.008976932615041733
465	0.00802274327725172
466	0.008595025166869164
467	0.008412904106080532
468	0.009816424921154976
469	0.008835687302052975
470	0.008134572766721249
471	0.008728803135454655
472	0.008706371299922466
473	0.007556037046015263
474	0.00852926354855299
475	0.0072538587264716625
476	0.00882487092167139
477	0.0072784037329256535
478	0.008452909998595715
479	0.009258788079023361
480	0.009784052148461342
481	0.0063074082136154175
482	0.007966590113937855
483	0.009308143518865108
484	0.009685526601970196
485	0.010095721110701561
486	0.009979057125747204
487	0.0102748554199934
488	0.01026916690170765
489	0.008158661425113678
490	0.00901359785348177
491	0.008682237938046455
492	0.010857485234737396
493	0.010684509761631489
494	0.012689984403550625
495	0.009112737141549587
496	0.009024400264024734
497	0.008747384883463383
498	0.009489577263593674
499	0.00836325716227293
500	0.007381984498351812
501	0.008205446414649487
502	0.007212967611849308
503	0.007362207863479853
504	0.007013958878815174
505	0.008199244737625122
506	0.006168641149997711
507	0.008937464095652103
508	0.008681136183440685
509	0.009596665389835835
510	0.008166156709194183
511	0.006170974113047123
512	0.006482286844402552
513	0.00475528696551919
514	0.00600789999589324
515	0.005824862513691187
516	0.005201852880418301
517	0.006729871034622192
518	0.0053471471183001995
519	0.005694797728210688
520	0.008639461360871792
521	0.009635555557906628
522	0.008553733117878437
523	0.00848972238600254
524	0.008762826211750507
525	0.009289197623729706
526	0.009010822512209415
527	0.010636021383106709
528	0.0078025273978710175
529	0.0073789614252746105
530	0.0077512129209935665
531	0.008908565156161785
532	0.006934620440006256
533	0.007994545623660088
534	0.010256694629788399
535	0.012868908233940601
536	0.013475346378982067
537	0.014054730534553528
538	0.020828938111662865
539	0.022928891703486443
540	0.0219767764210701
541	0.019109195098280907
542	0.01994975470006466
543	0.01970849372446537
544	0.023967847228050232
545	0.02402595989406109
546	0.020200151950120926
547	0.031374141573905945
548	0.027463141828775406
549	0.040657609701156616
550	0.0198733638972044
551	0.04216945916414261
552	0.03383653238415718
553	0.04040340706706047
554	0.038989901542663574
555	0.06777363270521164
556	0.05631984397768974
557	0.061104513704776764
558	0.03064856305718422
559	0.042978305369615555
560	0.04423322156071663
561	0.07467074692249298
562	0.0537155456840992
563	0.043580297380685806
564	0.07936745882034302
565	0.04920012503862381
566	0.06731944531202316
567	0.06293099373579025
568	0.08226799964904785
569	0.07229528576135635
570	0.09008311480283737
571	0.07338599115610123
572	0.10343170166015625
573	0.0890478864312172
574	0.12352357059717178
575	0.10145171731710434
576	0.1308601349592209
577	0.16040341556072235
578	0.059800125658512115
579	0.08159710466861725
580	0.10602343082427979
581	0.11198046058416367
582	0.11413033306598663
583	0.1550297737121582
584	0.12845395505428314
585	0.18349240720272064
586	0.07396959513425827
587	0.08617087453603745
588	0.027836550027132034
589	0.03293855860829353
590	0.02907593920826912
591	0.02229291759431362
592	0.01614224724471569
593	0.02119852416217327
594	0.02706310525536537
595	0.028836650773882866
596	0.02554374933242798
597	0.07114662975072861
598	0.14197151362895966
599	0.10614991188049316
600	0.3309974670410156
601	0.12441229075193405
602	0.06770868599414825
603	0.060296058654785156
604	0.051010262221097946
605	0.05971980839967728
606	0.057843077927827835
607	0.08405780047178268
608	0.11843398958444595
609	0.15600644052028656
610	0.06417254358530045
611	0.03183963522315025
612	0.017452983185648918
613	0.020008711144328117
614	0.019955655559897423
615	0.01719672419130802
616	0.024309059605002403
617	0.024571938440203667
618	0.016669223085045815
619	0.040601860731840134
620	0.028402088209986687
621	0.034806396812200546
622	0.08360984921455383
623	0.16493435204029083
624	0.06506279855966568
625	0.0281402375549078
626	0.04031717777252197
627	0.0336853489279747
628	0.04663078486919403
629	0.0501098595559597
630	0.03644271194934845
631	0.1056593582034111
632	0.06046062335371971
633	0.07087857276201248
634	0.04905038699507713
635	0.06646332889795303
636	0.04536875709891319
637	0.07490888983011246
638	0.06332239508628845
639	0.057061631232500076
640	0.03938412666320801
641	0.049686480313539505
642	0.01902989111840725
643	0.012900158762931824
644	0.01199526246637106
645	0.012184600345790386
646	0.012140353210270405
647	0.010718688368797302
648	0.01048490684479475
649	0.009530922397971153
650	0.011465596966445446
651	0.010840480215847492
652	0.010015254840254784
653	0.010794669389724731
654	0.011270231567323208
655	0.011886370368301868
656	0.011954422108829021
657	0.012028463184833527
658	0.014929825440049171
659	0.011657195165753365
660	0.01346520334482193
661	0.01219258178025484
662	0.015877580270171165
663	0.014357611536979675
664	0.013385388068854809
665	0.009890364482998848
666	0.009611634537577629
667	0.008231384679675102
668	0.010455395095050335
669	0.008689994923770428
670	0.009133880026638508
671	0.009859055280685425
672	0.010311727412045002
673	0.009176701307296753
674	0.008886552415788174
675	0.007235601078718901
676	0.006183084566146135
677	0.006030713208019733
678	0.007608597632497549
679	0.005820044782012701
680	0.005668106954544783
681	0.005697635002434254
682	0.0035342376213520765
683	0.005038476083427668
684	0.005568583961576223
685	0.006571270525455475
686	0.00712541351094842
687	0.006265509407967329
688	0.005868576001375914
689	0.005781622137874365
690	0.00748338270932436
691	0.007971562445163727
692	0.011759252287447453
693	0.009222897700965405
694	0.008287443779408932
695	0.008629691787064075
696	0.007957356981933117
697	0.008285596035420895
698	0.008605214767158031
699	0.008321675471961498
700	0.009831398725509644
701	0.009685322642326355
702	0.009885376319289207
703	0.008934038691222668
704	0.009995760396122932
705	0.009342710487544537
706	0.009313883259892464
707	0.008540457114577293
708	0.00801665335893631
709	0.008589296601712704
710	0.008404619991779327
711	0.007019170559942722
712	0.007588219828903675
713	0.008836216293275356
714	0.007941639982163906
715	0.007464622147381306
716	0.00658261775970459
717	0.0058639463968575
718	0.005549582187086344
719	0.00640522688627243
720	0.005950985010713339
721	0.006894593592733145
722	0.0057518514804542065
723	0.007788028568029404
724	0.00738825649023056
725	0.007190076168626547
726	0.007214202079921961
727	0.006783655378967524
728	0.006629582028836012
729	0.007904275320470333
730	0.007616126444190741
731	0.006989625282585621
732	0.008049200288951397
733	0.008160685189068317
734	0.009737125597894192
735	0.010699707083404064
736	0.013283411972224712
737	0.012731400318443775
738	0.012736533768475056
739	0.014895632863044739
740	0.016608908772468567
741	0.01507539302110672
742	0.01349836029112339
743	0.014575830660760403
744	0.013004752807319164
745	0.010639761574566364
746	0.011975955218076706
747	0.010157172568142414
748	0.013580593280494213
749	0.015297755599021912
750	0.011214609257876873
751	0.0131757203489542
752	0.015093492344021797
753	0.017362430691719055
754	0.017617186531424522
755	0.01618032529950142
756	0.021391266956925392
757	0.020457882434129715
758	0.019463632255792618
759	0.02094484120607376
760	0.02418333664536476
761	0.033005453646183014
762	0.02546786144375801
763	0.02642902173101902
764	0.032148778438568115
765	0.03087288700044155
766	0.025592101737856865
767	0.026833927258849144
768	0.027388010174036026
769	0.0306870024651289
770	0.02968078851699829
771	0.03012334369122982
772	0.03250708803534508
773	0.02091347612440586
774	0.023604582995176315
775	0.027596134692430496
776	0.02544577233493328
777	0.021750515326857567
778	0.02222251705825329
779	0.019952384755015373
780	0.01731911301612854
781	0.01834692619740963
782	0.025797177106142044
783	0.020247796550393105
784	0.022705240175127983
785	0.02496322989463806
786	0.0217635165899992
787	0.018903879448771477
788	0.01621578447520733
789	0.02247948944568634
790	0.025300627574324608
791	0.01661922037601471
792	0.016658782958984375
793	0.025401273742318153
794	0.017956310883164406
795	0.018815884366631508
796	0.019032960757613182
797	0.028963817283511162
798	0.025592422112822533
799	0.04709533974528313
800	0.03554486483335495
801	0.03289812430739403
802	0.026808524504303932
803	0.02733665704727173
804	0.0224235188215971
805	0.021912729367613792
806	0.021740222349762917
807	0.02416868507862091
808	0.022593706846237183
809	0.020214704796671867
810	0.026492416858673096
811	0.02014300785958767
812	0.021270349621772766
813	0.01855453848838806
814	0.016118256375193596
815	0.018143033608794212
816	0.033080797642469406
817	0.04363052174448967
818	0.026819175109267235
819	0.02097141742706299
820	0.023669574409723282
821	0.023883480578660965
822	0.015430676750838757
823	0.01649351790547371
824	0.015041283331811428
825	0.015968376770615578
826	0.017719900235533714
827	0.01485076267272234
828	0.013702821917831898
829	0.01755707524716854
830	0.015493372455239296
831	0.019383901730179787
832	0.018366573378443718
833	0.017405586317181587
834	0.01665506325662136
835	0.020010342821478844
836	0.016926942393183708
837	0.020043138414621353
838	0.02774847112596035
839	0.030240291729569435
840	0.016621995717287064
841	0.025530178099870682
842	0.029335344210267067
843	0.023674359545111656
844	0.021790169179439545
845	0.029909208416938782
846	0.028758585453033447
847	0.0324866808950901
848	0.019522659480571747
849	0.015005068853497505
850	0.017282499000430107
851	0.015122097916901112
852	0.017972607165575027
853	0.016779420897364616
854	0.01662576198577881
855	0.02347925677895546
856	0.028338123112916946
857	0.10634972900152206
858	0.04114435240626335
859	0.03614480048418045
860	0.025222668424248695
861	0.017060721293091774
862	0.013821116648614407
863	0.012326771393418312
864	0.014689338393509388
865	0.012131310068070889
866	0.013846278190612793
867	0.014934532344341278
868	0.021016228944063187
869	0.018062753602862358
870	0.021076016128063202
871	0.02530992589890957
872	0.025620562955737114
873	0.0355059914290905
874	0.024421826004981995
875	0.03876307234168053
876	0.04392050579190254
877	0.02806072309613228
878	0.02684679627418518
879	0.030665040016174316
880	0.016513308510184288
881	0.037901055067777634
882	0.04446670785546303
883	0.02491447702050209
884	0.03313435986638069
885	0.026247430592775345
886	0.05386632680892944
887	0.039382703602313995
888	0.03781592473387718
889	0.04732014238834381
890	0.04801502823829651
891	0.10337843000888824
892	0.05739578232169151
893	0.08051206171512604
894	0.09391539543867111
895	0.16628798842430115
896	0.33828115463256836
897	0.2768223285675049
898	0.07849305868148804
899	0.058130767196416855
900	0.026140067726373672
901	0.02315632812678814
902	0.02318648062646389
903	0.03717688471078873
904	0.07000984996557236
905	0.19623403251171112
906	0.23469924926757812
907	0.08106154203414917
908	0.04412142559885979
909	0.032617684453725815
910	0.020505649968981743
911	0.01737319491803646
912	0.020542500540614128
913	0.021158432587981224
914	0.015414065681397915
915	0.016681671142578125
916	0.021503081545233727
917	0.016482645645737648
918	0.020839883014559746
919	0.021404219791293144
920	0.025556564331054688
921	0.01970486156642437
922	0.01943804696202278
923	0.013945193961262703
924	0.015658609569072723
925	0.013403101824223995
926	0.016421763226389885
927	0.016465703025460243
928	0.01769275963306427
929	0.012847400270402431
930	0.014946690760552883
931	0.012863141484558582
932	0.012510075233876705
933	0.015019974671304226
934	0.01801059953868389
935	0.01851676218211651
936	0.01759370043873787
937	0.03078390471637249
938	0.020220337435603142
939	0.03169252350926399
940	0.033741794526576996
941	0.03186313435435295
942	0.036999061703681946
943	0.03378576412796974
944	0.06365948915481567
945	0.1579938679933548
946	0.15814556181430817
947	0.09529855102300644
948	0.10034097731113434
949	0.1407349556684494
950	0.11887923628091812
951	0.1049807071685791
952	0.34660035371780396
953	0.1346801221370697
954	0.09121256321668625
955	0.03855767846107483
956	0.01882263831794262
957	0.036890413612127304
958	0.02874124050140381
959	0.013144913129508495
960	0.018564274534583092
961	0.010897266678512096
962	0.00986014399677515
963	0.010320276021957397
964	0.009849180467426777
965	0.010709293186664581
966	0.012299451977014542
967	0.011077540926635265
968	0.010804196819663048
969	0.011204695329070091
970	0.010466943494975567
971	0.010770115070044994
972	0.01272667944431305
973	0.008927267976105213
974	0.015262797474861145
975	0.021515054628252983
976	0.07731813937425613
977	0.0708506777882576
978	0.03185948356986046
979	0.016343772411346436
980	0.013051532208919525
981	0.011028212495148182
982	0.012853122316300869
983	0.011721182614564896
984	0.01695418357849121
985	0.016833839938044548
986	0.015733597800135612
987	0.02036137506365776
988	0.023527953773736954
989	0.023582838475704193
990	0.024689555168151855
991	0.014644778333604336
992	0.013850146904587746
993	0.008723159320652485
994	0.007517541293054819
995	0.009956716559827328
996	0.007006407715380192
997	0.007622223347425461
998	0.006992671173065901
999	0.0076047801412642
1000	0.008323848247528076
1001	0.008811376057565212
1002	0.007702405098825693
1003	0.006938090082257986
1004	0.007646352984011173
1005	0.008424120955169201
1006	0.007838471792638302
1007	0.007343200501054525
1008	0.005929961334913969
1009	0.006939611863344908
1010	0.00720239570364356
1011	0.007408048491925001
1012	0.006139238830655813
1013	0.00844266265630722
1014	0.00556785985827446
1015	0.004267621319741011
1016	0.004035789053887129
1017	0.005995610263198614
1018	0.006864480208605528
1019	0.009466232731938362
1020	0.011095418594777584
1021	0.011143224313855171
1022	0.008875424973666668
1023	0.007723501417785883
1024	0.010254348628222942
1025	0.010272866114974022
1026	0.009668033570051193
1027	0.009303444065153599
1028	0.008209150284528732
1029	0.009053590707480907
1030	0.00663770129904151
1031	0.005708805751055479
1032	0.006593767087906599
1033	0.0064270044676959515
1034	0.008944886736571789
1035	0.01002417504787445
1036	0.010788454674184322
1037	0.013171828351914883
1038	0.015080421231687069
1039	0.009118308313190937
1040	0.0170819703489542
1041	0.016106903553009033
1042	0.015663014724850655
1043	0.01394155528396368
1044	0.010777445510029793
1045	0.010007240809500217
1046	0.010682514868676662
1047	0.011578395962715149
1048	0.009985706768929958
1049	0.013891706243157387
1050	0.012809890322387218
1051	0.013227179646492004
1052	0.01294612605124712
1053	0.015238863416016102
1054	0.01058757584542036
1055	0.011704539880156517
1056	0.009346435777842999
1057	0.008289474062621593
1058	0.006964182946830988
1059	0.006314919330179691
1060	0.005708947312086821
1061	0.00711508234962821
1062	0.006383074913173914
1063	0.009206277318298817
1064	0.011944535188376904
1065	0.014486471191048622
1066	0.01008607354015112
1067	0.007302026730030775
1068	0.005769208539277315
1069	0.007247473578900099
1070	0.006961523089557886
1071	0.005475376266986132
1072	0.007068058010190725
1073	0.008595163933932781
1074	0.008449765853583813
1075	0.009671280160546303
1076	0.00793879758566618
1077	0.011667619459331036
1078	0.01491130143404007
1079	0.010935685597360134
1080	0.013102068565785885
1081	0.011786792427301407
1082	0.01511355396360159
1083	0.013411516323685646
1084	0.01235076505690813
1085	0.012955320067703724
1086	0.013855676166713238
1087	0.013127544894814491
1088	0.01110781915485859
1089	0.009688089601695538
1090	0.012108209542930126
1091	0.010179787874221802
1092	0.01493657287210226
1093	0.010517241433262825
1094	0.012035543099045753
1095	0.01158288586884737
1096	0.012339805252850056
1097	0.010777086019515991
1098	0.011124915443360806
1099	0.011778551153838634
1100	0.016266465187072754
1101	0.013468639925122261
1102	0.00849974062293768
1103	0.01404774934053421
1104	0.009902146644890308
1105	0.006158893927931786
1106	0.008766701444983482
1107	0.011042065918445587
1108	0.011081439442932606
1109	0.01211773045361042
1110	0.011202079243957996
1111	0.01650780253112316
1112	0.012320445850491524
1113	0.012422392144799232
1114	0.011628893204033375
1115	0.012015816755592823
1116	0.011417265050113201
1117	0.012010091915726662
1118	0.01178677286952734
1119	0.011826977133750916
1120	0.011490843258798122
1121	0.0076567381620407104
1122	0.009295816533267498
1123	0.011385283432900906
1124	0.015876377001404762
1125	0.014196330681443214
1126	0.010042378678917885
1127	0.01270276214927435
1128	0.009845588356256485
1129	0.011798667721450329
1130	0.010342217981815338
1131	0.012698081322014332
1132	0.012191708199679852
1133	0.016452571377158165
1134	0.011050386354327202
1135	0.014052420854568481
1136	0.014196551404893398
1137	0.017443662509322166
1138	0.011012322269380093
1139	0.011215921491384506
1140	0.01059752982109785
1141	0.007125903852283955
1142	0.008688750676810741
1143	0.010563298128545284
1144	0.012938550673425198
1145	0.012941374443471432
1146	0.01137601863592863
1147	0.012623575516045094
1148	0.010689491406083107
1149	0.011101968586444855
1150	0.01228202786296606
1151	0.00926973856985569
1152	0.012251405976712704
1153	0.011481553316116333
1154	0.011140011250972748
1155	0.009197610430419445
1156	0.010930201970040798
1157	0.010798553936183453
1158	0.01244433969259262
1159	0.011492186225950718
1160	0.013600832782685757
1161	0.010851000435650349
1162	0.00872979685664177
1163	0.011136382818222046
1164	0.01179148443043232
1165	0.011032815091311932
1166	0.011316139250993729
1167	0.01085688080638647
1168	0.0097641721367836
1169	0.010265960358083248
1170	0.01269685011357069
1171	0.011046684347093105
1172	0.012215021066367626
1173	0.010734537616372108
1174	0.013162671588361263
1175	0.01201679464429617
1176	0.013042762875556946
1177	0.015479824505746365
1178	0.018855344504117966
1179	0.018150461837649345
1180	0.019966429099440575
1181	0.010971404612064362
1182	0.021844303235411644
1183	0.017042534425854683
1184	0.017898455262184143
1185	0.017228558659553528
1186	0.014565217308700085
1187	0.015071197412908077
1188	0.017873723059892654
1189	0.013179250061511993
1190	0.012821050360798836
1191	0.01446766871958971
1192	0.01207343116402626
1193	0.008740521036088467
1194	0.00902627781033516
1195	0.008661295287311077
1196	0.0067975870333611965
1197	0.012354157865047455
1198	0.009056545794010162
1199	0.006398289930075407
1200	0.008282375521957874
1201	0.015588763169944286
1202	0.012723902240395546
1203	0.010147164575755596
1204	0.009013042785227299
1205	0.011928670108318329
1206	0.011042128317058086
1207	0.010433472692966461
1208	0.010827803984284401
1209	0.011540541425347328
1210	0.01101654302328825
1211	0.011158269830048084
1212	0.013443857431411743
1213	0.011705676093697548
1214	0.014673438854515553
1215	0.015668710693717003
1216	0.014965972863137722
1217	0.011649529449641705
1218	0.013865691609680653
1219	0.01634267531335354
1220	0.023749513551592827
1221	0.01252670120447874
1222	0.027651503682136536
1223	0.014323788695037365
1224	0.023897340521216393
1225	0.014857920818030834
1226	0.016556238755583763
1227	0.01778043806552887
1228	0.02017250657081604
1229	0.017198333516716957
1230	0.027521327137947083
1231	0.02091844193637371
1232	0.02729666605591774
1233	0.016095593571662903
1234	0.025461051613092422
1235	0.019681988283991814
1236	0.01798146218061447
1237	0.022694507613778114
1238	0.01989883743226528
1239	0.016226518899202347
1240	0.01819550059735775
1241	0.028166109696030617
1242	0.019127432256937027
1243	0.01867109350860119
1244	0.02515089511871338
1245	0.01786774955689907
1246	0.02160288393497467
1247	0.01703527383506298
1248	0.022802717983722687
1249	0.013731841929256916
1250	0.014223714359104633
1251	0.01206286158412695
1252	0.02556086890399456
1253	0.018688462674617767
1254	0.020221048966050148
1255	0.01631731353700161
1256	0.013905095867812634
1257	0.01326914131641388
1258	0.01771664060652256
1259	0.011388540267944336
1260	0.014571482315659523
1261	0.010442930273711681
1262	0.011429245583713055
1263	0.010944119654595852
1264	0.01082345936447382
1265	0.010602313093841076
1266	0.008861619047820568
1267	0.011817648075520992
1268	0.01649441197514534
1269	0.012550395913422108
1270	0.012399738654494286
1271	0.013732793740928173
1272	0.01302223652601242
1273	0.017011871561408043
1274	0.012011107057332993
1275	0.012734062038362026
1276	0.014620321802794933
1277	0.010193035006523132
1278	0.009248130023479462
1279	0.012022946029901505
1280	0.011680464260280132
1281	0.008757113479077816
1282	0.008837020955979824
1283	0.009533725678920746
1284	0.010006466880440712
1285	0.008397146128118038
1286	0.008828927762806416
1287	0.011019808240234852
1288	0.011665535159409046
1289	0.011661062017083168
1290	0.012108901515603065
1291	0.011075750924646854
1292	0.012193421833217144
1293	0.009642909280955791
1294	0.008530096150934696
1295	0.010227054357528687
1296	0.009065541438758373
1297	0.0102861812338233
1298	0.010505779646337032
1299	0.009340377524495125
1300	0.009952345862984657
1301	0.00992251094430685
1302	0.010953547433018684
1303	0.011343719437718391
1304	0.013021796941757202
1305	0.00983855314552784
1306	0.012095068581402302
1307	0.011787398718297482
1308	0.010756723582744598
1309	0.00896556954830885
1310	0.013561352156102657
1311	0.010710052214562893
1312	0.013431914150714874
1313	0.009683647193014622
1314	0.010543244890868664
1315	0.009938503615558147
1316	0.012673774734139442
1317	0.00957135297358036
1318	0.01056757289916277
1319	0.01109809149056673
1320	0.009898572228848934
1321	0.008661000989377499
1322	0.009511451236903667
1323	0.011476007290184498
1324	0.008886298164725304
1325	0.007509294431656599
1326	0.012956810183823109
1327	0.012459630146622658
1328	0.01035610307008028
1329	0.010268345475196838
1330	0.010325470939278603
1331	0.007457949221134186
1332	0.00883906614035368
1333	0.010988748632371426
1334	0.01096584927290678
1335	0.011268424801528454
1336	0.009652887471020222
1337	0.007953728549182415
1338	0.009702571667730808
1339	0.00944568496197462
1340	0.010637178085744381
1341	0.008551589213311672
1342	0.009797443635761738
1343	0.009928694926202297
1344	0.01017789077013731
1345	0.013333913870155811
1346	0.01078005786985159
1347	0.011387146078050137
1348	0.008721208199858665
1349	0.013329110108315945
1350	0.009342922829091549
1351	0.012761294841766357
1352	0.012665728107094765
1353	0.007900729775428772
1354	0.009076098911464214
1355	0.01233716867864132
1356	0.01306287944316864
1357	0.007844038307666779
1358	0.00705207884311676
1359	0.006871040444821119
1360	0.00897900015115738
1361	0.006567137781530619
1362	0.007031713612377644
1363	0.007126523647457361
1364	0.006172365043312311
1365	0.007019318174570799
1366	0.009533675387501717
1367	0.012212158180773258
1368	0.010300430469214916
1369	0.010696827434003353
1370	0.011915273033082485
1371	0.007315542083233595
1372	0.011748095043003559
1373	0.007304776459932327
1374	0.011601313017308712
1375	0.00983490701764822
1376	0.00883333571255207
1377	0.009411978535354137
1378	0.007240773644298315
1379	0.010042517445981503
1380	0.009194611571729183
1381	0.01234679576009512
1382	0.008001687936484814
1383	0.009463314898312092
1384	0.010383297689259052
1385	0.01054143812507391
1386	0.009606323204934597
1387	0.013180980458855629
1388	0.010900079272687435
1389	0.009407497011125088
1390	0.008095920085906982
1391	0.007356762886047363
1392	0.007721054833382368
1393	0.006787227001041174
1394	0.006347361486405134
1395	0.00703258765861392
1396	0.007324751000851393
1397	0.006868836469948292
1398	0.008086798712611198
1399	0.006255634129047394
1400	0.005544989835470915
1401	0.006069488823413849
1402	0.006532806437462568
1403	0.0067960890009999275
1404	0.0051419357769191265
1405	0.005964269861578941
1406	0.005324356257915497
1407	0.004518951755017042
1408	0.0037426487542688847
1409	0.00461479602381587
1410	0.004484705626964569
1411	0.004143420606851578
1412	0.0039810906164348125
1413	0.00415696669369936
1414	0.0041202278807759285
1415	0.004800192546099424
1416	0.004504568874835968
1417	0.004027764778584242
1418	0.004862030502408743
1419	0.006482416298240423
1420	0.005262093152850866
1421	0.006370721850544214
1422	0.005239828955382109
1423	0.006030343007296324
1424	0.0066529856994748116
1425	0.005972383543848991
1426	0.006835907232016325
1427	0.007616641465574503
1428	0.006409281399101019
1429	0.005703605245798826
1430	0.005253104027360678
1431	0.005969314370304346
1432	0.006728312466293573
1433	0.010135432705283165
1434	0.011969456449151039
1435	0.009010346606373787
1436	0.008283047936856747
1437	0.011442478746175766
1438	0.006590206176042557
1439	0.012010511010885239
1440	0.00925405789166689
1441	0.010875637643039227
1442	0.021308114752173424
1443	0.017587533220648766
1444	0.013149203732609749
1445	0.021966202184557915
1446	0.011610927991569042
1447	0.01646842435002327
1448	0.014526084065437317
1449	0.02583031728863716
1450	0.0311367716640234
1451	0.05772888660430908
1452	0.025112170726060867
1453	0.0256593506783247
1454	0.09750097244977951
1455	0.029485926032066345
1456	0.03630657494068146
1457	0.05319562554359436
1458	0.07719395309686661
1459	0.1410297006368637
1460	0.04865146800875664
1461	0.13094329833984375
1462	0.1401687115430832
1463	0.13887764513492584
1464	0.10770931094884872
1465	0.2042655497789383
1466	0.1320122480392456
1467	0.25535234808921814
1468	0.29769060015678406
1469	0.21430793404579163
1470	0.2819528877735138
1471	0.33860036730766296
1472	0.39499273896217346
1473	0.3928430676460266
1474	0.3767271935939789
1475	0.38119712471961975
1476	0.4515906274318695
1477	0.46480676531791687
1478	0.2354186624288559
1479	0.23079533874988556
1480	0.23921401798725128
1481	0.09459152072668076
1482	0.07673373073339462
1483	0.0757942646741867
1484	0.1096043512225151
1485	0.06795120239257812
1486	0.051993317902088165
1487	0.07655660808086395
1488	0.07098270952701569
1489	0.07344943284988403
1490	0.039728328585624695
1491	0.1612139791250229
1492	0.29950568079948425
1493	0.32967373728752136
1494	0.22464780509471893
1495	0.3552932143211365
1496	0.3095817565917969
1497	0.29910406470298767
1498	0.41064271330833435
1499	0.3893403708934784
1500	0.4865429103374481
1501	0.5580447316169739
1502	0.669734001159668
1503	0.5170308351516724
1504	0.16937382519245148
1505	0.1256643533706665
1506	0.10228828340768814
1507	0.1678382158279419
1508	0.2440139353275299
1509	0.1372404545545578
1510	0.19800755381584167
1511	0.29112640023231506
1512	0.18401753902435303
1513	0.06469708681106567
1514	0.05375824123620987
1515	0.11329279094934464
1516	0.17277415096759796
1517	0.1627279669046402
1518	0.6480147242546082
1519	0.7649192810058594
1520	0.8797779083251953
1521	0.8897029161453247
1522	0.8337316513061523
1523	0.7491806149482727
1524	0.6221985816955566
1525	0.6583073735237122
1526	0.6832144856452942
1527	0.7221356630325317
1528	0.8391093611717224
1529	0.8655800819396973
1530	0.8699066042900085
1531	0.6845996975898743
1532	0.6098147034645081
1533	0.5032329559326172
1534	0.35851940512657166
1535	0.6424407362937927
1536	0.6854448318481445
1537	0.5478135943412781
1538	0.601030170917511
1539	0.5161687731742859
1540	0.3895919919013977
1541	0.34831786155700684
1542	0.2889558970928192
1543	0.3137134313583374
1544	0.33501574397087097
1545	0.5339347720146179
1546	0.36808571219444275
1547	0.6789357662200928
1548	0.7205289006233215
1549	0.744245171546936
1550	0.7158748507499695
1551	0.6308980584144592
1552	0.6294000744819641
1553	0.597536027431488
1554	0.647450864315033
1555	0.795187771320343
1556	0.7621495127677917
1557	0.7453151941299438
1558	0.8406591415405273
1559	0.8522706031799316
1560	0.9272802472114563
1561	0.9194542169570923
1562	0.9577364921569824
1563	0.9657192230224609
1564	0.957690417766571
1565	0.9832420349121094
1566	0.9598270654678345
1567	0.9593267440795898
1568	0.9717793464660645
1569	0.9758928418159485
1570	0.9554872512817383
1571	0.9685964584350586
1572	0.948283851146698
1573	0.9480100870132446
1574	0.888248860836029
1575	0.5816206336021423
1576	0.1034998819231987
1577	0.01807837374508381
1578	0.017870083451271057
1579	0.01762397587299347
1580	0.04139142110943794
1581	0.060336560010910034
1582	0.03421945124864578
1583	0.20666466653347015
1584	0.08476944267749786
1585	0.09215052425861359
1586	0.42605820298194885
1587	0.8341060876846313
1588	0.7262560129165649
1589	0.4610011577606201
1590	0.7375007271766663
1591	0.8667131662368774
1592	0.8693065047264099
1593	0.9311951994895935
1594	0.9037931561470032
1595	0.9272004961967468
1596	0.9281191825866699
1597	0.9476787447929382
1598	0.938629150390625
1599	0.9654324650764465
1600	0.9547135233879089
1601	0.9194380044937134
1602	0.86965411901474
1603	0.8004026412963867
1604	0.8217329382896423
1605	0.5489138960838318
1606	0.5450555086135864
1607	0.31184273958206177
1608	0.1708715558052063
1609	0.10649903118610382
1610	0.1678231805562973
1611	0.13632424175739288
1612	0.1104145273566246
1613	0.09734068065881729
1614	0.09259343892335892
1615	0.16736797988414764
1616	0.232011079788208
1617	0.19628599286079407
1618	0.3154243528842926
1619	0.46656808257102966
1620	0.7716037631034851
1621	0.6897765398025513
1622	0.7718457579612732
1623	0.7623316645622253
1624	0.7950732707977295
1625	0.8512622714042664
1626	0.4012468457221985
1627	0.4313993453979492
1628	0.8004862666130066
1629	0.9058748483657837
1630	0.9260998964309692
1631	0.8733183741569519
1632	0.8465635180473328
1633	0.8253812193870544
1634	0.8350979089736938
1635	0.9076671600341797
1636	0.8221918344497681
1637	0.9004581570625305
1638	0.8253179788589478
1639	0.8312657475471497
1640	0.8418061137199402
1641	0.8710713386535645
1642	0.8987211585044861
1643	0.8938009142875671
1644	0.8774305582046509
1645	0.8442994952201843
1646	0.5313321948051453
1647	0.08264901489019394
1648	0.022576993331313133
1649	0.009093190543353558
1650	0.011206383816897869
1651	0.012956234626471996
1652	0.012167263776063919
1653	0.01253606379032135
1654	0.008068129420280457
1655	0.007325560785830021
1656	0.006219693925231695
1657	0.006079132203012705
1658	0.004208200145512819
1659	0.005198330618441105
1660	0.007091437466442585
1661	0.005104235373437405
1662	0.008367447182536125
1663	0.007304476108402014
1664	0.011908261105418205
1665	0.015897376462817192
1666	0.019244074821472168
1667	0.023324595764279366
1668	0.024259641766548157
1669	0.012596267275512218
1670	0.009894548915326595
1671	0.010753750801086426
1672	0.01074164267629385
1673	0.012232217006385326
1674	0.013843163847923279
1675	0.012976901605725288
1676	0.010037451051175594
1677	0.009348444640636444
1678	0.007936522364616394
1679	0.008792164735496044
1680	0.014722484163939953
1681	0.010899278335273266
1682	0.012694820761680603
1683	0.007942448370158672
1684	0.010618861764669418
1685	0.009689101949334145
1686	0.013131831772625446
1687	0.008967396803200245
1688	0.013132834807038307
1689	0.00805180799216032
1690	0.013426524586975574
1691	0.011892861686646938
1692	0.011053781025111675
1693	0.013034649193286896
1694	0.008890192024409771
1695	0.010740685276687145
1696	0.008057835511863232
1697	0.010014509782195091
1698	0.012724491767585278
1699	0.01375770103186369
1700	0.014687687158584595
1701	0.017811045050621033
1702	0.013299231417477131
1703	0.014630827121436596
1704	0.015450808219611645
1705	0.017888417467474937
1706	0.017063481733202934
1707	0.012664616107940674
1708	0.012464036233723164
1709	0.012241479940712452
1710	0.014623445458710194
1711	0.017081856727600098
1712	0.013311179354786873
1713	0.017891492694616318
1714	0.017657501623034477
1715	0.018529022112488747
1716	0.013369341380894184
1717	0.01721915602684021
1718	0.016651546582579613
1719	0.017376301810145378
1720	0.020027128979563713
1721	0.015525810420513153
1722	0.014407211914658546
1723	0.014716066420078278
1724	0.01585283875465393
1725	0.0150004206225276
1726	0.017004724591970444
1727	0.016935642808675766
1728	0.015565273351967335
1729	0.014127119444310665
1730	0.014394320547580719
1731	0.013935120776295662
1732	0.01258072443306446
1733	0.013083023019134998
1734	0.01498574297875166
1735	0.0162151288241148
1736	0.015637977048754692
1737	0.014609083533287048
1738	0.013921423815190792
1739	0.014602914452552795
1740	0.00982725154608488
1741	0.010182931087911129
1742	0.013765583746135235
1743	0.007567583117634058
1744	0.008978222496807575
1745	0.010796529240906239
1746	0.011003675870597363
1747	0.008772057481110096
1748	0.007163058500736952
1749	0.010568833909928799
1750	0.006761811673641205
1751	0.010518195107579231
1752	0.01852439157664776
1753	0.010999741032719612
1754	0.01102379709482193
1755	0.011633278802037239
1756	0.0120625551789999
1757	0.01409692969173193
1758	0.01638861559331417
1759	0.014900964684784412
1760	0.017500780522823334
1761	0.012327874079346657
1762	0.014069491997361183
1763	0.01525881327688694
1764	0.012587003409862518
1765	0.01540918368846178
1766	0.016591733321547508
1767	0.014193742536008358
1768	0.013321483507752419
1769	0.01765102706849575
1770	0.014316988177597523
1771	0.01724865846335888
1772	0.012943602167069912
1773	0.013341471552848816
1774	0.0156746543943882
1775	0.016328874975442886
1776	0.01236055325716734
1777	0.012500548735260963
1778	0.016594910994172096
1779	0.021924419328570366
1780	0.01874556951224804
1781	0.015134303830564022
1782	0.0192201416939497
1783	0.015487533994019032
1784	0.01588451862335205
1785	0.012637984938919544
1786	0.02348969504237175
1787	0.012248258106410503
1788	0.016951337456703186
1789	0.014155990444123745
1790	0.0160866379737854
1791	0.015311083756387234
1792	0.01709682308137417
1793	0.017120162025094032
1794	0.014094647951424122
1795	0.013752198778092861
1796	0.015005910769104958
1797	0.013495302759110928
1798	0.011387544684112072
1799	0.014122364111244678
1800	0.01648324355483055
1801	0.011926387436687946
1802	0.013026172295212746
1803	0.017557960003614426
1804	0.014609068632125854
1805	0.012098073959350586
1806	0.011789076030254364
1807	0.016314614564180374
1808	0.015258065424859524
1809	0.012414074502885342
1810	0.01708417944610119
1811	0.015561290085315704
1812	0.01677822507917881
1813	0.014068513177335262
1814	0.01186289731413126
1815	0.012492706067860126
1816	0.011986068449914455
1817	0.013432308100163937
1818	0.012836650013923645
1819	0.015481769107282162
1820	0.011995188891887665
1821	0.014089100062847137
1822	0.014995257370173931
1823	0.016382314264774323
1824	0.015415404923260212
1825	0.015621321275830269
1826	0.013234498910605907
1827	0.014105773530900478
1828	0.013533229008316994
1829	0.013226165436208248
1830	0.011249708943068981
1831	0.012935839593410492
1832	0.012539546005427837
1833	0.013480189256370068
1834	0.0183891411870718
1835	0.012128375470638275
1836	0.016057876870036125
1837	0.01577663980424404
1838	0.014011590741574764
1839	0.013299255631864071
1840	0.0184799637645483
1841	0.015562607906758785
1842	0.014076799154281616
1843	0.012525363825261593
1844	0.014888745732605457
1845	0.017454586923122406
1846	0.01348711084574461
1847	0.02073562704026699
1848	0.017308492213487625
1849	0.014705884270370007
1850	0.01544943917542696
1851	0.01753878965973854
1852	0.017608923837542534
1853	0.015003225766122341
1854	0.015180014073848724
1855	0.014998233877122402
1856	0.015330547466874123
1857	0.019295109435915947
1858	0.0184637364000082
1859	0.017454830929636955
1860	0.01992349699139595
1861	0.016034869477152824
1862	0.01189549919217825
1863	0.013051934540271759
1864	0.01394452340900898
1865	0.012626752257347107
1866	0.010321425274014473
1867	0.009698125533759594
1868	0.016953561455011368
1869	0.008114585652947426
1870	0.009174959734082222
1871	0.011140386573970318
1872	0.01163840014487505
1873	0.011013435199856758
1874	0.00867138709872961
1875	0.009899022988975048
1876	0.011166577227413654
1877	0.008465917780995369
1878	0.0063324118964374065
1879	0.014718095771968365
1880	0.0156899131834507
1881	0.008814069442451
1882	0.008801537565886974
1883	0.007221476640552282
1884	0.010229142382740974
1885	0.009890340268611908
1886	0.011419763788580894
1887	0.011287849396467209
1888	0.01377920527011156
1889	0.00958004780113697
1890	0.010198500007390976
1891	0.010173873975872993
1892	0.010560211725533009
1893	0.010542668402194977
1894	0.01048627682030201
1895	0.01265567447990179
1896	0.012164403684437275
1897	0.010864289477467537
1898	0.009623504243791103
1899	0.010876418091356754
1900	0.012487311847507954
1901	0.010786858387291431
1902	0.012061960995197296
1903	0.011074266396462917
1904	0.013250580988824368
1905	0.010676324367523193
1906	0.012824720703065395
1907	0.010517609305679798
1908	0.011860506609082222
1909	0.012876379303634167
1910	0.01381702721118927
1911	0.010802055709064007
1912	0.015540915541350842
1913	0.010844875127077103
1914	0.011185009963810444
1915	0.010910065844655037
1916	0.01360542792826891
1917	0.012532186694443226
1918	0.0110721904784441
1919	0.01142037846148014
1920	0.010058912448585033
1921	0.00950180646032095
1922	0.010519862174987793
1923	0.010208888910710812
1924	0.00844615139067173
1925	0.011066685430705547
1926	0.011898670345544815
1927	0.01841779053211212
1928	0.014488400891423225
1929	0.018095066770911217
1930	0.012816688977181911
1931	0.014792968519032001
1932	0.011587748304009438
1933	0.013239470310509205
1934	0.019381094723939896
1935	0.014758544974029064
1936	0.01625703275203705
1937	0.02257474884390831
1938	0.01766725815832615
1939	0.0174605343490839
1940	0.026545856148004532
1941	0.01726783625781536
1942	0.015947597101330757
1943	0.012594527564942837
1944	0.012402655556797981
1945	0.012973660603165627
1946	0.01253713108599186
1947	0.015434007160365582
1948	0.013542457483708858
1949	0.012821492739021778
1950	0.012769326567649841
1951	0.013143213465809822
1952	0.0075210826471447945
1953	0.008803225122392178
1954	0.011860176920890808
1955	0.014659595675766468
1956	0.011452711187303066
1957	0.013031554408371449
1958	0.0169213879853487
1959	0.01218924205750227
1960	0.01065636146813631
1961	0.006208919454365969
1962	0.010566833429038525
1963	0.008059636689722538
1964	0.006981356535106897
1965	0.01050624717026949
1966	0.009170166216790676
1967	0.0095154894515872
1968	0.008439731784164906
1969	0.009246974252164364
1970	0.006448383908718824
1971	0.009078036062419415
1972	0.007722021546214819
