frame	prob
0	0.7679392695426941
1	0.8108574151992798
2	0.7299586534500122
3	0.6115687489509583
4	0.6489033102989197
5	0.6666168570518494
6	0.5803570747375488
7	0.7330271005630493
8	0.879041850566864
9	0.8215205073356628
10	0.7927947044372559
11	0.7551981806755066
12	0.7750785946846008
13	0.7885175347328186
14	0.8720386624336243
15	0.8752895593643188
16	0.8907556533813477
17	0.8233043551445007
18	0.8484731912612915
19	0.8215321898460388
20	0.8152336478233337
21	0.7254142165184021
22	0.7879495024681091
23	0.7876721620559692
24	0.8099490404129028
25	0.8326107263565063
26	0.7353329658508301
27	0.7598424553871155
28	0.7102949023246765
29	0.8602124452590942
30	0.9206089973449707
31	0.7681130766868591
32	0.8106643557548523
33	0.7674614191055298
34	0.1307036429643631
35	0.012874933890998363
36	0.010378199629485607
37	0.010731902904808521
38	0.010259910486638546
39	0.010668830946087837
40	0.010512092150747776
41	0.011748085729777813
42	0.01224365085363388
43	0.01407955028116703
44	0.02251259982585907
45	0.5952853560447693
46	0.8631135821342468
47	0.9111239314079285
48	0.9322420954704285
49	0.8689514398574829
50	0.9377018809318542
51	0.9392088055610657
52	0.899334728717804
53	0.8860978484153748
54	0.8873581290245056
55	0.8218913078308105
56	0.6816624999046326
57	0.6517571806907654
58	0.7879505157470703
59	0.805822491645813
60	0.7806331515312195
61	0.7824597358703613
62	0.780206024646759
63	0.5220222473144531
64	0.3640235960483551
65	0.025006568059325218
66	0.012162352912127972
67	0.012501954101026058
68	0.010276654735207558
69	0.014521971344947815
70	0.012837170623242855
71	0.013266204856336117
72	0.01270961668342352
73	0.014158263802528381
74	0.021772606298327446
75	0.26812776923179626
76	0.36338701844215393
77	0.8030228614807129
78	0.8692485690116882
79	0.7853205800056458
80	0.7938743829727173
81	0.8602348566055298
82	0.8145490884780884
83	0.8272841572761536
84	0.7924138307571411
85	0.8242432475090027
86	0.5508098006248474
87	0.3110791742801666
88	0.34049859642982483
89	0.46758779883384705
90	0.7560910582542419
91	0.7805892825126648
92	0.8292261362075806
93	0.8704816699028015
94	0.8868794441223145
95	0.8708349466323853
96	0.9157875180244446
97	0.8270949721336365
98	0.8895828127861023
99	0.8942700624465942
100	0.8652057647705078
101	0.8132433891296387
102	0.898411214351654
103	0.8300695419311523
104	0.795030951499939
105	0.8587687611579895
106	0.8535356521606445
107	0.9296008348464966
108	0.9214407205581665
109	0.9115051627159119
110	0.9268377423286438
111	0.8817911148071289
112	0.9374613165855408
113	0.8815858960151672
114	0.929176926612854
115	0.8931190371513367
116	0.9173121452331543
117	0.8561074137687683
118	0.27331939339637756
119	0.007175040431320667
120	0.008951825089752674
121	0.008669772185385227
122	0.010558448731899261
123	0.00924408994615078
124	0.00992912333458662
125	0.00921486783772707
126	0.00964527577161789
127	0.010531132109463215
128	0.009414118714630604
129	0.008842452429234982
130	0.009127562865614891
131	0.00887392833828926
132	0.008218013681471348
133	0.00811731070280075
134	0.008281335234642029
135	0.008548272773623466
136	0.007672150619328022
137	0.010971552692353725
138	0.009546701796352863
139	0.011041250079870224
140	0.012930485419929028
141	0.010540107265114784
142	0.009951509535312653
143	0.016674818471074104
144	0.011764023452997208
145	0.013641881756484509
146	0.017134875059127808
147	0.012824781239032745
148	0.009395459666848183
149	0.008018656633794308
150	0.00644109258428216
151	0.00939819123595953
152	0.008156622759997845
153	0.008878138847649097
154	0.007414271589368582
155	0.006950880866497755
156	0.007090132217854261
157	0.00653232354670763
158	0.006801567506045103
159	0.00537775969132781
160	0.0055998931638896465
161	0.006200832314789295
162	0.005688409321010113
163	0.004622082691639662
164	0.0060001942329108715
165	0.005992525722831488
166	0.005746723618358374
167	0.006189458072185516
168	0.005686475429683924
169	0.005138229113072157
170	0.006033924873918295
171	0.004710234235972166
172	0.005024127196520567
173	0.004239520523697138
174	0.005481161177158356
175	0.0042551057413220406
176	0.005279744043946266
177	0.005588676314800978
178	0.005551435984671116
179	0.00526737654581666
180	0.004790916573256254
181	0.0052949972450733185
182	0.006063496228307486
183	0.0059857419691979885
184	0.005004779901355505
185	0.00584272388368845
186	0.005048987455666065
187	0.005341391544789076
188	0.006011018995195627
189	0.005730833858251572
190	0.0054813954047858715
191	0.005947541911154985
192	0.005837676115334034
193	0.005497482605278492
194	0.005558233242481947
195	0.005725595634430647
196	0.005746638868004084
197	0.004877909552305937
198	0.007008273154497147
199	0.005645153112709522
200	0.004354848060756922
201	0.005663573741912842
202	0.00599002605304122
203	0.006034561432898045
204	0.005358549300581217
205	0.006400753743946552
206	0.006193576846271753
207	0.006611354649066925
208	0.00617680698633194
209	0.006574308965355158
210	0.0047166310250759125
211	0.006008471362292767
212	0.006550328340381384
213	0.006076350808143616
214	0.006807363126426935
215	0.005861695855855942
216	0.0055156610906124115
217	0.005925164557993412
218	0.006776391062885523
219	0.006107362452894449
220	0.00779411057010293
221	0.007205125875771046
222	0.00639881519600749
223	0.008644294925034046
224	0.007173540536314249
225	0.03928004950284958
226	0.07664447277784348
227	0.059923429042100906
228	0.054083723574876785
229	0.050804175436496735
230	0.12669479846954346
231	0.11104290932416916
232	0.02219400368630886
233	0.011299495585262775
234	0.011405271477997303
235	0.011731813661754131
236	0.011951274238526821
237	0.0117490841075778
238	0.011696074157953262
239	0.0242063757032156
240	0.119667649269104
241	0.20455418527126312
242	0.13738135993480682
243	0.04060710594058037
244	0.11664322763681412
245	0.18072529137134552
246	0.18190538883209229
247	0.24918118119239807
248	0.21849630773067474
249	0.28462156653404236
250	0.41962775588035583
251	0.46242770552635193
252	0.5427570343017578
253	0.30700281262397766
254	0.3201470375061035
255	0.4005446434020996
256	0.4467369019985199
257	0.5038634538650513
258	0.2967038154602051
259	0.4427919089794159
260	0.1318477839231491
261	0.03615759313106537
262	0.024477172642946243
263	0.014557967893779278
264	0.01679009012877941
265	0.012437956407666206
266	0.016373025253415108
267	0.010964643210172653
268	0.016198651865124702
269	0.012994304299354553
270	0.01669152081012726
271	0.011535587720572948
272	0.012091047130525112
273	0.010393408127129078
274	0.009515421465039253
275	0.00969830621033907
276	0.008850614540278912
277	0.009623645804822445
278	0.011463199742138386
279	0.01460485439747572
280	0.010956465266644955
281	0.011807562783360481
282	0.013069896958768368
283	0.010163676925003529
284	0.011823760345578194
285	0.00838559865951538
286	0.009994442574679852
287	0.010114694945514202
288	0.013180558569729328
289	0.010476204566657543
290	0.01046350784599781
291	0.020217595621943474
292	0.02210487239062786
293	0.446522057056427
294	0.7245524525642395
295	0.45952627062797546
296	0.39811813831329346
297	0.234140545129776
298	0.04805123433470726
299	0.12989190220832825
300	0.028499661013484
301	0.01808837242424488
302	0.02837400510907173
303	0.027526184916496277
304	0.038982149213552475
305	0.06285938620567322
306	0.1391134113073349
307	0.08417904376983643
308	0.15818308293819427
309	0.05984682962298393
310	0.1815345585346222
311	0.3736661970615387
312	0.6166186332702637
313	0.6919724345207214
314	0.7909635901451111
315	0.7046767473220825
316	0.6647394299507141
317	0.6002290844917297
318	0.6606404781341553
319	0.6333314180374146
320	0.7793267965316772
321	0.36921876668930054
322	0.16094720363616943
323	0.053672172129154205
324	0.02952655591070652
325	0.03939587250351906
326	0.046579111367464066
327	0.019519170746207237
328	0.02106812223792076
329	0.014800948090851307
330	0.01913980394601822
331	0.014340323396027088
332	0.0264416616410017
333	0.04909569025039673
334	0.02951843850314617
335	0.02146698348224163
336	0.005286559462547302
337	0.007215512450784445
338	0.008938550017774105
339	0.009751519188284874
340	0.013794888742268085
341	0.011315706185996532
342	0.005766976624727249
343	0.0067443507723510265
344	0.008304326795041561
345	0.008738218806684017
346	0.007632309105247259
347	0.007227243389934301
348	0.009379888884723186
349	0.008453925140202045
350	0.00851408950984478
351	0.007697078865021467
352	0.00880386121571064
353	0.008381856605410576
354	0.009103302843868732
355	0.008365266025066376
356	0.012404602952301502
357	0.012490279041230679
358	0.010125747881829739
359	0.014420106075704098
360	0.014654790051281452
361	0.017086360603570938
362	0.022882644087076187
363	0.012953204102814198
364	0.007295168936252594
365	0.005116588901728392
366	0.004457520786672831
367	0.006667530629783869
368	0.007033015135675669
369	0.008387066423892975
370	0.009441944770514965
371	0.013289742171764374
372	0.008926279842853546
373	0.008833368308842182
374	0.00905916839838028
375	0.013239202089607716
376	0.01515800692141056
377	0.023439541459083557
378	0.01939099095761776
379	0.02048797719180584
380	0.014029054902493954
381	0.009952559135854244
382	0.013351090252399445
383	0.01688976399600506
384	0.01328055839985609
385	0.010508346371352673
386	0.011355298571288586
387	0.014005379751324654
388	0.012469971552491188
389	0.011855678632855415
390	0.01023415382951498
391	0.013568997383117676
392	0.014937429688870907
393	0.013640348799526691
394	0.014293571002781391
395	0.01598484255373478
396	0.01606236957013607
397	0.0176014993339777
398	0.01628211885690689
399	0.018900660797953606
400	0.021773694083094597
401	0.021213768050074577
402	0.01666596345603466
403	0.015030882321298122
404	0.015082879923284054
405	0.01706521399319172
406	0.02263752557337284
407	0.013652431778609753
408	0.01837681420147419
409	0.012807044200599194
410	0.013025772757828236
411	0.01868504285812378
412	0.013513092882931232
413	0.017833171412348747
414	0.019026681780815125
415	0.01810421422123909
416	0.01712176762521267
417	0.016219070181250572
418	0.0275754164904356
419	0.019270580261945724
420	0.0201504435390234
421	0.014595088548958302
422	0.017453333362936974
423	0.012310768477618694
424	0.015426683239638805
425	0.012357876636087894
426	0.017811639234423637
427	0.023452838882803917
428	0.013223460875451565
429	0.016820495948195457
430	0.01287765521556139
431	0.013639556244015694
432	0.013500389643013477
433	0.013776130974292755
434	0.016717182472348213
435	0.014232650399208069
436	0.01285901851952076
437	0.010865235701203346
438	0.013617977499961853
439	0.016535602509975433
440	0.01306947972625494
441	0.01665790192782879
442	0.01450071670114994
443	0.014649196527898312
444	0.01949159801006317
445	0.015556314960122108
446	0.01534841675311327
447	0.015030145645141602
448	0.022025657817721367
449	0.020549694076180458
450	0.012232682667672634
451	0.01322235632687807
452	0.019768794998526573
453	0.013421994633972645
454	0.012266564182937145
455	0.014155360870063305
456	0.011476202867925167
457	0.018089935183525085
458	0.012688063085079193
459	0.01659986935555935
460	0.008373789489269257
461	0.008003764785826206
462	0.010599355213344097
463	0.007408726494759321
464	0.011404236778616905
465	0.00993405468761921
466	0.007359100040048361
467	0.011100941337645054
468	0.009206625632941723
469	0.01160952914506197
470	0.010438709519803524
471	0.01493490394204855
472	0.02099558152258396
473	0.016697799786925316
474	0.016554126515984535
475	0.02246345393359661
476	0.021420767530798912
477	0.017281852662563324
478	0.0313270278275013
479	0.020758116617798805
480	0.03480467572808266
481	0.025132490321993828
482	0.02120959758758545
483	0.02517043426632881
484	0.0208541601896286
485	0.01648753695189953
486	0.025691593065857887
487	0.021036705002188683
488	0.01779286004602909
489	0.013450833968818188
490	0.019839370623230934
491	0.015729257836937904
492	0.015432971529662609
493	0.019454484805464745
494	0.013930176384747028
495	0.011114336550235748
496	0.009980857372283936
497	0.011392091400921345
498	0.010006852447986603
499	0.01057345699518919
500	0.008697806857526302
501	0.009130844846367836
502	0.009650420397520065
503	0.01059648022055626
504	0.010776612907648087
505	0.008674068376421928
506	0.0077865831553936005
507	0.007837507873773575
508	0.007198491599410772
509	0.00627528503537178
510	0.006532673723995686
511	0.006085430271923542
512	0.007218777667731047
513	0.0063765631057322025
514	0.00803319551050663
515	0.007761670742183924
516	0.007829795591533184
517	0.006809760816395283
518	0.007341803517192602
519	0.006785748992115259
520	0.006053789984434843
521	0.00697900727391243
522	0.006109800189733505
523	0.005685101263225079
524	0.005610615946352482
525	0.0050897374749183655
526	0.00451074680313468
527	0.005033453460782766
528	0.004215444903820753
529	0.0052872709929943085
530	0.005807971116155386
531	0.0062636383809149265
532	0.00662651052698493
533	0.006629215087741613
534	0.004705383908003569
535	0.004875485319644213
536	0.004360823426395655
537	0.0045610712841153145
538	0.006358826998621225
539	0.009447774849832058
540	0.005838160868734121
541	0.004552783910185099
542	0.004837800748646259
543	0.004807610064744949
544	0.005254614632576704
545	0.004611229058355093
546	0.004548096563667059
547	0.004353891592472792
548	0.00527850491926074
549	0.004878589417785406
550	0.005132082384079695
551	0.005426480900496244
552	0.004858964588493109
553	0.005088826175779104
554	0.004610185045748949
555	0.00492769805714488
556	0.004651723895221949
557	0.004812383092939854
558	0.005147922318428755
559	0.005748167168349028
560	0.005772214382886887
561	0.0041145021095871925
562	0.004292470868676901
563	0.0040245517157018185
564	0.0037342458963394165
565	0.0031412297394126654
566	0.0030988838989287615
567	0.00289016286842525
568	0.0029161188285797834
569	0.003919217735528946
570	0.0031124139204621315
571	0.0028992113657295704
572	0.004200448282063007
573	0.003895416157320142
574	0.0032244313042610884
575	0.003535295370966196
576	0.0032404069788753986
577	0.0033081769943237305
578	0.0034864419139921665
579	0.0033122505992650986
580	0.0032410831190645695
581	0.0035385952796787024
582	0.0035665680188685656
583	0.0037242062389850616
584	0.004241719376295805
585	0.0033529081847518682
586	0.003451782511547208
587	0.003134059254080057
588	0.004291457589715719
589	0.0034222942776978016
590	0.0041044773533940315
591	0.0038643458392471075
592	0.0035027232952415943
593	0.003862189594656229
594	0.004250920843333006
595	0.003700725734233856
596	0.004769026767462492
597	0.004180320538580418
598	0.005163502413779497
599	0.0050438581965863705
600	0.004017809871584177
601	0.0051578013226389885
602	0.004884221125394106
603	0.0047567011788487434
604	0.005458582192659378
605	0.004771147854626179
606	0.004576088860630989
607	0.004891299642622471
608	0.005835499614477158
609	0.004847414791584015
610	0.005470641888678074
611	0.005090328399091959
612	0.004672192502766848
613	0.0047760517336428165
614	0.004630187060683966
615	0.00503624277189374
616	0.005748841445893049
617	0.00571092264726758
618	0.005311836022883654
619	0.00655302545055747
620	0.008026769384741783
621	0.00770612945780158
622	0.006632162723690271
623	0.007226808462291956
624	0.005973183549940586
625	0.0059819468297064304
626	0.011629979126155376
627	0.012603809125721455
628	0.012748027220368385
629	0.01128476019948721
630	0.01153552532196045
631	0.007949820719659328
632	0.009554024785757065
633	0.02520311251282692
634	0.043920550495386124
635	0.05928235873579979
636	0.020518308505415916
637	0.01688959263265133
638	0.018892042338848114
639	0.021622443571686745
640	0.02057040110230446
641	0.01288510300219059
642	0.01049896515905857
643	0.007653159089386463
644	0.006409978028386831
645	0.008542248979210854
646	0.009324922226369381
647	0.013492072001099586
648	0.009293035604059696
649	0.01067486684769392
650	0.013252555392682552
651	0.012786281295120716
652	0.009735021740198135
653	0.022518521174788475
654	0.022064251825213432
655	0.028761520981788635
656	0.021525509655475616
657	0.05180811882019043
658	0.07414907217025757
659	0.06356852501630783
660	0.2191421091556549
661	0.5700063705444336
662	0.7236766815185547
663	0.8147420883178711
664	0.8131095170974731
665	0.7570419311523438
666	0.7973785996437073
667	0.7930585741996765
668	0.7987022399902344
669	0.7948289513587952
670	0.8529012799263
671	0.784305214881897
672	0.8408301472663879
673	0.8345069885253906
674	0.7609047293663025
675	0.899665355682373
676	0.908947765827179
677	0.8488935828208923
678	0.7718636989593506
679	0.7013562917709351
680	0.7010981440544128
681	0.7005149126052856
682	0.6995248198509216
683	0.798699676990509
684	0.763321042060852
685	0.8255839347839355
686	0.7533183693885803
687	0.7554877996444702
688	0.7839769721031189
689	0.7196303606033325
690	0.7176274061203003
691	0.7108938097953796
692	0.7859253287315369
693	0.7276050448417664
694	0.7128479480743408
695	0.7385552525520325
696	0.6442707180976868
697	0.6482877135276794
698	0.689389169216156
699	0.8193452954292297
700	0.733493983745575
701	0.4923522472381592
702	0.0376114547252655
703	0.3851165771484375
704	0.7933191657066345
705	0.8185655474662781
706	0.6655709147453308
707	0.8166519999504089
708	0.7684230804443359
709	0.7521605491638184
710	0.8146347403526306
711	0.8088323473930359
712	0.8100927472114563
713	0.6699112057685852
714	0.06722202152013779
715	0.00899988878518343
716	0.00823870487511158
717	0.006982964463531971
718	0.007168489973992109
719	0.007256637793034315
720	0.006778988521546125
721	0.006852356251329184
722	0.006634857039898634
723	0.007782985456287861
724	0.008729306049644947
725	0.008211645297706127
726	0.009609462693333626
727	0.00813201256096363
728	0.008319771848618984
729	0.00866727251559496
730	0.007471463177353144
731	0.009139088913798332
732	0.009147043339908123
733	0.00925967376679182
734	0.007692921441048384
735	0.010332993231713772
736	0.015340052545070648
737	0.0083888228982687
738	0.008651032112538815
739	0.009336700662970543
740	0.010653276927769184
741	0.010701042599976063
742	0.014569461345672607
743	0.013902189210057259
744	0.014438427053391933
745	0.014581042341887951
746	0.011906402185559273
747	0.010622396133840084
748	0.01321739424020052
749	0.013794556260108948
750	0.017179401591420174
751	0.014146046712994576
752	0.01235181000083685
753	0.017444929108023643
754	0.01721329800784588
755	0.013282502070069313
756	0.015363256447017193
757	0.011593841016292572
758	0.0262526273727417
759	0.013452045619487762
760	0.01312420517206192
761	0.012737213633954525
762	0.014032450504601002
763	0.011230478063225746
764	0.009740135632455349
765	0.008615817874670029
766	0.0069620683789253235
767	0.007227595429867506
768	0.0075632380321621895
769	0.008929550647735596
770	0.009724902920424938
771	0.011984123848378658
772	0.009962870739400387
773	0.00911747757345438
774	0.010117360390722752
775	0.010023285634815693
776	0.011236928403377533
777	0.01068311557173729
778	0.012103895656764507
779	0.016065170988440514
780	0.019958429038524628
781	0.024405300617218018
782	0.041251085698604584
783	0.05051974579691887
784	0.09451829642057419
785	0.07559400051832199
786	0.1806047409772873
787	0.25354310870170593
788	0.2788858115673065
789	0.264308899641037
790	0.3393394947052002
791	0.2994386851787567
792	0.3492189347743988
793	0.21827898919582367
794	0.15535235404968262
795	0.24059176445007324
796	0.1663440465927124
797	0.41433778405189514
798	0.42603063583374023
799	0.526023268699646
800	0.4313015043735504
801	0.6531827449798584
802	0.5097104907035828
803	0.433337926864624
804	0.22842828929424286
805	0.4229605197906494
806	0.46031251549720764
807	0.499777227640152
808	0.49650534987449646
809	0.6669251918792725
810	0.5271615386009216
811	0.6822072267532349
812	0.12656022608280182
813	0.014447221532464027
814	0.013328972272574902
815	0.014734757132828236
816	0.01524587906897068
817	0.017533263191580772
818	0.013342723250389099
819	0.014290484599769115
820	0.017337098717689514
821	0.020731881260871887
822	0.014284253120422363
823	0.015785684809088707
824	0.01577809825539589
825	0.022072600200772285
826	0.019974475726485252
827	0.03193186596035957
828	0.031129134818911552
829	0.021920302882790565
830	0.027044326066970825
831	0.016817059367895126
832	0.01605892740190029
833	0.01269548386335373
834	0.016954733058810234
835	0.013307759538292885
836	0.011142993345856667
837	0.012384182773530483
838	0.01152935903519392
839	0.009403901174664497
840	0.009466977789998055
841	0.01754622533917427
842	0.02048313245177269
843	0.014179307036101818
844	0.01352856494486332
845	0.023294596001505852
846	0.025519346818327904
847	0.028079962357878685
848	0.024103602394461632
849	0.017343273386359215
850	0.018137365579605103
851	0.016618207097053528
852	0.01387304998934269
853	0.016170678660273552
854	0.015833010897040367
855	0.010974538512527943
856	0.020778393372893333
857	0.017015783116221428
858	0.01532523799687624
859	0.01850643940269947
860	0.017793715000152588
861	0.032954245805740356
862	0.025953520089387894
863	0.028300130739808083
864	0.022578706964850426
865	0.016358468681573868
866	0.014875776134431362
867	0.013980275951325893
868	0.012073359452188015
869	0.006644068751484156
870	0.007817900739610195
871	0.007342071272432804
872	0.00627204030752182
873	0.006362208630889654
874	0.007585504557937384
875	0.008905597031116486
876	0.008653836324810982
877	0.011173688806593418
878	0.009017438627779484
879	0.006708204280585051
880	0.005574848968535662
881	0.010007577016949654
882	0.01064860075712204
883	0.010025563649833202
884	0.00922102015465498
885	0.010370149277150631
886	0.009076644666492939
887	0.008246018551290035
888	0.008723403327167034
889	0.009364093653857708
890	0.008266259916126728
891	0.009806916117668152
892	0.010559155605733395
893	0.011426068842411041
894	0.012209542095661163
895	0.012091387994587421
896	0.013381058350205421
897	0.012617942877113819
898	0.011634435504674911
899	0.012969828210771084
900	0.01498244609683752
901	0.013707838021218777
902	0.01428098976612091
903	0.012824878096580505
904	0.011757267639040947
905	0.011954041197896004
906	0.011668873950839043
907	0.011558161117136478
908	0.0127427252009511
909	0.012317615561187267
910	0.012884541414678097
911	0.011345489881932735
912	0.012751656584441662
913	0.008587579242885113
914	0.0087909996509552
915	0.012656991370022297
916	0.014672452583909035
917	0.01729634590446949
918	0.0120259840041399
919	0.01000543124973774
920	0.011089406907558441
921	0.011699028313159943
922	0.010506232269108295
923	0.01095590926706791
924	0.011108392849564552
925	0.009909546934068203
926	0.009762709029018879
927	0.011067720130085945
928	0.009754669852554798
929	0.010313714854419231
930	0.008070248179137707
931	0.009251139126718044
932	0.009807340800762177
933	0.009539791382849216
934	0.010461843572556973
935	0.011569499969482422
936	0.011533078737556934
937	0.013464735820889473
938	0.01007076259702444
939	0.0104475487023592
940	0.011991413310170174
941	0.010949314571917057
942	0.012357252649962902
943	0.0107937753200531
944	0.009948317892849445
945	0.008348285220563412
946	0.0073655531741678715
947	0.008325948379933834
948	0.007992392405867577
949	0.006678705103695393
950	0.005898934789001942
951	0.005368528421968222
952	0.004846514202654362
953	0.004746783524751663
954	0.003699003253132105
955	0.003676529275253415
956	0.0036028006579726934
957	0.003914587665349245
958	0.004031128715723753
959	0.0036672204732894897
960	0.004116659052670002
961	0.004117792937904596
962	0.004289126954972744
963	0.003892700420692563
964	0.003603501943871379
965	0.004733467008918524
966	0.005448292475193739
967	0.005646000150591135
968	0.006303304340690374
969	0.0068072304129600525
970	0.005759721621870995
971	0.007812436670064926
972	0.00719510018825531
973	0.00888421293348074
974	0.007832068018615246
975	0.006952620577067137
976	0.007010371889919043
977	0.0061272489838302135
978	0.006679648067802191
979	0.008117644116282463
980	0.007333193905651569
981	0.006709442939609289
982	0.00929015688598156
983	0.00997152365744114
984	0.010174762457609177
985	0.00828472524881363
986	0.012738543562591076
987	0.010384735651314259
988	0.012543375603854656
989	0.014780971221625805
990	0.014686780981719494
991	0.011531027965247631
992	0.015143627300858498
993	0.013917717151343822
994	0.013191888108849525
995	0.012821691110730171
996	0.01736101321876049
997	0.011863678693771362
998	0.011781550943851471
999	0.011658646166324615
1000	0.010588021948933601
1001	0.011067213490605354
1002	0.009567292407155037
1003	0.010781807824969292
1004	0.01309253554791212
1005	0.012275541201233864
1006	0.012848234735429287
1007	0.011862914077937603
1008	0.010035545565187931
1009	0.013235533609986305
1010	0.00923208985477686
1011	0.011702603660523891
1012	0.007174135651439428
1013	0.008585500530898571
1014	0.007092456799000502
1015	0.010051080957055092
1016	0.010340061970055103
1017	0.008457720279693604
1018	0.010916255414485931
1019	0.007598502095788717
1020	0.005994794424623251
1021	0.005664538126438856
1022	0.007365211378782988
1023	0.007403337862342596
1024	0.006318452302366495
1025	0.008067085407674313
1026	0.008518602699041367
1027	0.009187162853777409
1028	0.009084728546440601
1029	0.01095986645668745
1030	0.010424863547086716
1031	0.010170160792768002
1032	0.011560225859284401
1033	0.010489503853023052
1034	0.01240447722375393
1035	0.013689902611076832
1036	0.01597418263554573
1037	0.008745812810957432
1038	0.010113568045198917
1039	0.00888510700315237
1040	0.010657498612999916
1041	0.009649773128330708
1042	0.01041390746831894
1043	0.011608614586293697
1044	0.013693058863282204
1045	0.021358130499720573
1046	0.013431310653686523
1047	0.011881837621331215
1048	0.012001973576843739
1049	0.009077983908355236
1050	0.012006073258817196
1051	0.01434489618986845
1052	0.011456108652055264
1053	0.007938108406960964
1054	0.009464132599532604
1055	0.008930625393986702
1056	0.007663361728191376
1057	0.010798990726470947
1058	0.008640045300126076
1059	0.008353947661817074
1060	0.0067966836504638195
1061	0.008432668633759022
1062	0.009360861964523792
1063	0.010289612226188183
1064	0.008726425468921661
1065	0.010412050411105156
1066	0.009001183323562145
1067	0.009912705980241299
1068	0.011916863732039928
1069	0.007580272853374481
1070	0.009477456100285053
1071	0.007807749789208174
1072	0.008850312791764736
1073	0.00791899859905243
1074	0.008957094512879848
1075	0.008868158794939518
1076	0.008278663270175457
1077	0.007260325830429792
1078	0.0065490128472447395
1079	0.0043313028290867805
1080	0.00472535053268075
1081	0.004945447202771902
1082	0.007934349589049816
1083	0.008479972369968891
1084	0.006189010571688414
1085	0.00798458606004715
1086	0.008758614771068096
1087	0.0062591987662017345
1088	0.006038241554051638
1089	0.009196211583912373
1090	0.006484571378678083
1091	0.007888921536505222
1092	0.005925661884248257
1093	0.007320536766201258
1094	0.006956133525818586
1095	0.007343139033764601
1096	0.006210013292729855
1097	0.005244105588644743
1098	0.005243097431957722
1099	0.004294182639569044
1100	0.0047693499363958836
1101	0.004080967046320438
1102	0.0031544938683509827
1103	0.007168833166360855
1104	0.007930322550237179
1105	0.006864288356155157
1106	0.006466255988925695
1107	0.007141454610973597
1108	0.007342772092670202
1109	0.006923502776771784
1110	0.007790581323206425
1111	0.007539545651525259
1112	0.008120808750391006
1113	0.007306444924324751
1114	0.007078810129314661
1115	0.006738047581166029
1116	0.00785495899617672
1117	0.005964396521449089
1118	0.005092177074402571
1119	0.00545473163947463
1120	0.005643373355269432
1121	0.005421485751867294
1122	0.004554176237434149
1123	0.005456733983010054
1124	0.004730220418423414
1125	0.005308141466230154
1126	0.0052970959804952145
1127	0.006118212826550007
1128	0.006146471481770277
1129	0.006240728311240673
1130	0.0058656539767980576
1131	0.007096373476088047
1132	0.00578931113705039
1133	0.0061010452918708324
1134	0.0059290798380970955
1135	0.005563757847994566
1136	0.005068662576377392
1137	0.004986555315554142
1138	0.005800262559205294
1139	0.005629954393953085
1140	0.006029533687978983
1141	0.004681102931499481
1142	0.005147091578692198
1143	0.004952033516019583
1144	0.004312570206820965
1145	0.005281161051243544
1146	0.0048934826627373695
1147	0.004853168968111277
1148	0.004150236491113901
1149	0.005006325896829367
1150	0.004516631364822388
1151	0.004704051651060581
1152	0.005345602985471487
1153	0.0061719040386378765
1154	0.00799462478607893
1155	0.008921779692173004
1156	0.006005134433507919
1157	0.007945718243718147
1158	0.007171805948019028
1159	0.006627984344959259
1160	0.006028718780726194
1161	0.008090319111943245
1162	0.0075349644757807255
1163	0.00843824353069067
1164	0.00656625023111701
1165	0.008425001986324787
1166	0.005965790711343288
1167	0.007957552559673786
1168	0.008480577729642391
1169	0.009446891956031322
1170	0.012022098526358604
1171	0.007143200375139713
1172	0.009046534076333046
1173	0.00795822124928236
1174	0.004895590245723724
1175	0.007535868790000677
1176	0.006709936540573835
1177	0.005105720832943916
1178	0.005833828821778297
1179	0.00821895431727171
1180	0.007483150344341993
1181	0.003743276698514819
1182	0.005649752914905548
1183	0.019026169553399086
1184	0.0063437409698963165
1185	0.008088554255664349
1186	0.007012666668742895
1187	0.00783366896212101
1188	0.008477884344756603
1189	0.007789482828229666
1190	0.010357744991779327
1191	0.010266393423080444
1192	0.007302524987608194
1193	0.009007686749100685
1194	0.006380405277013779
1195	0.01188601739704609
1196	0.009916819632053375
1197	0.010801142081618309
1198	0.013567209243774414
1199	0.0064238193444907665
1200	0.005792858544737101
1201	0.007475254591554403
1202	0.006980904843658209
1203	0.005197244230657816
1204	0.01034929882735014
1205	0.010375712998211384
1206	0.016053954139351845
1207	0.019482305273413658
1208	0.0184921957552433
1209	0.017164194956421852
1210	0.012304366566240788
1211	0.019359951838850975
1212	0.01462294440716505
1213	0.01588408090174198
1214	0.015978293493390083
1215	0.0205495897680521
1216	0.020609809085726738
1217	0.021197853609919548
1218	0.018908662721514702
1219	0.024981418624520302
1220	0.04856529086828232
1221	0.040855444967746735
1222	0.07877802103757858
1223	0.03523410111665726
1224	0.03601086884737015
1225	0.03058674931526184
1226	0.024694984778761864
1227	0.04061812162399292
1228	0.03488544374704361
1229	0.041203517466783524
1230	0.03851497918367386
1231	0.054544176906347275
1232	0.06643731892108917
1233	0.062474001199007034
1234	0.10265981405973434
1235	0.09479757398366928
1236	0.08179503679275513
1237	0.04230361431837082
1238	0.05287616327404976
1239	0.08689361065626144
1240	0.05481237173080444
1241	0.10617613792419434
1242	0.07625006884336472
1243	0.07648801058530807
1244	0.053654950112104416
1245	0.05880797654390335
1246	0.05916183814406395
1247	0.05491834506392479
1248	0.05376603826880455
1249	0.047304727137088776
1250	0.05359262228012085
1251	0.02645924687385559
1252	0.05088737607002258
1253	0.04868808016180992
1254	0.05655261501669884
1255	0.11994695663452148
1256	0.09007235616445541
1257	0.06574435532093048
1258	0.06361507624387741
1259	0.04126375541090965
1260	0.040632348507642746
1261	0.043822288513183594
1262	0.0769411027431488
1263	0.04931371286511421
1264	0.05162307247519493
1265	0.03715009242296219
1266	0.04722489044070244
1267	0.0828893780708313
1268	0.03453155979514122
1269	0.038153573870658875
1270	0.051813334226608276
1271	0.013925227336585522
1272	0.030012955889105797
1273	0.020796870812773705
1274	0.023412061855196953
1275	0.029252639040350914
1276	0.014403927139937878
1277	0.025974780321121216
1278	0.011749070137739182
1279	0.01569441519677639
1280	0.023049062117934227
1281	0.015365620143711567
1282	0.01760646514594555
1283	0.011326848529279232
1284	0.011294356547296047
1285	0.010945183224976063
1286	0.005023573990911245
1287	0.004356848541647196
1288	0.005552474409341812
1289	0.005348117556422949
1290	0.0042634690180420876
1291	0.004575278609991074
1292	0.006546780467033386
1293	0.004951246082782745
1294	0.006163785234093666
1295	0.005804244428873062
1296	0.004819808062165976
1297	0.008321329019963741
1298	0.005526398774236441
1299	0.005988728255033493
1300	0.004447714425623417
1301	0.005018442869186401
1302	0.005876722279936075
1303	0.006593610625714064
1304	0.007456340827047825
1305	0.007080474402755499
1306	0.00734884524717927
1307	0.006863278336822987
1308	0.005107278935611248
1309	0.004957680590450764
1310	0.005920934025198221
1311	0.006217882968485355
1312	0.00677656102925539
1313	0.009298664517700672
1314	0.009131117723882198
1315	0.008083236403763294
1316	0.0059487600810825825
1317	0.006049470044672489
1318	0.0058349366299808025
1319	0.006535280030220747
1320	0.005852660164237022
1321	0.00515660410746932
1322	0.006202352698892355
1323	0.005132304038852453
1324	0.005724153947085142
1325	0.007424955256283283
1326	0.0070287249982357025
1327	0.0060938457027077675
1328	0.006082829087972641
1329	0.006561075337231159
1330	0.0062170433811843395
1331	0.0065888273529708385
1332	0.006404712796211243
1333	0.005835597403347492
1334	0.0057907202281057835
1335	0.006908920593559742
1336	0.005778182297945023
1337	0.007644962053745985
1338	0.0055176131427288055
1339	0.006172975990921259
1340	0.005113476887345314
1341	0.00573972100391984
1342	0.004997946787625551
1343	0.005756624974310398
1344	0.004744105041027069
1345	0.005617516580969095
1346	0.005251376423984766
1347	0.005803194362670183
1348	0.005488400347530842
1349	0.004384634084999561
1350	0.003974478226155043
1351	0.004539967514574528
1352	0.005202711559832096
1353	0.005206582136452198
1354	0.004110866226255894
1355	0.00455492315813899
1356	0.003928894642740488
1357	0.004360351711511612
1358	0.0039078048430383205
1359	0.003308594226837158
1360	0.0042037381790578365
1361	0.005541206803172827
1362	0.005250971764326096
1363	0.0058692158199846745
1364	0.004108271095901728
1365	0.004021689295768738
1366	0.0056555382907390594
1367	0.004976185504347086
1368	0.0059686764143407345
1369	0.005794915836304426
1370	0.004911580588668585
1371	0.004724428988993168
1372	0.003994325641542673
1373	0.004958643112331629
1374	0.004185433965176344
1375	0.005386718083173037
1376	0.004495915025472641
1377	0.004240762442350388
1378	0.004422844387590885
1379	0.006422378122806549
1380	0.006009326316416264
1381	0.005462888162583113
1382	0.0056599522940814495
1383	0.006242850329726934
1384	0.00497226370498538
1385	0.005951940547674894
1386	0.005091741215437651
1387	0.006078039761632681
1388	0.005498554557561874
1389	0.0058502014726400375
1390	0.0065895258449018
1391	0.007408286910504103
1392	0.006711398251354694
1393	0.007099721115082502
1394	0.007164976093918085
1395	0.006796702276915312
1396	0.006197614595293999
1397	0.006365260574966669
1398	0.004282708745449781
1399	0.005326113197952509
1400	0.0043811374343931675
1401	0.005095373373478651
1402	0.004552108701318502
1403	0.004325155168771744
1404	0.0036831044126302004
1405	0.004548538010567427
1406	0.004687338601797819
1407	0.0047730933874845505
1408	0.004237372428178787
1409	0.0036279053892940283
1410	0.003701136214658618
1411	0.0032988085877150297
1412	0.003922899719327688
1413	0.00331865600310266
1414	0.0030406524892896414
1415	0.0035908438730984926
1416	0.0033508443739265203
1417	0.0030959718860685825
1418	0.00318220560438931
1419	0.003152011428028345
1420	0.0029084596317261457
1421	0.0031215318012982607
1422	0.003149013966321945
1423	0.0031615605112165213
1424	0.003198522375896573
1425	0.003283721162006259
1426	0.002988390624523163
1427	0.002760126953944564
1428	0.003396279877051711
1429	0.0028851486276835203
1430	0.002791573526337743
1431	0.003276315750554204
1432	0.0033685900270938873
1433	0.0030833547934889793
1434	0.0030221205670386553
1435	0.003019097028300166
1436	0.0029827330727130175
1437	0.0031295367516577244
1438	0.002832559635862708
1439	0.0032540950924158096
1440	0.0037669602315872908
1441	0.0034153845626860857
1442	0.0033511382061988115
1443	0.003767418907955289
1444	0.003960027825087309
1445	0.004016002174466848
1446	0.00472332863137126
1447	0.00439437897875905
1448	0.0052801924757659435
1449	0.005065204109996557
1450	0.008811493404209614
1451	0.00616266718134284
1452	0.008317115716636181
1453	0.00809879507869482
1454	0.007299101445823908
1455	0.00691924849525094
1456	0.008540909737348557
1457	0.008403305895626545
1458	0.010379130952060223
1459	0.011480956338346004
1460	0.008366833440959454
1461	0.009956483729183674
1462	0.009658901020884514
1463	0.010925960727036
1464	0.00904721301048994
1465	0.007678513880819082
1466	0.0076531157828867435
1467	0.009135729633271694
1468	0.007478908635675907
1469	0.00571651104837656
1470	0.006536065135151148
1471	0.008156913332641125
1472	0.008049163967370987
1473	0.006166182458400726
1474	0.007251727860420942
1475	0.008536179549992085
1476	0.007050191517919302
1477	0.008212088607251644
1478	0.008378219790756702
1479	0.006977401673793793
1480	0.011001421138644218
1481	0.008563390001654625
1482	0.009692567400634289
1483	0.010705873370170593
1484	0.010623489506542683
1485	0.013375088572502136
1486	0.011923029087483883
1487	0.016494981944561005
1488	0.024567756801843643
1489	0.022294841706752777
1490	0.04025396704673767
1491	0.032792121171951294
1492	0.10291433334350586
1493	0.08523737639188766
1494	0.09418535232543945
1495	0.2562936842441559
1496	0.09599974006414413
1497	0.045593153685331345
1498	0.05746174976229668
1499	0.08734136074781418
1500	0.4393137991428375
1501	0.38057181239128113
1502	0.4227069914340973
1503	0.33252549171447754
1504	0.13443204760551453
1505	0.02633814513683319
1506	0.014996376819908619
1507	0.02570079080760479
1508	0.027137452736496925
1509	0.03237820789217949
1510	0.057597268372774124
1511	0.037316881120204926
1512	0.05672786757349968
1513	0.027361029759049416
1514	0.03764327988028526
1515	0.027360618114471436
1516	0.038040902465581894
1517	0.08829276263713837
1518	0.14294706284999847
1519	0.3186662197113037
1520	0.22147893905639648
1521	0.10674557834863663
1522	0.07596540451049805
1523	0.021271061152219772
1524	0.044654231518507004
1525	0.17240972816944122
1526	0.18063858151435852
1527	0.19243060052394867
1528	0.15390123426914215
1529	0.2745407819747925
1530	0.4141019880771637
1531	0.442511647939682
1532	0.35454481840133667
1533	0.26130610704421997
1534	0.14253072440624237
1535	0.11702889204025269
1536	0.06854817271232605
1537	0.017752578482031822
1538	0.013895931653678417
1539	0.013413828797638416
1540	0.010717734694480896
1541	0.01653353124856949
1542	0.011980519630014896
1543	0.01493107434362173
1544	0.01219469215720892
1545	0.011742383241653442
1546	0.034816887229681015
1547	0.012662703171372414
1548	0.015201592817902565
1549	0.012506983242928982
1550	0.01681479625403881
1551	0.01650751754641533
1552	0.017837245017290115
1553	0.12887674570083618
1554	0.1515919417142868
1555	0.08560527861118317
1556	0.19704826176166534
1557	0.3091953694820404
1558	0.21533851325511932
1559	0.14933715760707855
1560	0.16587281227111816
1561	0.10375302284955978
1562	0.021755089983344078
1563	0.021452179178595543
1564	0.032596249133348465
1565	0.045977700501680374
1566	0.03284024819731712
1567	0.03363378718495369
1568	0.05960986763238907
1569	0.15307606756687164
1570	0.24700544774532318
1571	0.15902473032474518
1572	0.3284563720226288
1573	0.49947452545166016
1574	0.556069552898407
1575	0.3100070059299469
1576	0.4467640817165375
1577	0.37046560645103455
1578	0.40743112564086914
1579	0.05735207349061966
1580	0.09268615394830704
1581	0.23778711259365082
1582	0.08487050980329514
1583	0.054209448397159576
1584	0.029731178656220436
1585	0.018581200391054153
1586	0.022778773680329323
1587	0.014396688900887966
1588	0.016436882317066193
1589	0.011818627826869488
1590	0.11738189309835434
1591	0.15431198477745056
1592	0.045174308121204376
1593	0.01837911270558834
1594	0.009348486550152302
1595	0.00859161838889122
1596	0.006895704660564661
1597	0.009840223006904125
1598	0.016689760610461235
1599	0.012315111234784126
1600	0.014471354894340038
1601	0.014541792683303356
1602	0.009919446893036366
1603	0.005623168777674437
1604	0.007418456953018904
1605	0.010471880435943604
1606	0.010125086642801762
1607	0.011404755525290966
1608	0.006642150226980448
1609	0.006825292948633432
1610	0.008575225248932838
1611	0.007860424928367138
1612	0.008678778074681759
1613	0.010437089018523693
1614	0.010539022274315357
1615	0.009157403372228146
1616	0.008111191913485527
1617	0.007724903058260679
1618	0.008631463162600994
1619	0.009186487644910812
1620	0.007102800067514181
1621	0.0078563978895545
1622	0.008435589261353016
1623	0.007966984063386917
1624	0.0069166081957519054
1625	0.011010143905878067
1626	0.008930566720664501
1627	0.010689087212085724
1628	0.006682790815830231
1629	0.00854220986366272
1630	0.006821516901254654
1631	0.00830123946070671
1632	0.008698469959199429
1633	0.0066920178942382336
1634	0.00886479951441288
1635	0.008332389406859875
1636	0.009509230963885784
1637	0.008064298890531063
1638	0.00859487522393465
1639	0.007797376252710819
1640	0.00690055638551712
1641	0.00637188320979476
1642	0.006114700343459845
1643	0.005582823883742094
1644	0.005259145051240921
1645	0.005612106062471867
1646	0.0053156279027462006
1647	0.006082719657570124
1648	0.0050207520835101604
1649	0.006040537729859352
1650	0.006704648490995169
1651	0.00468897819519043
1652	0.0068681067787110806
1653	0.0066750082187354565
1654	0.005489831790328026
1655	0.00621022330597043
1656	0.007183969020843506
1657	0.0067068226635456085
1658	0.005940477829426527
1659	0.005775346886366606
1660	0.005257478449493647
1661	0.005980553105473518
1662	0.007122512441128492
1663	0.01087701041251421
1664	0.013696913607418537
1665	0.011240500956773758
1666	0.008648998104035854
1667	0.005893241614103317
1668	0.005439446307718754
1669	0.004838835913687944
1670	0.0075324298813939095
1671	0.006801541429013014
1672	0.006619270890951157
1673	0.005949408747255802
1674	0.007015458773821592
1675	0.006217346992343664
1676	0.005954664200544357
1677	0.005761310458183289
1678	0.006820620037615299
1679	0.006405008491128683
1680	0.006403523962944746
1681	0.007410028483718634
1682	0.008974164724349976
1683	0.011031906120479107
1684	0.012070512399077415
1685	0.009067256934940815
1686	0.008086147718131542
1687	0.011462175287306309
1688	0.012134494259953499
1689	0.01458616554737091
1690	0.00944914948195219
1691	0.010259302332997322
1692	0.008472912013530731
1693	0.00992315262556076
1694	0.009659442119300365
1695	0.011422260664403439
1696	0.012127537280321121
1697	0.009385711513459682
1698	0.008024732582271099
1699	0.011249909177422523
1700	0.016779592260718346
1701	0.012907454743981361
1702	0.012005156837403774
1703	0.010574936866760254
1704	0.013916886411607265
1705	0.011123130097985268
1706	0.013399037532508373
1707	0.01267119962722063
1708	0.012324484996497631
1709	0.013276802375912666
1710	0.011310474947094917
1711	0.0126790851354599
1712	0.011148990131914616
1713	0.010776991955935955
1714	0.01330339815467596
1715	0.010247879661619663
1716	0.01111113466322422
1717	0.011885987594723701
1718	0.009739771485328674
1719	0.009005284868180752
1720	0.010997128672897816
1721	0.011108648031949997
1722	0.011893018148839474
1723	0.011242886073887348
1724	0.010839988477528095
1725	0.011674321256577969
1726	0.012926680035889149
1727	0.012861154973506927
1728	0.016136912629008293
1729	0.012118078768253326
1730	0.013113888911902905
1731	0.011797924526035786
1732	0.011966593563556671
1733	0.008740396238863468
1734	0.009453813545405865
1735	0.008502944372594357
1736	0.007746283896267414
1737	0.007829527370631695
1738	0.008510006591677666
1739	0.009936479851603508
1740	0.010359328240156174
1741	0.009265366941690445
1742	0.011392584070563316
1743	0.010884000919759274
1744	0.010962489061057568
1745	0.010086936876177788
1746	0.010543196462094784
1747	0.010578304529190063
1748	0.011118910275399685
1749	0.012525669299066067
1750	0.013025856576859951
1751	0.012348872609436512
1752	0.013167694211006165
1753	0.016200238838791847
1754	0.014137809164822102
1755	0.014322862029075623
1756	0.014552856795489788
1757	0.012459098361432552
1758	0.013135862536728382
1759	0.011490323580801487
1760	0.010488256812095642
1761	0.01073592808097601
1762	0.00870119035243988
1763	0.009529250673949718
1764	0.010239899158477783
1765	0.008612880483269691
1766	0.010938885621726513
1767	0.008935627527534962
1768	0.007742587011307478
1769	0.009902967140078545
1770	0.007720089051872492
1771	0.00876559317111969
1772	0.008722915314137936
1773	0.009041937068104744
1774	0.006698103155940771
1775	0.006832210812717676
1776	0.007299114018678665
1777	0.006737333722412586
1778	0.006341803818941116
1779	0.007750742137432098
1780	0.00647093215957284
1781	0.005150851793587208
1782	0.00468882080167532
1783	0.006599931512027979
1784	0.006405610591173172
1785	0.006403181701898575
1786	0.006055086385458708
1787	0.0047970726154744625
1788	0.0036983347963541746
1789	0.0033610258251428604
1790	0.0034336440730839968
1791	0.0034136974718421698
1792	0.0038108357694000006
1793	0.0038073600735515356
1794	0.005044241435825825
1795	0.004738205578178167
1796	0.004869561176747084
1797	0.005209419876337051
1798	0.005101941060274839
1799	0.003715971251949668
1800	0.004611306823790073
1801	0.004408322274684906
1802	0.004454236011952162
1803	0.00450883386656642
1804	0.004687519744038582
1805	0.005541875027120113
1806	0.0064070867374539375
1807	0.005327064543962479
1808	0.004903560038655996
1809	0.004960179794579744
1810	0.005123196169734001
1811	0.004960205405950546
1812	0.003808695124462247
1813	0.005333848297595978
1814	0.005270257126539946
1815	0.0050493404269218445
1816	0.00526539096608758
1817	0.0060234153643250465
1818	0.005809828173369169
1819	0.007374891079962254
1820	0.009968288242816925
1821	0.010475772432982922
1822	0.009921914897859097
1823	0.010244863107800484
1824	0.012870773673057556
1825	0.009273529052734375
1826	0.011456737294793129
1827	0.012153230607509613
1828	0.011697686277329922
1829	0.01110998447984457
1830	0.017641261219978333
1831	0.023189151659607887
1832	0.025594785809516907
1833	0.017810923978686333
1834	0.03287370875477791
1835	0.05521650239825249
1836	0.034995708614587784
1837	0.05916967615485191
1838	0.07019539922475815
1839	0.06299065798521042
1840	0.07548417150974274
1841	0.07742384821176529
1842	0.08629744499921799
1843	0.15930114686489105
1844	0.1578354835510254
1845	0.10581689327955246
1846	0.06730654835700989
1847	0.0948539525270462
1848	0.11436637490987778
1849	0.17336629331111908
1850	0.12615527212619781
1851	0.0945393294095993
1852	0.09699461609125137
1853	0.20577584207057953
1854	0.15673331916332245
1855	0.11171328276395798
1856	0.1986224353313446
1857	0.18013374507427216
1858	0.2226158231496811
1859	0.23322372138500214
1860	0.3150048851966858
1861	0.13819317519664764
1862	0.15923555195331573
1863	0.10799217224121094
1864	0.035336583852767944
1865	0.0460459366440773
1866	0.032826703041791916
1867	0.031055158004164696
1868	0.03456094488501549
1869	0.03992905095219612
1870	0.04294145479798317
1871	0.03733222186565399
1872	0.08373469114303589
1873	0.13471832871437073
1874	0.08484699577093124
1875	0.17973771691322327
1876	0.1590530127286911
1877	0.27190524339675903
1878	0.26636597514152527
1879	0.26200875639915466
1880	0.2817247807979584
1881	0.18337880074977875
1882	0.2871038615703583
1883	0.13326901197433472
1884	0.3074343204498291
1885	0.18217404186725616
1886	0.22190546989440918
1887	0.21585845947265625
1888	0.31642040610313416
1889	0.15676788985729218
1890	0.24062557518482208
1891	0.4053225517272949
1892	0.42577192187309265
1893	0.5727865099906921
1894	0.49113544821739197
1895	0.6056515574455261
1896	0.8530849814414978
1897	0.9269821047782898
1898	0.9507865905761719
1899	0.9544737935066223
1900	0.9646280407905579
1901	0.9525772333145142
1902	0.937574565410614
1903	0.9471220374107361
1904	0.9612038731575012
1905	0.9147510528564453
1906	0.9336873888969421
1907	0.9393072128295898
1908	0.9347774386405945
1909	0.953098475933075
1910	0.9377785921096802
1911	0.9164890646934509
1912	0.9304048418998718
1913	0.9450507164001465
1914	0.9109679460525513
1915	0.9096647500991821
1916	0.7821356654167175
1917	0.7551517486572266
1918	0.8117925524711609
1919	0.8372978568077087
1920	0.8691024780273438
1921	0.8436055183410645
1922	0.9601172804832458
1923	0.9605192542076111
1924	0.9502744674682617
1925	0.9254633188247681
1926	0.9702207446098328
1927	0.9723295569419861
1928	0.9702784419059753
1929	0.9567698836326599
1930	0.9712509512901306
1931	0.9153162240982056
1932	0.9063835144042969
1933	0.8906623721122742
1934	0.8931558728218079
1935	0.7682117223739624
1936	0.8506824374198914
1937	0.017766201868653297
1938	0.02080795355141163
1939	0.44105908274650574
1940	0.04159092903137207
1941	0.02516956999897957
1942	0.02552500180900097
1943	0.0395057313144207
1944	0.0909728929400444
1945	0.11128592491149902
1946	0.5714866518974304
1947	0.917366623878479
1948	0.9220094680786133
1949	0.9535361528396606
1950	0.8785179257392883
1951	0.10268361866474152
1952	0.07841574400663376
1953	0.14206945896148682
1954	0.009060791693627834
1955	0.012675115838646889
1956	0.01344820111989975
1957	0.013706880621612072
1958	0.010337861254811287
1959	0.009333709254860878
1960	0.009946633130311966
1961	0.007718093693256378
1962	0.00856298953294754
1963	0.005544759798794985
1964	0.009808550588786602
1965	0.007940663956105709
1966	0.006989593151956797
1967	0.005446807947009802
1968	0.008168759755790234
1969	0.005505212116986513
1970	0.005900771357119083
1971	0.010909155942499638
1972	0.007086151745170355
1973	0.007121797185391188
1974	0.0060192677192389965
1975	0.007468450348824263
1976	0.009041231125593185
1977	0.009970691986382008
1978	0.012222863733768463
1979	0.008518955670297146
1980	0.008516944944858551
1981	0.0077395960688591
1982	0.006510514300316572
1983	0.008548659272491932
1984	0.007346993777900934
1985	0.010648596100509167
1986	0.008733275346457958
1987	0.010901795700192451
1988	0.01015144120901823
1989	0.00978496391326189
1990	0.011307715438306332
1991	0.007275237236171961
1992	0.009390418417751789
1993	0.012024424970149994
1994	0.010385215282440186
1995	0.008021995425224304
1996	0.007462796755135059
1997	0.006265872158110142
1998	0.004416403826326132
1999	0.003942335490137339
2000	0.0036801451351493597
2001	0.004308547358959913
2002	0.003963746130466461
2003	0.004939963575452566
2004	0.003666544798761606
2005	0.004104957915842533
2006	0.005940813105553389
2007	0.007934005931019783
2008	0.008651763200759888
2009	0.006973549257963896
2010	0.007959606125950813
2011	0.006206549238413572
2012	0.008047069422900677
2013	0.0059254043735563755
2014	0.0054724314250051975
2015	0.009207385592162609
2016	0.007848301902413368
2017	0.004599183797836304
2018	0.005590357817709446
2019	0.005819432903081179
2020	0.006956573575735092
2021	0.006706875748932362
2022	0.006085412111133337
2023	0.006796537432819605
2024	0.00723933894187212
2025	0.006685934960842133
2026	0.007035273592919111
2027	0.0070191933773458
2028	0.0060561299324035645
2029	0.006650256458669901
2030	0.006611380726099014
2031	0.006735450122505426
2032	0.005599046126008034
2033	0.005843141116201878
2034	0.006174509413540363
2035	0.0052482010796666145
2036	0.004775616806000471
2037	0.004511704668402672
2038	0.006178451236337423
2039	0.006173486355692148
2040	0.004580432083457708
2041	0.006255991291254759
2042	0.00664298003539443
2043	0.00761900981888175
2044	0.007879729382693768
2045	0.006824252661317587
2046	0.008458303287625313
2047	0.007921082898974419
2048	0.01015413086861372
2049	0.007825917564332485
2050	0.007976210676133633
2051	0.005539166275411844
2052	0.00706969341263175
2053	0.004990775138139725
2054	0.0074060591869056225
2055	0.010094492696225643
2056	0.007187546696513891
2057	0.007586449384689331
2058	0.008512908592820168
2059	0.009876154363155365
2060	0.009198639541864395
2061	0.006809723563492298
2062	0.007903334684669971
2063	0.007909546606242657
2064	0.008260869421064854
2065	0.010136152617633343
2066	0.009577978402376175
2067	0.010723529383540154
2068	0.010161890648305416
2069	0.00753346411511302
2070	0.00938733946532011
2071	0.009842771105468273
2072	0.00940541923046112
2073	0.007807160262018442
2074	0.01051033940166235
2075	0.008795531466603279
2076	0.009322598576545715
2077	0.007062299642711878
2078	0.009983540512621403
2079	0.010213823989033699
2080	0.014007839374244213
2081	0.007918582297861576
2082	0.011260179802775383
2083	0.01179573219269514
2084	0.012140700593590736
2085	0.007838430814445019
2086	0.007906622253358364
2087	0.007270419504493475
2088	0.005571667104959488
2089	0.005910185631364584
2090	0.006340736988931894
2091	0.0057629914954304695
2092	0.006275508087128401
2093	0.005699805449694395
2094	0.005137647967785597
2095	0.00491946330294013
2096	0.004772162064909935
2097	0.0036368865985423326
2098	0.0038659311830997467
2099	0.005631761159747839
2100	0.004842740949243307
2101	0.005456187762320042
2102	0.0045441254042088985
2103	0.004705281928181648
2104	0.005063427146524191
2105	0.004556817002594471
2106	0.005596918985247612
2107	0.0053859190084040165
2108	0.00449918070808053
2109	0.0051094177179038525
2110	0.005242512095719576
2111	0.004739158786833286
2112	0.005199951119720936
2113	0.0051027401350438595
2114	0.004649481736123562
2115	0.004369643982499838
2116	0.004081417806446552
2117	0.004309888929128647
2118	0.0035425585228949785
2119	0.004098999779671431
2120	0.005694940220564604
2121	0.006445250008255243
2122	0.005498754326254129
2123	0.005190874915570021
2124	0.005430296063423157
2125	0.005105969496071339
2126	0.003974096849560738
2127	0.004458596929907799
2128	0.004432892892509699
2129	0.004081905819475651
2130	0.004439090844243765
2131	0.004546578507870436
2132	0.004499106202274561
2133	0.004126410465687513
2134	0.004064306616783142
2135	0.003932975232601166
2136	0.0037675932981073856
2137	0.004467414226382971
2138	0.004267571028321981
2139	0.004283133894205093
2140	0.0041208467446267605
2141	0.004492742009460926
2142	0.005790738854557276
2143	0.004279667045921087
2144	0.005065550561994314
2145	0.004804704338312149
2146	0.00469846511259675
2147	0.004916343372315168
2148	0.004015366081148386
2149	0.005527620669454336
2150	0.004987537860870361
2151	0.0048765093088150024
2152	0.004228471778333187
2153	0.004018849693238735
2154	0.004930288065224886
2155	0.004474915098398924
2156	0.0054746391251683235
2157	0.005538228899240494
2158	0.005396257620304823
2159	0.004587797913700342
2160	0.0036792673636227846
2161	0.004305639304220676
2162	0.0037591399159282446
2163	0.0042806086130440235
2164	0.004701477941125631
2165	0.004425548017024994
2166	0.004149663727730513
2167	0.003966714721173048
2168	0.003565006423741579
2169	0.003390803700312972
2170	0.003527127206325531
2171	0.0038640343118458986
2172	0.004892178811132908
2173	0.0034085740335285664
2174	0.0036838569212704897
2175	0.0037250772584229708
2176	0.004549403674900532
2177	0.003551263129338622
2178	0.004135290626436472
2179	0.003816690295934677
2180	0.0034457265865057707
2181	0.003937049303203821
2182	0.004484928213059902
2183	0.0037696552462875843
2184	0.005928536411374807
2185	0.004548427648842335
2186	0.0035266464110463858
2187	0.004210048820823431
2188	0.003507527755573392
2189	0.004296498838812113
2190	0.004260000307112932
2191	0.003896731184795499
2192	0.0044108182191848755
2193	0.004474117886275053
2194	0.004303738009184599
2195	0.005495995283126831
2196	0.005972554907202721
2197	0.004920579493045807
2198	0.005054501350969076
2199	0.00616898387670517
2200	0.006062572356313467
2201	0.0054414100013673306
2202	0.006656473036855459
2203	0.007162624504417181
2204	0.0057222116738557816
2205	0.005693270359188318
2206	0.006582716014236212
2207	0.006630790885537863
2208	0.00815558061003685
2209	0.007157098036259413
2210	0.008198331110179424
2211	0.009193055331707
2212	0.007132569793611765
2213	0.008365320973098278
2214	0.007493948098272085
2215	0.008067602291703224
2216	0.009204002097249031
2217	0.009488015435636044
2218	0.008610337041318417
2219	0.010563524439930916
2220	0.009590270929038525
2221	0.012315633706748486
2222	0.013341407291591167
2223	0.02706099860370159
2224	0.03878381475806236
2225	0.026619700714945793
2226	0.03153528273105621
2227	0.053987663239240646
2228	0.041860468685626984
2229	0.021907655522227287
2230	0.05871514230966568
2231	0.092515729367733
2232	0.09225323051214218
2233	0.020964790135622025
2234	0.047742873430252075
2235	0.03247343376278877
2236	0.1037704274058342
2237	0.11494965851306915
2238	0.31197813153266907
2239	0.4532201886177063
2240	0.5206916332244873
2241	0.6646860837936401
2242	0.6978803873062134
2243	0.878073513507843
2244	0.9142864346504211
2245	0.9559258818626404
2246	0.9551949501037598
2247	0.8645908236503601
2248	0.8751220703125
2249	0.763304591178894
2250	0.582960844039917
2251	0.40248385071754456
2252	0.25249820947647095
2253	0.013089093379676342
2254	0.013732664287090302
2255	0.012973572127521038
2256	0.013275578618049622
2257	0.014522911980748177
2258	0.017633380368351936
2259	0.01963931694626808
2260	0.019458534196019173
2261	0.02189132384955883
2262	0.027374599128961563
2263	0.01751476526260376
2264	0.013307757675647736
2265	0.018215488642454147
2266	0.35701557993888855
2267	0.8340293765068054
2268	0.9338499307632446
2269	0.9702070355415344
2270	0.9646024703979492
2271	0.9765190482139587
2272	0.9831604361534119
2273	0.9659963846206665
2274	0.9645293354988098
2275	0.9834697842597961
2276	0.9881100058555603
2277	0.9829273223876953
2278	0.9699617624282837
2279	0.9759141206741333
2280	0.9771431088447571
2281	0.9110642671585083
2282	0.919958770275116
2283	0.915082573890686
2284	0.5834433436393738
2285	0.2360612154006958
2286	0.03081929124891758
2287	0.01997147873044014
2288	0.01855945773422718
2289	0.01810322143137455
2290	0.016942579299211502
2291	0.013147920370101929
2292	0.01924251578748226
2293	0.016842462122440338
2294	0.015436983667314053
2295	0.01563441753387451
2296	0.016485774889588356
2297	0.013539006002247334
2298	0.012860283255577087
2299	0.01185639202594757
2300	0.014164946042001247
2301	0.009520607069134712
2302	0.01829993724822998
2303	0.029841912910342216
2304	0.06439010798931122
2305	0.04390701279044151
2306	0.02832009457051754
2307	0.0227739866822958
2308	0.02897803485393524
2309	0.022187409922480583
2310	0.022911151871085167
2311	0.02002907730638981
2312	0.018025003373622894
2313	0.020482856780290604
2314	0.02091144025325775
2315	0.01691516675055027
2316	0.015342840924859047
2317	0.022653764113783836
2318	0.025596795603632927
2319	0.023864660412073135
2320	0.020077884197235107
2321	0.023963043466210365
2322	0.02925037406384945
2323	0.018806669861078262
2324	0.013840930536389351
2325	0.014509737491607666
2326	0.01761522889137268
2327	0.0114305904135108
2328	0.01190274115651846
2329	0.010995431803166866
2330	0.01389754842966795
2331	0.01176017988473177
2332	0.01183446403592825
2333	0.012140938080847263
2334	0.01486207079142332
2335	0.013749285601079464
2336	0.017545409500598907
2337	0.011318787932395935
2338	0.014266747049987316
2339	0.010862926952540874
2340	0.012966505251824856
2341	0.01259219367057085
2342	0.008999121375381947
2343	0.012452599592506886
2344	0.01684913970530033
2345	0.022035136818885803
2346	0.015551137737929821
2347	0.015955768525600433
2348	0.0153414998203516
2349	0.014080417342483997
2350	0.0093809450045228
2351	0.010340262204408646
2352	0.009878604672849178
2353	0.014288964681327343
2354	0.014203131198883057
2355	0.017741909250617027
2356	0.006025245878845453
2357	0.008971442468464375
2358	0.007139286492019892
2359	0.0065134563483297825
2360	0.005862980615347624
2361	0.006447735708206892
2362	0.005421772133558989
2363	0.005677575711160898
2364	0.0064789666794240475
2365	0.005492025520652533
2366	0.005627199541777372
2367	0.0060656713321805
2368	0.005815458949655294
2369	0.005885445512831211
2370	0.004914427641779184
2371	0.00564770819619298
2372	0.005721531808376312
2373	0.005672540981322527
2374	0.005533761810511351
2375	0.005209092050790787
2376	0.005162332206964493
2377	0.004808506462723017
2378	0.0050317454151809216
2379	0.004212509840726852
2380	0.003553700400516391
2381	0.004013855941593647
2382	0.004740279167890549
2383	0.006269623525440693
2384	0.007705852389335632
2385	0.006943087559193373
2386	0.007759382016956806
2387	0.008022810332477093
2388	0.006887255702167749
2389	0.008216691203415394
2390	0.007287107408046722
2391	0.007639023941010237
2392	0.005947118159383535
2393	0.005882701370865107
2394	0.007403585594147444
2395	0.007746465038508177
2396	0.007051751017570496
2397	0.008066949434578419
2398	0.009237119928002357
2399	0.008563563227653503
2400	0.009257893078029156
2401	0.012047694995999336
2402	0.010292010381817818
2403	0.008639826439321041
2404	0.007905262522399426
2405	0.006218563299626112
2406	0.005037837196141481
2407	0.004772718530148268
2408	0.004640084225684404
2409	0.006608141120523214
2410	0.00964276771992445
2411	0.0061346255242824554
2412	0.004456131719052792
2413	0.00699402391910553
2414	0.0047652507200837135
2415	0.006172879133373499
2416	0.008419726975262165
2417	0.005634370259940624
2418	0.006208279635757208
2419	0.005714660044759512
2420	0.005778705235570669
2421	0.0066979690454900265
2422	0.006848037242889404
2423	0.006889327894896269
2424	0.007107308600097895
2425	0.007457583677023649
2426	0.005828185938298702
2427	0.00697693694382906
2428	0.009347810409963131
2429	0.012726224958896637
2430	0.015147698111832142
2431	0.018877435475587845
2432	0.02949429117143154
2433	0.026604464277625084
2434	0.03322656452655792
2435	0.04375174269080162
2436	0.05426228791475296
2437	0.020481886342167854
2438	0.029986286535859108
2439	0.03219808265566826
2440	0.027303237468004227
2441	0.018872598186135292
2442	0.023650964722037315
2443	0.022395430132746696
2444	0.01891854964196682
2445	0.013633251190185547
2446	0.018866077065467834
2447	0.020176587626338005
2448	0.024187691509723663
2449	0.015768131241202354
2450	0.017330227419734
2451	0.016617273911833763
2452	0.016497507691383362
2453	0.015406036749482155
2454	0.015555639751255512
2455	0.042473286390304565
2456	0.0268330667167902
2457	0.021987155079841614
2458	0.024873891845345497
2459	0.017482353374361992
2460	0.038966238498687744
2461	0.017116734758019447
2462	0.024665195494890213
2463	0.023660622537136078
2464	0.06546882539987564
2465	0.02405013144016266
2466	0.03168302774429321
2467	0.026219559833407402
2468	0.031829092651605606
2469	0.022238632664084435
2470	0.021213794127106667
2471	0.026272520422935486
2472	0.03228148818016052
2473	0.03275155648589134
2474	0.03215620666742325
2475	0.03407195210456848
2476	0.04992115497589111
2477	0.061514854431152344
2478	0.04273912310600281
2479	0.026960361748933792
2480	0.028559952974319458
2481	0.03969867154955864
2482	0.0363209992647171
2483	0.018062595278024673
2484	0.016544083133339882
2485	0.014479882083833218
2486	0.008103813044726849
2487	0.011882619932293892
2488	0.011773531325161457
2489	0.025727177038788795
2490	0.008691937662661076
2491	0.009547853842377663
2492	0.019778000190854073
2493	0.014588526450097561
2494	0.021898038685321808
2495	0.016181332990527153
2496	0.02337777428328991
2497	0.015197894535958767
2498	0.013201150111854076
2499	0.028218746185302734
2500	0.020513413473963737
2501	0.012675908394157887
2502	0.011374927125871181
2503	0.009581876918673515
2504	0.0072521306574344635
2505	0.006069973576813936
2506	0.004689317662268877
2507	0.005815286189317703
2508	0.008152812719345093
2509	0.00983673520386219
2510	0.009421069175004959
2511	0.008771848864853382
2512	0.007764072623103857
2513	0.006580351386219263
2514	0.0068730199709534645
2515	0.005433476995676756
2516	0.005053986795246601
2517	0.00465876841917634
2518	0.005741306580603123
2519	0.006011100951582193
2520	0.007707435172051191
2521	0.007455659564584494
2522	0.008319763466715813
2523	0.007935767062008381
2524	0.007514482829719782
2525	0.007878228090703487
2526	0.009837810881435871
2527	0.009137424640357494
2528	0.007862405851483345
2529	0.00891085620969534
2530	0.008972425945103168
2531	0.009019018150866032
2532	0.008533923886716366
2533	0.01003748457878828
2534	0.008800912648439407
2535	0.00889893900603056
2536	0.007447571959346533
2537	0.007489593233913183
2538	0.010433057323098183
2539	0.009180570021271706
2540	0.010275930166244507
2541	0.00889869686216116
2542	0.00923991110175848
2543	0.011809050105512142
2544	0.00830262340605259
2545	0.00845341570675373
2546	0.010482213459908962
2547	0.011523793451488018
2548	0.011556695215404034
2549	0.01096208393573761
2550	0.009183286689221859
2551	0.012085797265172005
2552	0.014016491360962391
2553	0.006749845575541258
2554	0.00999108050018549
2555	0.008924860507249832
2556	0.012526712380349636
2557	0.009718635119497776
2558	0.012183882296085358
2559	0.008001129142940044
2560	0.011683980002999306
2561	0.007317897863686085
2562	0.00886476319283247
2563	0.009039366617798805
2564	0.008886443451046944
2565	0.008858970366418362
2566	0.010001979768276215
2567	0.01013167854398489
2568	0.009724455885589123
2569	0.008967702277004719
2570	0.012862438336014748
2571	0.017400356009602547
2572	0.01619512215256691
2573	0.020093221217393875
2574	0.015630926936864853
2575	0.014974436722695827
2576	0.01566445454955101
2577	0.012828536331653595
2578	0.0115948636084795
2579	0.012556463479995728
2580	0.01642858050763607
2581	0.013604680076241493
2582	0.01185910589993
2583	0.013627556152641773
2584	0.015935378149151802
2585	0.012621799483895302
2586	0.0145761389285326
2587	0.013654828071594238
2588	0.012865224853157997
2589	0.010199613869190216
2590	0.010027124546468258
2591	0.009517164900898933
2592	0.010593260638415813
2593	0.011188062839210033
2594	0.011926080100238323
2595	0.01205026637762785
2596	0.01315897423774004
2597	0.010563649237155914
2598	0.009852655231952667
2599	0.009945345111191273
2600	0.00994741078466177
2601	0.009709951467812061
2602	0.009588854387402534
2603	0.009513942524790764
2604	0.00956274475902319
2605	0.007928580045700073
2606	0.005450809374451637
2607	0.005625497084110975
2608	0.005556407384574413
2609	0.003241149475798011
2610	0.004048619884997606
2611	0.003213763004168868
2612	0.004211630672216415
2613	0.0037718911189585924
2614	0.003761493833735585
2615	0.003688590368255973
2616	0.004502095747739077
2617	0.0035972599871456623
2618	0.004350575618445873
2619	0.003520449623465538
2620	0.0034234076738357544
2621	0.0040724556893110275
2622	0.0038346820510923862
2623	0.004227155353873968
2624	0.004544856026768684
2625	0.00452973460778594
2626	0.003693344769999385
2627	0.0042234682478010654
2628	0.004437149502336979
2629	0.004742059390991926
2630	0.004360545426607132
2631	0.004011412151157856
2632	0.004600743297487497
2633	0.004515022970736027
2634	0.004489663522690535
2635	0.004223549272865057
2636	0.005303023383021355
2637	0.004752033855766058
2638	0.005399526562541723
2639	0.00610414007678628
2640	0.005528055131435394
2641	0.006744782906025648
2642	0.007246688008308411
2643	0.006728608161211014
2644	0.007871811278164387
2645	0.007277035620063543
2646	0.007062054704874754
2647	0.006106498651206493
2648	0.006285905838012695
2649	0.006751149892807007
2650	0.0064559453167021275
2651	0.008170447312295437
2652	0.006731181871145964
2653	0.006771425250917673
2654	0.00836097914725542
2655	0.007171147968620062
2656	0.008023440837860107
2657	0.009134224615991116
2658	0.010381060652434826
2659	0.008057092316448689
2660	0.00840838998556137
2661	0.009665085934102535
2662	0.009787502698600292
2663	0.0077189430594444275
2664	0.007246378809213638
2665	0.00937708094716072
2666	0.009048034437000751
2667	0.006692166905850172
2668	0.009588154964148998
2669	0.007427250500768423
2670	0.012854206375777721
2671	0.010105383582413197
2672	0.009594696573913097
2673	0.007841910235583782
2674	0.010175513103604317
2675	0.012338184751570225
2676	0.018818367272615433
2677	0.02349214069545269
2678	0.01787414960563183
2679	0.0161020215600729
2680	0.019926050677895546
2681	0.019198454916477203
2682	0.013466921634972095
2683	0.01352809090167284
2684	0.015413410030305386
2685	0.014771674759685993
2686	0.011276914738118649
2687	0.016165481880307198
2688	0.012454891577363014
2689	0.011457517743110657
2690	0.010742771439254284
2691	0.008430561982095242
2692	0.007469573523849249
2693	0.008150674402713776
2694	0.010926692746579647
2695	0.009097079746425152
2696	0.006846635136753321
2697	0.0036388945300132036
2698	0.008787679485976696
2699	0.006736768875271082
2700	0.004459952004253864
2701	0.005404217634350061
2702	0.006007704418152571
2703	0.006645462941378355
2704	0.01596800982952118
2705	0.006685085128992796
2706	0.006688872817903757
2707	0.006060986779630184
2708	0.005712524056434631
2709	0.0053987749852240086
2710	0.004344235640019178
2711	0.0047377641312778
2712	0.0043551004491746426
2713	0.005405859090387821
2714	0.005641622003167868
2715	0.007366017904132605
2716	0.006181427277624607
2717	0.0073086172342300415
2718	0.007727771997451782
2719	0.008170977234840393
2720	0.010833349078893661
2721	0.008150946348905563
2722	0.008859865367412567
2723	0.008901262655854225
2724	0.009579112753272057
2725	0.006484504323452711
2726	0.007306174840778112
2727	0.005682488437741995
2728	0.00524448836222291
2729	0.0058801244013011456
2730	0.006512999534606934
2731	0.007808897644281387
2732	0.007487721741199493
2733	0.007259276695549488
2734	0.0067556933499872684
2735	0.008495466783642769
2736	0.009386071935296059
2737	0.008741093799471855
2738	0.009459990076720715
2739	0.008417841978371143
2740	0.007735419552773237
2741	0.007186060305684805
2742	0.007345256395637989
2743	0.006831263191998005
2744	0.0062208594754338264
2745	0.0060670445673167706
2746	0.006184871774166822
2747	0.006286974530667067
2748	0.005829091649502516
2749	0.006483432836830616
2750	0.005542800761759281
2751	0.006219257600605488
2752	0.005384861957281828
2753	0.004272955935448408
2754	0.004684726241976023
2755	0.004483423661440611
2756	0.004767842125147581
2757	0.0049263895489275455
2758	0.004527220036834478
2759	0.004543019458651543
2760	0.005016024224460125
2761	0.004811401944607496
2762	0.004312522709369659
2763	0.0044678556732833385
2764	0.004526560660451651
2765	0.004396235104650259
2766	0.003338649170473218
2767	0.003399378852918744
2768	0.003651695791631937
2769	0.003934871405363083
2770	0.00464247353374958
2771	0.003618525108322501
2772	0.003623326076194644
2773	0.0037923064082860947
2774	0.003944584168493748
2775	0.004300054162740707
2776	0.004054413177073002
2777	0.003840037854388356
2778	0.004237029235810041
2779	0.005593820940703154
2780	0.0038569786120206118
2781	0.004325106739997864
2782	0.004084936808794737
2783	0.0038564212154597044
2784	0.0044481754302978516
2785	0.0038526218850165606
2786	0.004926006775349379
2787	0.004118936602026224
2788	0.004461593925952911
2789	0.00483568524941802
2790	0.004676368087530136
2791	0.0055585033260285854
2792	0.005043871235102415
2793	0.0059098899364471436
2794	0.005399284418672323
2795	0.005473424214869738
2796	0.005954967346042395
2797	0.006024550646543503
2798	0.007219432387501001
2799	0.006522780749946833
2800	0.007265791296958923
2801	0.007000479381531477
2802	0.006787427701056004
2803	0.006625812035053968
2804	0.005251933820545673
2805	0.0052657839842140675
2806	0.008114735595881939
2807	0.007749220822006464
2808	0.007772479206323624
2809	0.009407992474734783
2810	0.01016074325889349
2811	0.008508301340043545
2812	0.010481382720172405
2813	0.010198274627327919
2814	0.008366995491087437
2815	0.008744016289710999
2816	0.006815261673182249
2817	0.00797698087990284
2818	0.007184441667050123
2819	0.007526278030127287
2820	0.007918800227344036
2821	0.008599521592259407
2822	0.007048876024782658
2823	0.006564113777130842
2824	0.007542313076555729
2825	0.0065947361290454865
2826	0.00646384060382843
2827	0.008692321367561817
2828	0.009913570247590542
2829	0.009894098155200481
2830	0.00997278094291687
2831	0.010470776818692684
2832	0.011011493392288685
2833	0.011631865985691547
2834	0.013815558515489101
2835	0.013013302348554134
2836	0.017394209280610085
2837	0.015956008806824684
2838	0.020925259217619896
2839	0.017549753189086914
2840	0.018558768555521965
2841	0.02618170715868473
2842	0.021025339141488075
2843	0.02224395051598549
2844	0.016808323562145233
2845	0.019605103880167007
2846	0.01701599732041359
2847	0.015253173187375069
2848	0.018885403871536255
2849	0.020683038979768753
2850	0.026056671515107155
2851	0.018909404054284096
2852	0.028633374720811844
2853	0.014939278364181519
2854	0.01883791945874691
2855	0.01846911758184433
2856	0.012349115684628487
2857	0.012756961397826672
2858	0.018019279465079308
2859	0.014396751299500465
2860	0.011693901382386684
2861	0.012312722392380238
2862	0.010759355500340462
2863	0.010543450713157654
2864	0.013073037378489971
2865	0.012193943373858929
2866	0.010429135523736477
2867	0.00999896228313446
2868	0.012511384673416615
2869	0.011288412846624851
2870	0.012904131785035133
2871	0.012506717815995216
2872	0.014706427231431007
2873	0.012032425962388515
2874	0.007430157158523798
2875	0.008897307328879833
2876	0.011587443761527538
2877	0.008298617787659168
2878	0.012024451978504658
2879	0.021308084949851036
2880	0.012584784999489784
2881	0.01664007641375065
2882	0.014562991447746754
2883	0.013679305091500282
2884	0.012364114634692669
2885	0.006743006408214569
2886	0.004814834333956242
2887	0.009799521416425705
2888	0.01211322657763958
2889	0.009768055751919746
2890	0.012335947714745998
2891	0.007828987203538418
2892	0.006445709150284529
2893	0.011343411169946194
2894	0.007407516241073608
2895	0.009439542889595032
2896	0.008149167522788048
2897	0.008036613464355469
2898	0.009800510480999947
2899	0.007451546378433704
2900	0.0092749809846282
2901	0.012562945485115051
2902	0.016399795189499855
2903	0.010244286619126797
2904	0.01269648689776659
2905	0.013874712400138378
2906	0.008362576365470886
2907	0.006121537182480097
2908	0.005650784820318222
2909	0.0059633092023432255
2910	0.00574330473318696
2911	0.005461478605866432
2912	0.008374257944524288
2913	0.007468393538147211
2914	0.005957798566669226
2915	0.008705511689186096
2916	0.00889249611645937
2917	0.007981838658452034
2918	0.009132355451583862
2919	0.01009831577539444
2920	0.00866611022502184
2921	0.007364739663898945
2922	0.007002025842666626
2923	0.007920343428850174
2924	0.0059821088798344135
2925	0.00736928079277277
2926	0.0071857082657516
2927	0.006830242928117514
2928	0.005497491452842951
2929	0.005871988832950592
2930	0.006579072214663029
2931	0.007041417062282562
2932	0.006520706694573164
2933	0.00553313409909606
2934	0.00585512351244688
2935	0.006559626664966345
2936	0.006632587406784296
2937	0.0075420499779284
2938	0.00697873393073678
2939	0.0069156549870967865
2940	0.008885135874152184
2941	0.01210637018084526
2942	0.011320418678224087
2943	0.0074272542260587215
2944	0.006939771119505167
2945	0.007310767658054829
2946	0.007795371115207672
2947	0.0066590565256774426
2948	0.008007749915122986
2949	0.008893950842320919
2950	0.012699958868324757
2951	0.01282423734664917
2952	0.013338661752641201
2953	0.01285660732537508
2954	0.010800512507557869
2955	0.008837972767651081
2956	0.01247519813477993
2957	0.014762547798454762
2958	0.0104329539462924
2959	0.015406361781060696
2960	0.01038201805204153
2961	0.01194255892187357
2962	0.009374883957207203
2963	0.013250797055661678
2964	0.012381059117615223
2965	0.01241318415850401
2966	0.011120744049549103
2967	0.014592098072171211
2968	0.014038591645658016
2969	0.010577558539807796
2970	0.014126044698059559
2971	0.011863726191222668
2972	0.011069409549236298
2973	0.011341649107635021
2974	0.008556060492992401
2975	0.010040420107543468
2976	0.007119087968021631
2977	0.008415489457547665
2978	0.009461027570068836
2979	0.007904255762696266
2980	0.009066338650882244
2981	0.00797205325216055
2982	0.009110281243920326
2983	0.0067441388964653015
2984	0.008948584087193012
2985	0.007076234556734562
2986	0.011153158731758595
2987	0.01190344151109457
2988	0.009710886515676975
2989	0.010292560793459415
2990	0.009999007917940617
2991	0.009867561049759388
2992	0.009188750758767128
2993	0.008929341100156307
2994	0.007552559021860361
2995	0.007829739712178707
2996	0.006429147906601429
2997	0.0076171234250068665
2998	0.011462266556918621
2999	0.011419187299907207
3000	0.007760471198707819
3001	0.011795653961598873
3002	0.010331224650144577
3003	0.011563657782971859
3004	0.007829691283404827
3005	0.008823963813483715
3006	0.006912849843502045
3007	0.011193132027983665
3008	0.010052593424916267
3009	0.010357650928199291
3010	0.008983254432678223
3011	0.010541334748268127
3012	0.011602277867496014
3013	0.009703625924885273
3014	0.008705835789442062
3015	0.010059650056064129
3016	0.009281850419938564
3017	0.007981310598552227
3018	0.007692663464695215
3019	0.007101041730493307
3020	0.00755291385576129
3021	0.006932166405022144
3022	0.006584871094673872
3023	0.006842998322099447
3024	0.006038450635969639
3025	0.005317909177392721
3026	0.005006885621696711
3027	0.004160234704613686
3028	0.003869161009788513
3029	0.004159468691796064
3030	0.005533932242542505
3031	0.004628712777048349
3032	0.00419457396492362
3033	0.0049809981137514114
3034	0.004244326613843441
3035	0.0033261533826589584
3036	0.004254783969372511
3037	0.004157848656177521
3038	0.0034252360928803682
3039	0.003758653299883008
3040	0.0034745954908430576
3041	0.0041464827954769135
3042	0.00401286780834198
3043	0.0037783693987876177
3044	0.003798759775236249
3045	0.0037247592117637396
3046	0.0043989853002130985
3047	0.004067615605890751
3048	0.003428249852731824
3049	0.004128340631723404
3050	0.003717910498380661
3051	0.004125063773244619
3052	0.0035853595472872257
3053	0.004207450430840254
3054	0.0043801493011415005
3055	0.0034315974917262793
3056	0.00402079988270998
3057	0.00414619967341423
3058	0.004193316679447889
3059	0.0041349842213094234
3060	0.004623082000762224
3061	0.004246821161359549
3062	0.0045589120127260685
3063	0.004618941340595484
3064	0.004521896131336689
3065	0.005158463958650827
3066	0.004385992884635925
3067	0.005349479615688324
3068	0.005036740098148584
3069	0.006024026777595282
3070	0.006005391478538513
3071	0.005803053732961416
3072	0.005791912321001291
3073	0.005709340795874596
3074	0.005446844734251499
3075	0.005377789959311485
3076	0.0055155823938548565
3077	0.005893281195312738
3078	0.005710471421480179
3079	0.006285179406404495
3080	0.006607613060623407
3081	0.006929762661457062
3082	0.007030049804598093
3083	0.0067315795458853245
3084	0.0060942890122532845
3085	0.006768283434212208
3086	0.00642052898183465
3087	0.005607638042420149
3088	0.006471867207437754
3089	0.006435859482735395
3090	0.007162149529904127
3091	0.0059928493574261665
3092	0.006842718925327063
3093	0.007657867856323719
3094	0.006718093063682318
3095	0.006613001227378845
3096	0.007637921255081892
3097	0.007724253926426172
3098	0.007959224283695221
3099	0.007428453769534826
3100	0.009089498780667782
3101	0.009278017096221447
3102	0.00906114187091589
3103	0.009298605844378471
3104	0.011860158294439316
3105	0.01381027139723301
3106	0.010915437713265419
3107	0.010924844071269035
3108	0.009563719853758812
3109	0.010753151960670948
3110	0.014872106723487377
3111	0.020446131005883217
3112	0.013842964544892311
3113	0.014517989940941334
3114	0.011948135681450367
3115	0.01129473652690649
3116	0.016581831499934196
3117	0.014665478840470314
3118	0.015862086787819862
3119	0.01650233566761017
3120	0.02203536592423916
3121	0.01882202737033367
3122	0.03015977144241333
3123	0.032643768936395645
3124	0.027332080528140068
3125	0.009196363389492035
3126	0.009990042075514793
3127	0.010025466792285442
3128	0.01490901131182909
3129	0.014874185435473919
3130	0.02709697000682354
3131	0.018573233857750893
3132	0.02181813307106495
3133	0.024188196286559105
3134	0.02159351110458374
3135	0.029315290972590446
3136	0.019222497940063477
3137	0.01566978730261326
3138	0.01831555739045143
3139	0.01847715489566326
3140	0.0167075302451849
3141	0.015028516761958599
3142	0.014239886775612831
3143	0.01196901872754097
3144	0.011909635737538338
3145	0.012900060974061489
3146	0.014584505930542946
3147	0.012539918534457684
3148	0.012191127054393291
3149	0.016666153445839882
3150	0.01228805910795927
3151	0.011329841800034046
3152	0.013168307952582836
3153	0.011010670103132725
3154	0.010129108093678951
3155	0.011297057382762432
3156	0.012408045120537281
3157	0.013209561817348003
3158	0.016093937680125237
3159	0.014004165306687355
3160	0.02528236247599125
3161	0.02958489954471588
3162	0.01647297851741314
3163	0.020965013653039932
3164	0.015791838988661766
3165	0.023954369127750397
3166	0.018137672916054726
3167	0.018113285303115845
3168	0.025941332802176476
3169	0.014622014947235584
3170	0.015546031296253204
3171	0.025993337854743004
3172	0.02360084094107151
3173	0.019945569336414337
3174	0.02776704542338848
3175	0.018036266788840294
3176	0.025846196338534355
3177	0.025632495060563087
3178	0.018293967470526695
3179	0.026823485270142555
3180	0.03863601014018059
3181	0.04793446138501167
3182	0.03204832226037979
3183	0.030493786558508873
3184	0.03268257901072502
3185	0.038888271898031235
3186	0.03598973900079727
3187	0.03339822590351105
3188	0.03058558702468872
3189	0.047469235956668854
3190	0.047019798308610916
3191	0.034476157277822495
3192	0.020078523084521294
3193	0.015777572989463806
3194	0.01583978906273842
3195	0.01563485525548458
3196	0.011942925862967968
3197	0.012544370256364346
3198	0.02896782197058201
3199	0.016633497551083565
3200	0.009467385709285736
3201	0.017776722088456154
3202	0.014070825651288033
3203	0.010350587777793407
3204	0.00830844696611166
3205	0.006166823673993349
3206	0.006581605412065983
3207	0.022877058014273643
3208	0.020057907328009605
3209	0.008065992966294289
3210	0.006534266751259565
3211	0.0070041269063949585
3212	0.008162179030478
3213	0.012889767065644264
3214	0.0055198995396494865
3215	0.008675383403897285
3216	0.007493057753890753
3217	0.005701891612261534
3218	0.006553234066814184
3219	0.00714099733158946
3220	0.006197668146342039
3221	0.008460949175059795
3222	0.009097474627196789
3223	0.009354864247143269
3224	0.008857249282300472
3225	0.008080817759037018
3226	0.0069896504282951355
3227	0.00813354179263115
3228	0.008301490917801857
3229	0.008348312228918076
3230	0.013031885027885437
3231	0.014657720923423767
3232	0.0187536533921957
3233	0.008616712875664234
3234	0.008106927387416363
3235	0.011858686804771423
3236	0.013157797046005726
3237	0.016253817826509476
3238	0.01297193206846714
3239	0.012433099560439587
3240	0.0127232251688838
3241	0.008274673484265804
3242	0.008365914225578308
3243	0.0077819968573749065
3244	0.008613481186330318
3245	0.00932138692587614
3246	0.008703239262104034
3247	0.012270703911781311
3248	0.011213499121367931
3249	0.0078213419765234
3250	0.010291948914527893
3251	0.01225796528160572
3252	0.008386964909732342
3253	0.007332529406994581
3254	0.00811784714460373
3255	0.007962961681187153
3256	0.008755882270634174
3257	0.0107173603028059
3258	0.00807199813425541
3259	0.006272759288549423
3260	0.007893494330346584
3261	0.007708454038947821
3262	0.006623100023716688
3263	0.008574200794100761
3264	0.00949928630143404
3265	0.008252352476119995
3266	0.008513963781297207
3267	0.01115444302558899
3268	0.007255289237946272
3269	0.006860211491584778
3270	0.008227897807955742
3271	0.007527624256908894
3272	0.007107934448868036
3273	0.008116773329675198
3274	0.008703326806426048
3275	0.008161325938999653
3276	0.009523368440568447
3277	0.008465319871902466
3278	0.010802984237670898
3279	0.008998686447739601
3280	0.0067163738422095776
3281	0.005241082515567541
3282	0.007047676481306553
3283	0.008821158669888973
3284	0.006574410479515791
3285	0.007366967853158712
3286	0.007790318224579096
3287	0.00495637534186244
3288	0.007952411659061909
3289	0.012848922982811928
3290	0.01327486988157034
3291	0.01899453066289425
3292	0.008669939823448658
3293	0.020487714558839798
3294	0.012446241453289986
3295	0.012726220302283764
3296	0.012786216102540493
3297	0.02514440380036831
3298	0.023649301379919052
3299	0.016699140891432762
3300	0.018688466399908066
3301	0.03217722102999687
3302	0.023865168914198875
3303	0.02683318220078945
3304	0.017305854707956314
3305	0.013496125116944313
3306	0.017278209328651428
3307	0.015542569570243359
3308	0.040661055594682693
3309	0.022942883893847466
3310	0.04259536787867546
3311	0.03556777164340019
3312	0.021708780899643898
3313	0.01842443272471428
3314	0.023788658902049065
3315	0.02744360640645027
3316	0.026234498247504234
3317	0.019030025228857994
3318	0.02578420750796795
3319	0.025369150564074516
3320	0.02117231860756874
3321	0.02470685914158821
3322	0.012888136319816113
3323	0.013637872412800789
3324	0.01390762347728014
3325	0.015840305015444756
3326	0.015021351166069508
3327	0.016148455440998077
3328	0.014636202715337276
3329	0.01687750592827797
3330	0.01779002882540226
3331	0.017181439325213432
3332	0.0220669936388731
3333	0.01862892135977745
3334	0.011738154105842113
3335	0.012429297901690006
3336	0.013335295021533966
3337	0.011302453465759754
3338	0.012518887408077717
3339	0.013101532123982906
3340	0.015131804160773754
3341	0.01376852672547102
3342	0.027026528492569923
3343	0.025364819914102554
3344	0.02246384136378765
3345	0.019994670525193214
3346	0.01806223765015602
3347	0.01623939536511898
3348	0.0195720586925745
3349	0.019783390685915947
3350	0.011302292346954346
3351	0.014748729765415192
3352	0.016923854127526283
3353	0.0265567135065794
3354	0.02102401852607727
3355	0.017692342400550842
3356	0.017616568133234978
3357	0.01741437241435051
3358	0.018177730962634087
3359	0.008950190618634224
3360	0.015394806861877441
3361	0.010302379727363586
3362	0.008003140799701214
3363	0.010151112452149391
3364	0.012174147181212902
3365	0.01472086925059557
3366	0.008277922868728638
3367	0.010187811218202114
3368	0.006353564094752073
3369	0.006612198892980814
3370	0.007213996257632971
3371	0.005341557785868645
3372	0.007391491439193487
3373	0.007769776973873377
3374	0.007553648203611374
3375	0.008519596420228481
3376	0.009308984503149986
3377	0.01170931663364172
3378	0.007423799484968185
3379	0.007083349861204624
3380	0.005867387633770704
3381	0.00685099745169282
3382	0.006795380264520645
3383	0.007304908242076635
3384	0.007240191102027893
3385	0.005819456186145544
3386	0.0058526513166725636
3387	0.006243424955755472
3388	0.00699244299903512
3389	0.00760522810742259
3390	0.008371546864509583
3391	0.007914887741208076
3392	0.008187870495021343
3393	0.008107542991638184
3394	0.00748447934165597
3395	0.006661129649728537
3396	0.007730722427368164
3397	0.008605939336121082
3398	0.00710253557190299
3399	0.007816659286618233
3400	0.00793764740228653
3401	0.005337256472557783
3402	0.008172549307346344
3403	0.007267989218235016
3404	0.008391141891479492
3405	0.007047188468277454
3406	0.010154837742447853
3407	0.0078902468085289
3408	0.009187640622258186
3409	0.007147814612835646
3410	0.008006921038031578
3411	0.008569528348743916
3412	0.007808146066963673
3413	0.0077856071293354034
3414	0.007402296643704176
3415	0.007406271528452635
3416	0.005402004811912775
3417	0.005712157115340233
3418	0.006050326861441135
3419	0.005739824380725622
3420	0.005938819143921137
3421	0.005882405675947666
3422	0.0064427792094647884
3423	0.005626722704619169
3424	0.007099424488842487
3425	0.0062088146805763245
3426	0.007242654450237751
3427	0.008426484651863575
3428	0.007156544830650091
3429	0.008695024065673351
3430	0.0057951100170612335
3431	0.009110387414693832
3432	0.007396225817501545
3433	0.009604561142623425
3434	0.008503168821334839
3435	0.009419383481144905
3436	0.008505582809448242
3437	0.005999461747705936
3438	0.0069298879243433475
3439	0.006149595137685537
3440	0.0063239941373467445
3441	0.007587157189846039
3442	0.007106485310941935
3443	0.007720076944679022
3444	0.006040304899215698
3445	0.00706207612529397
3446	0.008241343311965466
3447	0.008089536800980568
3448	0.008106215856969357
3449	0.007411664817482233
3450	0.0076082730665802956
3451	0.006447494029998779
3452	0.005678987130522728
3453	0.005408126395195723
3454	0.005628027953207493
3455	0.005473767872899771
3456	0.005859527736902237
3457	0.006212103646248579
3458	0.005576644092798233
3459	0.005406745709478855
3460	0.004553322680294514
3461	0.004317841958254576
3462	0.0036603272892534733
3463	0.003973042126744986
3464	0.004037940874695778
3465	0.004053978715091944
3466	0.004100088495761156
3467	0.004742187913507223
3468	0.004767762962728739
3469	0.005903928074985743
3470	0.006181472446769476
3471	0.004772511776536703
3472	0.005647263024002314
3473	0.005832666996866465
3474	0.007107727229595184
3475	0.005473254714161158
3476	0.00615730369463563
3477	0.004080799408257008
3478	0.0047548203729093075
3479	0.005218172911554575
3480	0.004564580507576466
3481	0.005080521106719971
3482	0.004931904841214418
3483	0.004195669200271368
3484	0.004588512238115072
3485	0.005243488121777773
3486	0.005240440368652344
3487	0.0043623363599181175
3488	0.005012055393308401
3489	0.004598016384989023
3490	0.005002107471227646
3491	0.004646365996450186
3492	0.004971223417669535
3493	0.005270060151815414
3494	0.00459520285949111
3495	0.005070769693702459
3496	0.004467438906431198
3497	0.004989531822502613
3498	0.004546460695564747
3499	0.0045885308645665646
3500	0.004564210306853056
3501	0.0039939722046256065
3502	0.004194039385765791
3503	0.004739917349070311
3504	0.004457083530724049
3505	0.005532572977244854
3506	0.004963730927556753
3507	0.0049325148575007915
3508	0.005131247919052839
3509	0.005580636207014322
3510	0.006853839848190546
3511	0.006024891976267099
3512	0.005861093755811453
3513	0.006226038094609976
3514	0.006527083460241556
3515	0.0056070866994559765
3516	0.00542434211820364
3517	0.006157859694212675
3518	0.005801808089017868
3519	0.00580529635772109
3520	0.005900889169424772
3521	0.0046866885386407375
3522	0.005987317766994238
3523	0.004974400158971548
3524	0.00496015464887023
3525	0.0063829580321908
3526	0.006614324636757374
3527	0.005915937013924122
3528	0.008152947761118412
3529	0.00759752094745636
3530	0.006698486860841513
3531	0.0067919776774942875
3532	0.007753223180770874
3533	0.007267882116138935
3534	0.0074271769262850285
3535	0.005082286428660154
3536	0.00643462548032403
3537	0.006590104196220636
3538	0.005997681524604559
3539	0.007385093718767166
3540	0.006472224835306406
3541	0.009117010049521923
3542	0.008791535161435604
3543	0.008963964879512787
3544	0.00923597626388073
3545	0.008866622112691402
3546	0.00721766659989953
3547	0.00827453937381506
3548	0.005937608424574137
3549	0.0051655336283147335
3550	0.004941851366311312
3551	0.00491933710873127
3552	0.005238729994744062
3553	0.00611294899135828
3554	0.007058852352201939
3555	0.007557255681604147
3556	0.005545272957533598
3557	0.006603337358683348
3558	0.006546796765178442
3559	0.0072293393313884735
3560	0.0068359822034835815
3561	0.008064552210271358
3562	0.008577880449593067
3563	0.008013349026441574
3564	0.008203458040952682
3565	0.009186457842588425
3566	0.008412293158471584
3567	0.008533546701073647
3568	0.008774828165769577
3569	0.010457193478941917
3570	0.011609788984060287
3571	0.009258187375962734
3572	0.010656698606908321
3573	0.009750214405357838
3574	0.011690196581184864
3575	0.01629585586488247
3576	0.015573886223137379
3577	0.013108550570905209
3578	0.020377706736326218
3579	0.018225442618131638
3580	0.021637776866555214
3581	0.02749653533101082
3582	0.01973327249288559
3583	0.01812908612191677
3584	0.022541915997862816
3585	0.023113466799259186
3586	0.019785184413194656
3587	0.01979522407054901
3588	0.01215325016528368
3589	0.013938799500465393
3590	0.013924159109592438
3591	0.012831034138798714
3592	0.01168208196759224
3593	0.011796112172305584
3594	0.014972344040870667
3595	0.012139818631112576
3596	0.011664246208965778
3597	0.010301654227077961
3598	0.008866513147950172
3599	0.011970549821853638
3600	0.009501551277935505
3601	0.009411526843905449
3602	0.010699334554374218
3603	0.009725777432322502
3604	0.011484322138130665
3605	0.008923106826841831
3606	0.014583021402359009
3607	0.008059917017817497
3608	0.008558042347431183
3609	0.0075996676459908485
3610	0.007227334659546614
3611	0.008272414095699787
3612	0.01027623750269413
3613	0.009830240160226822
3614	0.009362722747027874
3615	0.011384136974811554
3616	0.011800342239439487
3617	0.008077869191765785
3618	0.010215523652732372
3619	0.012118863873183727
3620	0.014512576162815094
3621	0.013289573602378368
3622	0.01913645677268505
3623	0.016157789155840874
3624	0.013227825053036213
3625	0.014304660260677338
3626	0.015981480479240417
3627	0.01893957518041134
3628	0.016534173861145973
3629	0.017760559916496277
3630	0.01291821151971817
3631	0.011386590078473091
3632	0.01034113671630621
3633	0.007191217038780451
3634	0.006995136383920908
3635	0.006842018570750952
3636	0.004767473787069321
3637	0.004823838826268911
3638	0.0050855474546551704
3639	0.0056130229495465755
3640	0.00652739405632019
3641	0.007152113597840071
3642	0.004351004958152771
3643	0.004477514419704676
3644	0.004555759485810995
3645	0.005090207327157259
3646	0.005405473057180643
3647	0.006555698812007904
3648	0.007226977031677961
3649	0.01172472070902586
3650	0.007226704154163599
3651	0.0077041867189109325
3652	0.00863504596054554
3653	0.008754988200962543
3654	0.012275345623493195
3655	0.010190609842538834
3656	0.009495582431554794
3657	0.01044195145368576
3658	0.010429649613797665
3659	0.012406745925545692
3660	0.012688839808106422
3661	0.011099504306912422
3662	0.011384288780391216
3663	0.019229725003242493
3664	0.015634404495358467
3665	0.01589096710085869
3666	0.009895533323287964
3667	0.008764307014644146
3668	0.012891830876469612
3669	0.011024482548236847
3670	0.013593599200248718
3671	0.009917116723954678
3672	0.010527691803872585
3673	0.009772188030183315
3674	0.010488002561032772
3675	0.011605457402765751
3676	0.012872971594333649
3677	0.013268827460706234
3678	0.016703903675079346
3679	0.01199453603476286
3680	0.010400054976344109
3681	0.011958397924900055
3682	0.012102699838578701
3683	0.021041875705122948
3684	0.0170219074934721
3685	0.010334878228604794
3686	0.011164049617946148
3687	0.010249548591673374
3688	0.009722042828798294
3689	0.007170692086219788
3690	0.007595611270517111
3691	0.006528294179588556
3692	0.011952735483646393
3693	0.010783997364342213
3694	0.012925219722092152
3695	0.0076268697157502174
3696	0.011925801634788513
3697	0.013170495629310608
3698	0.012324556708335876
3699	0.012349814176559448
3700	0.01105867512524128
3701	0.017240023240447044
3702	0.016721203923225403
3703	0.024613430723547935
3704	0.011624552309513092
3705	0.017841724678874016
3706	0.029671046882867813
3707	0.015609166584908962
3708	0.012010621838271618
3709	0.009867909364402294
3710	0.01303371973335743
3711	0.015396647155284882
3712	0.01745595969259739
3713	0.012880973517894745
3714	0.011318149045109749
3715	0.017531266435980797
3716	0.013810830190777779
3717	0.01227786298841238
3718	0.011374917812645435
3719	0.011569214053452015
3720	0.010344053618609905
3721	0.01353001780807972
3722	0.014286771416664124
3723	0.016681689769029617
3724	0.01414097286760807
3725	0.01773923821747303
3726	0.015579613856971264
3727	0.015289748087525368
3728	0.014320798218250275
3729	0.017869271337985992
3730	0.015749476850032806
3731	0.013899198733270168
3732	0.012052043341100216
3733	0.013363534584641457
3734	0.011093925684690475
3735	0.012358530424535275
3736	0.015015870332717896
3737	0.014770048670470715
3738	0.015811050310730934
3739	0.014041448943316936
3740	0.014111152850091457
3741	0.015274511650204659
3742	0.012870698235929012
3743	0.00794379785656929
3744	0.00866093672811985
3745	0.009505867026746273
3746	0.011539737693965435
3747	0.008662961423397064
3748	0.008436999283730984
3749	0.009967482648789883
3750	0.013465630821883678
3751	0.017452223226428032
3752	0.017501380294561386
3753	0.015983548015356064
3754	0.013749239034950733
3755	0.014966360293328762
3756	0.017626900225877762
3757	0.013133796863257885
3758	0.01210634596645832
3759	0.01195433922111988
3760	0.015405609272420406
3761	0.017632655799388885
3762	0.014746524393558502
3763	0.014567865990102291
3764	0.02087295614182949
3765	0.02051493339240551
3766	0.019981516525149345
