frame	prob
0	0.002724111545830965
1	0.003088897094130516
2	0.003002831479534507
3	0.002625476336106658
4	0.0028419778682291508
5	0.003282245947048068
6	0.0034519326873123646
7	0.003942062612622976
8	0.0047279465943574905
9	0.004091567825525999
10	0.004497797228395939
11	0.005498379003256559
12	0.005612576846033335
13	0.005358228925615549
14	0.006487622857093811
15	0.005350140389055014
16	0.004956217482686043
17	0.00643085828050971
18	0.005426042713224888
19	0.0049514020793139935
20	0.006011526100337505
21	0.005871086847037077
22	0.005103008355945349
23	0.006309036165475845
24	0.005820245947688818
25	0.007397094275802374
26	0.0062133679166436195
27	0.005812914576381445
28	0.006835313979536295
29	0.007761919405311346
30	0.010209864936769009
31	0.009842599742114544
32	0.010628306306898594
33	0.01040334440767765
34	0.011382348835468292
35	0.013030067086219788
36	0.01417090930044651
37	0.014708176255226135
38	0.015817886218428612
39	0.018655793741345406
40	0.021212393417954445
41	0.019355708733201027
42	0.024027951061725616
43	0.025892043486237526
44	0.03430536016821861
45	0.02123858779668808
46	0.019979579374194145
47	0.029772166162729263
48	0.02113129012286663
49	0.017547231167554855
50	0.0221236664801836
51	0.035675354301929474
52	0.020356863737106323
53	0.017094263806939125
54	0.012373330071568489
55	0.014986837282776833
56	0.011612217873334885
57	0.012518997304141521
58	0.018882429227232933
59	0.01789972372353077
60	0.03846440464258194
61	0.057521212846040726
62	0.09004129469394684
63	0.05162787437438965
64	0.03428766876459122
65	0.015286082401871681
66	0.012965272180736065
67	0.021494446322321892
68	0.019031254574656487
69	0.027729589492082596
70	0.025701910257339478
71	0.04323717579245567
72	0.0595620833337307
73	0.08170542120933533
74	0.13518953323364258
75	0.16948211193084717
76	0.42198553681373596
77	0.48455220460891724
78	0.3200821876525879
79	0.3320494294166565
80	0.6414754986763
81	0.5282406806945801
82	0.5061580538749695
83	0.6595389246940613
84	0.5286559462547302
85	0.6771811842918396
86	0.5474640727043152
87	0.46665164828300476
88	0.36365851759910583
89	0.6831955909729004
90	0.611757755279541
91	0.5546198487281799
92	0.40563201904296875
93	0.6430463790893555
94	0.49503007531166077
95	0.5803634524345398
96	0.6557497978210449
97	0.4506660997867584
98	0.22350822389125824
99	0.12432467192411423
100	0.04549137502908707
101	0.023474296554923058
102	0.015689747408032417
103	0.015572902746498585
104	0.054613590240478516
105	0.16227516531944275
106	0.24040751159191132
107	0.3010947108268738
108	0.2129976749420166
109	0.3045593202114105
110	0.4219709038734436
111	0.4138842225074768
112	0.5327293872833252
113	0.5294999480247498
114	0.4747479557991028
115	0.20447278022766113
116	0.2528090476989746
117	0.19201968610286713
118	0.17593176662921906
119	0.13444900512695312
120	0.10817905515432358
121	0.0579056516289711
122	0.04497143253684044
123	0.11025630682706833
124	0.2975536286830902
125	0.3158762454986572
126	0.44647151231765747
127	0.4041561186313629
128	0.4619565010070801
129	0.5644633173942566
130	0.3314386010169983
131	0.16207920014858246
132	0.17237524688243866
133	0.04316446930170059
134	0.012447059154510498
135	0.009745919145643711
136	0.009898947551846504
137	0.024212956428527832
138	0.1888241320848465
139	0.27582883834838867
140	0.4772045314311981
141	0.32143035531044006
142	0.3925336003303528
143	0.5275692343711853
144	0.3652598261833191
145	0.21834059059619904
146	0.23704516887664795
147	0.45939159393310547
148	0.43705224990844727
149	0.3249424993991852
150	0.3112435042858124
151	0.17149166762828827
152	0.10633095353841782
153	0.18907515704631805
154	0.06355535984039307
155	0.07348170131444931
156	0.019322264939546585
157	0.010187962092459202
158	0.014413246884942055
159	0.017143284901976585
160	0.008614548482000828
161	0.007703836541622877
162	0.011962118558585644
163	0.015195836313068867
164	0.07540684193372726
165	0.1948985904455185
166	0.33603355288505554
167	0.3904486298561096
168	0.4543186128139496
169	0.46641799807548523
170	0.2714962661266327
171	0.13970601558685303
172	0.2886120080947876
173	0.22902970016002655
174	0.4241718351840973
175	0.17384588718414307
176	0.1385379135608673
177	0.10948535054922104
178	0.29019641876220703
179	0.5793690085411072
180	0.4579419195652008
181	0.6372165083885193
182	0.37885627150535583
183	0.15164293348789215
184	0.06456308811903
185	0.04167411848902702
186	0.025188196450471878
187	0.014154273085296154
188	0.008972021751105785
189	0.009063930250704288
190	0.00878032948821783
191	0.009112951345741749
192	0.009335278533399105
193	0.007832693867385387
194	0.008725055493414402
195	0.012657689861953259
196	0.024480968713760376
197	0.029778650030493736
198	0.013808791525661945
199	0.010359998792409897
200	0.010648238472640514
201	0.008826135657727718
202	0.011721501126885414
203	0.009416386485099792
204	0.009862291626632214
205	0.012911990284919739
206	0.0142357824370265
207	0.009199541993439198
208	0.0096878157928586
209	0.016843974590301514
210	0.010332616046071053
211	0.015584684908390045
212	0.01233761291950941
213	0.011075339280068874
214	0.009949068538844585
215	0.009185540489852428
216	0.010233414359390736
217	0.010253597982227802
218	0.009261603467166424
219	0.010512012988328934
220	0.010109223425388336
221	0.009253539144992828
222	0.013518762774765491
223	0.010382384061813354
224	0.010733294300734997
225	0.009191798977553844
226	0.00863376259803772
227	0.009725823067128658
228	0.008338012732565403
229	0.01099241804331541
230	0.009203012101352215
231	0.007771007716655731
232	0.0062346807681024075
233	0.006206644233316183
234	0.007259687874466181
235	0.007544664200395346
236	0.008615321479737759
237	0.006814159452915192
238	0.006678381003439426
239	0.006150390952825546
240	0.005358177702873945
241	0.0045302980579435825
242	0.003973780199885368
243	0.004661984276026487
244	0.003449898213148117
245	0.004485900979489088
246	0.00521879130974412
247	0.00474967947229743
248	0.004153996240347624
249	0.003696870757266879
250	0.0033148457296192646
251	0.003072619205340743
252	0.0037379171699285507
253	0.0031714641954749823
254	0.003079339861869812
255	0.003379862057045102
256	0.003183697583153844
257	0.002829698845744133
258	0.00263955001719296
259	0.003798564663156867
260	0.002967506879940629
261	0.003102165414020419
262	0.0029804399237036705
263	0.004124893341213465
264	0.003022159216925502
265	0.0035805620718747377
266	0.0036293365992605686
267	0.003095772350206971
268	0.0036037061363458633
269	0.003873715177178383
270	0.003582279896363616
271	0.003293357091024518
272	0.0031034958083182573
273	0.0030698967166244984
274	0.0029914386104792356
275	0.0028284506406635046
276	0.003663955722004175
277	0.003381531685590744
278	0.0034426755737513304
279	0.0033526390325278044
280	0.004232171922922134
281	0.00462766969576478
282	0.004639424383640289
283	0.004135069437325001
284	0.0040662093088030815
285	0.004439124371856451
286	0.0038568363524973392
287	0.004468304570764303
288	0.00458932388573885
289	0.003795499447733164
290	0.004741802345961332
291	0.003570965025573969
292	0.004377458244562149
293	0.007477156352251768
294	0.008856037631630898
295	0.015488797798752785
296	0.012652406468987465
297	0.010535934939980507
298	0.010192789137363434
299	0.011195403523743153
300	0.011489416472613811
301	0.012591592967510223
302	0.012140716426074505
303	0.011698066256940365
304	0.015587485395371914
305	0.01779061369597912
306	0.01612274907529354
307	0.00860322080552578
308	0.005390401463955641
309	0.005661327857524157
310	0.006019155960530043
311	0.0060360487550497055
312	0.00799892283976078
313	0.011732068844139576
314	0.0124299181625247
315	0.005137646105140448
316	0.004234704654663801
317	0.005004886072129011
318	0.006836500950157642
319	0.010209272615611553
320	0.008291180245578289
321	0.017539007589221
322	0.010451653972268105
323	0.008235315792262554
324	0.005733924452215433
325	0.004646757617592812
326	0.004516569431871176
327	0.004758715629577637
328	0.005689436104148626
329	0.005649365019053221
330	0.00629705935716629
331	0.0071999928914010525
332	0.011075954884290695
333	0.006539404392242432
334	0.006457494106143713
335	0.004624274559319019
336	0.005700019653886557
337	0.0051796454936265945
338	0.0048417034558951855
339	0.004927706439048052
340	0.004712345544248819
341	0.003629436483606696
342	0.0038998310919851065
343	0.0036334835458546877
344	0.0037966095842421055
345	0.004034854471683502
346	0.003495522541925311
347	0.004268874879926443
348	0.003435228019952774
349	0.0036805320996791124
350	0.003803391708061099
351	0.003897723276168108
352	0.003545627696439624
353	0.004054897930473089
354	0.0034587958361953497
355	0.0041104028932750225
356	0.005096775479614735
357	0.00456541171297431
358	0.004595404025167227
359	0.004290164448320866
360	0.00574673805385828
361	0.0044473703019320965
362	0.0038540009409189224
363	0.004235227592289448
364	0.004404539708048105
365	0.004145036917179823
366	0.004884924273937941
367	0.0045005884021520615
368	0.004008409101516008
369	0.004104461520910263
370	0.004842869937419891
371	0.004052754491567612
372	0.004299824591726065
373	0.003991506993770599
374	0.003514891490340233
375	0.004007567651569843
376	0.004078298341482878
377	0.004361091181635857
378	0.004459667950868607
379	0.004226550459861755
380	0.004107544664293528
381	0.0031439405865967274
382	0.003646767931059003
383	0.003591446205973625
384	0.004994120914489031
385	0.004839734639972448
386	0.0033200003672391176
387	0.00379101256839931
388	0.003883158089593053
389	0.005015624221414328
390	0.0038287981878966093
391	0.0041414047591388226
392	0.004192945547401905
393	0.004577045328915119
394	0.004761686082929373
395	0.004406179301440716
396	0.004118897952139378
397	0.0036306835245341063
398	0.003996685612946749
399	0.003225031541660428
400	0.0039052057545632124
401	0.0036644362844526768
402	0.0035655812826007605
403	0.0037679914385080338
404	0.004524818155914545
405	0.004864626098424196
406	0.0041998932138085365
407	0.004488309845328331
408	0.0051413970068097115
409	0.00475348113104701
410	0.005373429041355848
411	0.006504483055323362
412	0.005530922207981348
413	0.005716897547245026
414	0.005851841997355223
415	0.006563922856003046
416	0.0071722292341291904
417	0.005715905223041773
418	0.006201385986059904
419	0.0062304954044520855
420	0.006051156669855118
421	0.007391903083771467
422	0.006794110871851444
423	0.006312779616564512
424	0.006724712438881397
425	0.007039682473987341
426	0.008347995579242706
427	0.009105986915528774
428	0.010035066865384579
429	0.011959278956055641
430	0.011074039153754711
431	0.015595562756061554
432	0.021316519007086754
433	0.01729435659945011
434	0.016917336732149124
435	0.016664011403918266
436	0.015103018842637539
437	0.011197191663086414
438	0.013826005160808563
439	0.014293667860329151
440	0.011615968309342861
441	0.011329063214361668
442	0.011928028427064419
443	0.01100038643926382
444	0.009578962810337543
445	0.01176396943628788
446	0.011483057402074337
447	0.01189130824059248
448	0.013997169211506844
449	0.012207726947963238
450	0.012316330336034298
451	0.012566816993057728
452	0.012226070277392864
453	0.011127499863505363
454	0.01049884781241417
455	0.011408696882426739
456	0.012748134322464466
457	0.021635210141539574
458	0.01934460923075676
459	0.018499746918678284
460	0.04310934990644455
461	0.023873446509242058
462	0.014585248194634914
463	0.013345775194466114
464	0.01723562739789486
465	0.018212392926216125
466	0.03692306950688362
467	0.023865578696131706
468	0.017341259866952896
469	0.012065771035850048
470	0.011086410842835903
471	0.010722224600613117
472	0.00935299415141344
473	0.011319720186293125
474	0.01026962324976921
475	0.014615096151828766
476	0.026857931166887283
477	0.01310125645250082
478	0.009130125865340233
479	0.009786555543541908
480	0.011196788400411606
481	0.010906650684773922
482	0.008557342924177647
483	0.009707113727927208
484	0.00867557805031538
485	0.007376176305115223
486	0.007798195816576481
487	0.009860607795417309
488	0.009989201091229916
489	0.010195094160735607
490	0.010601762682199478
491	0.020365063101053238
492	0.05266627296805382
493	0.019039800390601158
494	0.049601610749959946
495	0.0389614962041378
496	0.03185877576470375
497	0.03447230905294418
498	0.019409069791436195
499	0.015137997455894947
500	0.011829094961285591
501	0.01118369773030281
502	0.009701377712190151
503	0.009335923008620739
504	0.00904551800340414
505	0.009943567216396332
506	0.009257219731807709
507	0.0090943593531847
508	0.009927726350724697
509	0.009840987622737885
510	0.057440340518951416
511	0.01894581876695156
512	0.011002887040376663
513	0.008305037394165993
514	0.0074337320402264595
515	0.008589440956711769
516	0.00870559923350811
517	0.0078621506690979
518	0.00800792034715414
519	0.008153480477631092
520	0.0064444453455507755
521	0.007867627777159214
522	0.008275740779936314
523	0.008877311833202839
524	0.007411555852741003
525	0.00825000461190939
526	0.008376236073672771
527	0.009228079579770565
528	0.009340859949588776
529	0.007084507029503584
530	0.008245828561484814
531	0.008471863344311714
532	0.00805050227791071
533	0.009225650690495968
534	0.009269234724342823
535	0.012559040449559689
536	0.013598463498055935
537	0.01023105252534151
538	0.009310645051300526
539	0.009241190738976002
540	0.009395974688231945
541	0.009404211305081844
542	0.008120506070554256
543	0.009064607322216034
544	0.00903038214892149
545	0.011362669058144093
546	0.009148935787379742
547	0.008994944393634796
548	0.009296390227973461
549	0.010508487932384014
550	0.008774196729063988
551	0.0074727884493768215
552	0.009214460849761963
553	0.011590395122766495
554	0.012360026128590107
555	0.00763686140999198
556	0.012498138472437859
557	0.021252000704407692
558	0.01653139665722847
559	0.010106036439538002
560	0.009934678673744202
561	0.010996191762387753
562	0.00646138796582818
563	0.0054002320393919945
564	0.00394701911136508
565	0.006178128067404032
566	0.006223656237125397
567	0.0057351733557879925
568	0.009120657108724117
569	0.011239270679652691
570	0.011973368003964424
571	0.009724455885589123
572	0.009244791232049465
573	0.009340782649815083
574	0.010261121205985546
575	0.009135539643466473
576	0.014836633577942848
577	0.011952470988035202
578	0.009610086679458618
579	0.009496442973613739
580	0.006821729242801666
581	0.00729290721938014
582	0.007771951146423817
583	0.006587970536202192
584	0.008736152201890945
585	0.007598754949867725
586	0.006683286279439926
587	0.007058182265609503
588	0.013656869530677795
589	0.012192032299935818
590	0.01139193307608366
591	0.012765750288963318
592	0.01279536820948124
593	0.009131730534136295
594	0.008988645859062672
595	0.010669834911823273
596	0.010464372113347054
597	0.010371101088821888
598	0.010728815570473671
599	0.010922418907284737
600	0.014912051148712635
601	0.009775293059647083
602	0.008922035805881023
603	0.005515283904969692
604	0.007944822311401367
605	0.008332907222211361
606	0.008018876425921917
607	0.007552115712314844
608	0.0057954429648816586
609	0.004913820419460535
610	0.00570606580004096
611	0.004923017229884863
612	0.006031388882547617
613	0.009454752318561077
614	0.007552738767117262
615	0.006970616523176432
616	0.008228152990341187
617	0.011491564102470875
618	0.0080457404255867
619	0.008562690578401089
620	0.005138822365552187
621	0.004394325893372297
622	0.004241238813847303
623	0.004488231148570776
624	0.004110901150852442
625	0.005667195655405521
626	0.005227077752351761
627	0.0050178938545286655
628	0.004158917348831892
629	0.0038247646298259497
630	0.004106875043362379
631	0.004119736608117819
632	0.004914055112749338
633	0.004707307554781437
634	0.004648287780582905
635	0.003971386700868607
636	0.004375079646706581
637	0.004588013049215078
638	0.004578949883580208
639	0.00387544184923172
640	0.004885868635028601
641	0.004276579711586237
642	0.00405683321878314
643	0.004673155024647713
644	0.003864176571369171
645	0.0039724609814584255
646	0.0035563043784350157
647	0.0033126340713351965
648	0.0038181038107722998
649	0.003958296962082386
650	0.0037509778048843145
651	0.004096860997378826
652	0.004383685998618603
653	0.004311562981456518
654	0.004550360143184662
655	0.004067366011440754
656	0.003957179840654135
657	0.003958351444453001
658	0.003608537605032325
659	0.0035435885656625032
660	0.0036215800791978836
661	0.0036966397892683744
662	0.003461583750322461
663	0.0033278283663094044
664	0.0038874575402587652
665	0.0040005408227443695
666	0.0041558812372386456
667	0.004116566386073828
668	0.0036623829510062933
669	0.0037385020405054092
670	0.003926947712898254
671	0.003645119024440646
672	0.004516739398241043
673	0.005444172769784927
674	0.005597345530986786
675	0.005033873952925205
676	0.0050663575530052185
677	0.005170262884348631
678	0.0050170086324214935
679	0.004581846296787262
680	0.005160259548574686
681	0.005198338069021702
682	0.0047445110976696014
683	0.00521051837131381
684	0.005254365503787994
685	0.004510916769504547
686	0.004637339152395725
687	0.004829708021134138
688	0.004803556948900223
689	0.006011226214468479
690	0.007267871405929327
691	0.005679856985807419
692	0.006555626634508371
693	0.009497408755123615
694	0.007191271986812353
695	0.006842403206974268
696	0.007878546603024006
697	0.007020955439656973
698	0.0071972087025642395
699	0.009543374180793762
700	0.008552989922463894
701	0.008592826314270496
702	0.009157165884971619
703	0.008407379500567913
704	0.010165723972022533
705	0.011200440116226673
706	0.011227106675505638
707	0.010575189255177975
708	0.014922305010259151
709	0.012916785664856434
710	0.016218533739447594
711	0.02312023751437664
712	0.024285847321152687
713	0.020900532603263855
714	0.026301026344299316
715	0.018963143229484558
716	0.02267363667488098
717	0.024048082530498505
718	0.0307379849255085
719	0.046184130012989044
720	0.026784313842654228
721	0.020330220460891724
722	0.015871185809373856
723	0.022807881236076355
724	0.027856582775712013
725	0.026491208001971245
726	0.012913778424263
727	0.01303128618746996
728	0.022647785022854805
729	0.016872406005859375
730	0.04002315551042557
731	0.05801153928041458
732	0.04289289563894272
733	0.059680093079805374
734	0.03001960553228855
735	0.02526674047112465
736	0.01753224991261959
737	0.015037092380225658
738	0.012036343105137348
739	0.01095294114202261
740	0.016068926081061363
741	0.010609665885567665
742	0.011113801971077919
743	0.00850360095500946
744	0.00996775459498167
745	0.007137082517147064
746	0.011279200203716755
747	0.011306456290185452
748	0.025268033146858215
749	0.028481099754571915
750	0.016775961965322495
751	0.0309987124055624
752	0.021054169163107872
753	0.08831264823675156
754	0.17231841385364532
755	0.16402482986450195
756	0.3847481310367584
757	0.42504778504371643
758	0.608808696269989
759	0.4190714359283447
760	0.5124323964118958
761	0.5839722156524658
762	0.41080138087272644
763	0.5500558018684387
764	0.595476508140564
765	0.06843538582324982
766	0.43204280734062195
767	0.43459492921829224
768	0.6283578872680664
769	0.3915865421295166
770	0.33601781725883484
771	0.5920445322990417
772	0.378988653421402
773	0.21339116990566254
774	0.06134333834052086
775	0.056787122040987015
776	0.04123154655098915
777	0.019230715930461884
778	0.01736385188996792
779	0.011148093268275261
780	0.010503428988158703
781	0.009645834565162659
782	0.010488368570804596
783	0.009474614635109901
784	0.009314916096627712
785	0.010862283408641815
786	0.010835610330104828
787	0.010643957182765007
788	0.009394154883921146
789	0.009138010442256927
790	0.010284781455993652
791	0.009481852874159813
792	0.011968028731644154
793	0.022681215777993202
794	0.01532942708581686
795	0.011159935966134071
796	0.007714980747550726
797	0.009448952041566372
798	0.02447393909096718
799	0.01543853897601366
800	0.01154134888201952
801	0.010484682396054268
802	0.005863092374056578
803	0.006375052034854889
804	0.007750790100544691
805	0.00853603333234787
806	0.014519176445901394
807	0.014781824313104153
808	0.012489530257880688
809	0.012524685822427273
810	0.009615512564778328
811	0.00573469465598464
812	0.007441864814609289
813	0.006232916377484798
814	0.00718241510912776
815	0.009520192630589008
816	0.010575863532721996
817	0.006087996065616608
818	0.006989310961216688
819	0.009143327362835407
820	0.006784407887607813
821	0.008136366493999958
822	0.007508724927902222
823	0.007191367447376251
824	0.009556924924254417
825	0.008830257691442966
826	0.007328208535909653
827	0.007259574718773365
828	0.007916918024420738
829	0.008014149963855743
830	0.008250762708485126
831	0.008252053521573544
832	0.009346838109195232
833	0.010065898299217224
834	0.01067043375223875
835	0.008097569458186626
836	0.008860256522893906
837	0.01018842589110136
838	0.00625881040468812
839	0.0052949367091059685
840	0.006209131330251694
841	0.008071101270616055
842	0.007546113338321447
843	0.007534426636993885
844	0.00942398514598608
845	0.009220744483172894
846	0.010078201070427895
847	0.009634638205170631
848	0.008859059773385525
849	0.009867492131888866
850	0.01137304212898016
851	0.008014201186597347
852	0.006332726683467627
853	0.006313301157206297
854	0.006096833385527134
855	0.006392730865627527
856	0.006912232376635075
857	0.007044488098472357
858	0.006176890339702368
859	0.005000019446015358
860	0.005395923741161823
861	0.007297954056411982
862	0.008714484982192516
863	0.011139906011521816
864	0.010246751829981804
865	0.008605748414993286
866	0.00783985573798418
867	0.008808115497231483
868	0.00738797802478075
869	0.007776807993650436
870	0.006609994452446699
871	0.007658518850803375
872	0.006380321923643351
873	0.006175728980451822
874	0.006438001990318298
875	0.005423479713499546
876	0.006200609728693962
877	0.005867366679012775
878	0.005562408361583948
879	0.005553025286644697
880	0.005805266089737415
881	0.005143595393747091
882	0.005161831621080637
883	0.00477160420268774
884	0.005198500584810972
885	0.0046773143112659454
886	0.005264969076961279
887	0.004555688705295324
888	0.004789297468960285
889	0.005287106614559889
890	0.005706434138119221
891	0.00594151159748435
892	0.004277373198419809
893	0.00402142945677042
894	0.006468165200203657
895	0.005858900956809521
896	0.0038969211746007204
897	0.005464660469442606
898	0.00639312295243144
899	0.004968799650669098
900	0.006947699468582869
901	0.007555773016065359
902	0.005775907542556524
903	0.0061693256720900536
904	0.0046882289461791515
905	0.0049674357287585735
906	0.006140124052762985
907	0.006627041380852461
908	0.007462535984814167
909	0.0049263425171375275
910	0.005067057907581329
911	0.006487095262855291
912	0.007012901362031698
913	0.007198962848633528
914	0.009503615088760853
915	0.009576770476996899
916	0.010608348064124584
917	0.008988392539322376
918	0.00950714386999607
919	0.011619294062256813
920	0.0107650775462389
921	0.010818381793797016
922	0.011657282710075378
923	0.009606256149709225
924	0.01021589059382677
925	0.009421924129128456
926	0.009563212282955647
927	0.009034252725541592
928	0.010202568024396896
929	0.008376309648156166
930	0.010208161547780037
931	0.01109483651816845
932	0.013270852155983448
933	0.014861145988106728
934	0.018378039821982384
935	0.01439692359417677
936	0.019883686676621437
937	0.015924474224448204
938	0.014136077836155891
939	0.01354824285954237
940	0.01687760464847088
941	0.017091190442442894
942	0.016185373067855835
943	0.010271288454532623
944	0.012628927826881409
945	0.013335664756596088
946	0.010828903876245022
947	0.0106104901060462
948	0.010926674120128155
949	0.010913620702922344
950	0.009525397792458534
951	0.009323542937636375
952	0.008207405917346478
953	0.008805474266409874
954	0.009540840052068233
955	0.011367397382855415
956	0.008982911705970764
957	0.00812377780675888
958	0.006862202193588018
959	0.010168067179620266
960	0.009382116608321667
961	0.01038402784615755
962	0.009317866526544094
963	0.009115385822951794
964	0.0155118303373456
965	0.012189395725727081
966	0.012241403572261333
967	0.013056089170277119
968	0.010960915125906467
969	0.018047019839286804
970	0.011551680974662304
971	0.011871772818267345
972	0.01248414721339941
973	0.016773194074630737
974	0.017691759392619133
975	0.011859026737511158
976	0.01501165609806776
977	0.019496813416481018
978	0.023271681740880013
979	0.019544994458556175
980	0.009172389283776283
981	0.007738181855529547
982	0.01390338595956564
983	0.010617251507937908
984	0.0068055703304708
985	0.005547812208533287
986	0.008174669928848743
987	0.00769005436450243
988	0.007300355471670628
989	0.006495570298284292
990	0.005625935271382332
991	0.005448056850582361
992	0.007641828153282404
993	0.00849324930459261
994	0.010683650150895119
995	0.014309147372841835
996	0.009121335111558437
997	0.00876552052795887
998	0.01057461742311716
999	0.017920738086104393
1000	0.010245141573250294
1001	0.010295157320797443
1002	0.018279900774359703
1003	0.01583101414144039
1004	0.009451883845031261
1005	0.008117682300508022
1006	0.0067446292378008366
1007	0.007677258457988501
1008	0.007089932914823294
1009	0.004636548459529877
1010	0.005904583726078272
1011	0.005362146534025669
1012	0.0051479036919772625
1013	0.006465991493314505
1014	0.00568184070289135
1015	0.005605851765722036
1016	0.006082938518375158
1017	0.006699994206428528
1018	0.006390023976564407
1019	0.006109085865318775
1020	0.005950089078396559
1021	0.005732528865337372
1022	0.005665741860866547
1023	0.005300308112055063
1024	0.006894123740494251
1025	0.005642056465148926
1026	0.0049582901410758495
1027	0.004190958570688963
1028	0.004463532939553261
1029	0.003561581252142787
1030	0.00392318656668067
1031	0.004057001322507858
1032	0.0033510334324091673
1033	0.0036727332044392824
1034	0.003888519247993827
1035	0.0035287810023874044
1036	0.004319971892982721
1037	0.00402851402759552
1038	0.0030848474707454443
1039	0.0033177495934069157
1040	0.0030421502888202667
1041	0.0032131578773260117
1042	0.0037654824554920197
1043	0.003514880081638694
1044	0.0039220997132360935
1045	0.004699003417044878
1046	0.0044840550981462
1047	0.004866539966315031
1048	0.00477073946967721
1049	0.005612737499177456
1050	0.005466687958687544
1051	0.006936188321560621
1052	0.005860352423042059
1053	0.007219093386083841
1054	0.006214565131813288
1055	0.007811635732650757
1056	0.006546532269567251
1057	0.007276187185198069
1058	0.008513526991009712
1059	0.007805520202964544
1060	0.007311929017305374
1061	0.007803607266396284
1062	0.00835817027837038
1063	0.006806429009884596
1064	0.006587505340576172
1065	0.005691195838153362
1066	0.005791818257421255
1067	0.007069823332130909
1068	0.005037409253418446
1069	0.0055262306705117226
1070	0.006594625301659107
1071	0.007927841506898403
1072	0.008152554742991924
1073	0.00958267878741026
1074	0.007369793485850096
1075	0.007016791496425867
1076	0.007052628789097071
1077	0.007459159474819899
1078	0.008024677634239197
1079	0.007758698891848326
1080	0.007382419891655445
1081	0.008455799892544746
1082	0.008098796010017395
1083	0.007409301586449146
1084	0.008036655373871326
1085	0.009767207317054272
1086	0.00912510696798563
1087	0.008820169605314732
1088	0.0065941112115979195
1089	0.007065615151077509
1090	0.006221662741154432
1091	0.007352276239544153
1092	0.006014690268784761
1093	0.005214741453528404
1094	0.006525951903313398
1095	0.006370724178850651
1096	0.007028535939753056
1097	0.005475819576531649
1098	0.005468740593641996
1099	0.0068719820119440556
1100	0.0070144617930054665
1101	0.0068938094191253185
1102	0.0074225920252501965
1103	0.00659070024266839
1104	0.005761043634265661
1105	0.008160910569131374
1106	0.006730116903781891
1107	0.006560056935995817
1108	0.007829255424439907
1109	0.008794357068836689
1110	0.007873179391026497
1111	0.009602046571671963
1112	0.011589856818318367
1113	0.01321487408131361
1114	0.016727855429053307
1115	0.01135487761348486
1116	0.012421324849128723
1117	0.013629528693854809
1118	0.01402019988745451
1119	0.011230205185711384
1120	0.010466553270816803
1121	0.012763368897140026
1122	0.011718026362359524
1123	0.01070009171962738
1124	0.012460928410291672
1125	0.00982167012989521
1126	0.010732985101640224
1127	0.010393944568932056
1128	0.009364234283566475
1129	0.009631012566387653
1130	0.013073845766484737
1131	0.010462721809744835
1132	0.011863134801387787
1133	0.010429657064378262
1134	0.013332672417163849
1135	0.011786052025854588
1136	0.011546364054083824
1137	0.012479618191719055
1138	0.0105964420363307
1139	0.013100000098347664
1140	0.01071688998490572
1141	0.013566399924457073
1142	0.011195029132068157
1143	0.011917955242097378
1144	0.014315502718091011
1145	0.010856329463422298
1146	0.011658122763037682
1147	0.012887510471045971
1148	0.010803240351378918
1149	0.0109999505802989
1150	0.008818659000098705
1151	0.007604070007801056
1152	0.013398225419223309
1153	0.012544666416943073
1154	0.010282325558364391
1155	0.011687620542943478
1156	0.012577113695442677
1157	0.015220018103718758
1158	0.01479503232985735
1159	0.012220513075590134
1160	0.011860894970595837
1161	0.010306422598659992
1162	0.008438172750175
1163	0.009514636360108852
1164	0.008838068693876266
1165	0.010062746703624725
1166	0.010642110370099545
1167	0.009773467667400837
1168	0.008428163826465607
1169	0.008624027483165264
1170	0.008391204290091991
1171	0.0077823190949857235
1172	0.00775105832144618
1173	0.0077706798911094666
1174	0.007772323675453663
1175	0.009265399537980556
1176	0.007522361818701029
1177	0.007138654589653015
1178	0.007070287596434355
1179	0.008169186301529408
1180	0.007190489210188389
1181	0.008834403939545155
1182	0.008710376918315887
1183	0.007622732315212488
1184	0.007456822786480188
1185	0.008933058939874172
1186	0.008322056382894516
1187	0.008578670211136341
1188	0.008916180580854416
1189	0.008832419291138649
1190	0.011508479714393616
1191	0.011723394505679607
1192	0.01151149719953537
1193	0.010831957682967186
1194	0.009446855634450912
1195	0.009959719143807888
1196	0.011737997643649578
1197	0.009754817001521587
1198	0.009931053034961224
1199	0.010018517263233662
1200	0.010347777046263218
1201	0.01016276516020298
1202	0.01079940889030695
1203	0.009128492325544357
1204	0.009260130114853382
1205	0.009627497754991055
1206	0.009948022663593292
1207	0.009150706231594086
1208	0.008242631331086159
1209	0.008233243599534035
1210	0.007896140217781067
1211	0.007520006503909826
1212	0.013648194260895252
1213	0.01196435745805502
1214	0.01097975391894579
1215	0.012767723761498928
1216	0.013637012802064419
1217	0.01078199315816164
1218	0.011632761918008327
1219	0.013494506478309631
1220	0.012371981516480446
1221	0.014012954197824001
1222	0.009660596959292889
1223	0.010134120471775532
1224	0.010975047945976257
1225	0.011628189124166965
1226	0.009488197974860668
1227	0.009926162660121918
1228	0.009030806832015514
1229	0.008563539013266563
1230	0.00804166216403246
1231	0.007962459698319435
1232	0.010772484354674816
1233	0.0080735944211483
1234	0.009530983865261078
1235	0.008729162625968456
1236	0.009515414945781231
1237	0.009587137028574944
1238	0.009718349203467369
1239	0.00782762374728918
1240	0.009795017540454865
1241	0.008702652528882027
1242	0.009031611494719982
1243	0.010031476616859436
1244	0.010404646396636963
1245	0.011592372320592403
1246	0.009588660672307014
1247	0.011099608615040779
1248	0.011035848408937454
1249	0.010593423619866371
1250	0.009705478325486183
1251	0.010257022455334663
1252	0.010267321020364761
1253	0.0113974092528224
1254	0.010795480571687222
1255	0.009240214712917805
1256	0.009983023628592491
1257	0.009900270029902458
1258	0.010622548870742321
1259	0.011549454182386398
1260	0.009362195618450642
1261	0.00871075876057148
1262	0.009788194671273232
1263	0.009944677352905273
1264	0.014680961146950722
1265	0.01198616623878479
1266	0.012160503305494785
1267	0.008350054733455181
1268	0.012246484868228436
1269	0.010819210670888424
1270	0.010642153210937977
1271	0.009013853035867214
1272	0.010998561978340149
1273	0.00923813134431839
1274	0.011648900806903839
1275	0.013635614886879921
1276	0.012796632014214993
1277	0.010417355224490166
1278	0.01127749215811491
1279	0.013052569702267647
1280	0.010423317551612854
1281	0.009877137839794159
1282	0.009809854440391064
1283	0.00853222981095314
1284	0.008109482005238533
1285	0.009173611178994179
1286	0.012440245598554611
1287	0.015461434610188007
1288	0.014472655020654202
1289	0.010406268760561943
1290	0.010367504321038723
1291	0.008519040420651436
1292	0.009066629223525524
1293	0.009244103915989399
1294	0.009239552542567253
1295	0.011923238635063171
1296	0.009652300737798214
1297	0.008136127144098282
1298	0.009108765050768852
1299	0.008572491817176342
1300	0.009233768098056316
1301	0.008532034233212471
1302	0.007606841623783112
1303	0.012753901071846485
1304	0.006661984603852034
1305	0.009780469350516796
1306	0.010594493709504604
1307	0.013021073304116726
1308	0.009374636225402355
1309	0.005608343053609133
1310	0.008330232463777065
1311	0.010053892619907856
1312	0.01745355688035488
1313	0.013230149634182453
1314	0.012663468718528748
1315	0.011228890158236027
1316	0.01248566247522831
1317	0.011008085682988167
1318	0.021594194695353508
1319	0.019220596179366112
1320	0.016658270731568336
1321	0.009497597813606262
1322	0.013775596395134926
1323	0.009308758191764355
1324	0.008800824172794819
1325	0.008591844700276852
1326	0.009563209488987923
1327	0.009358026087284088
1328	0.012392046861350536
1329	0.014828610233962536
1330	0.020693039521574974
1331	0.02052980475127697
1332	0.018700046464800835
1333	0.015624997206032276
1334	0.01536446064710617
1335	0.02543804980814457
1336	0.020961953327059746
1337	0.022535143420100212
1338	0.037847407162189484
1339	0.01870821788907051
1340	0.010478741489350796
1341	0.009340345859527588
1342	0.012218015268445015
1343	0.019212177023291588
1344	0.021254220977425575
1345	0.012318985536694527
1346	0.015947245061397552
1347	0.0178742166608572
1348	0.01925637200474739
1349	0.02208033762872219
1350	0.013265718705952168
1351	0.011661406606435776
1352	0.025976747274398804
1353	0.015372583642601967
1354	0.019465476274490356
1355	0.029280250892043114
1356	0.036340873688459396
1357	0.016485759988427162
1358	0.022691238671541214
1359	0.020179377868771553
1360	0.017686868086457253
1361	0.018210580572485924
1362	0.01621655933558941
1363	0.0162697471678257
1364	0.015576064586639404
1365	0.019572824239730835
1366	0.017973752692341805
1367	0.015887776389718056
1368	0.017282577231526375
1369	0.014215265400707722
1370	0.012807308696210384
1371	0.01997227780520916
1372	0.02026916854083538
1373	0.016420161351561546
1374	0.018567878752946854
1375	0.02232118882238865
1376	0.020419813692569733
1377	0.013494429178535938
1378	0.010447497479617596
1379	0.015170416794717312
1380	0.013571328483521938
1381	0.017521832138299942
1382	0.013162500225007534
1383	0.011534491553902626
1384	0.01180861983448267
1385	0.010166334919631481
1386	0.010133502073585987
1387	0.011023718863725662
1388	0.009355263784527779
1389	0.010981418192386627
1390	0.01222288329154253
1391	0.00882904976606369
1392	0.010566317476332188
1393	0.012130647897720337
1394	0.009471258148550987
1395	0.010956867597997189
1396	0.008825256489217281
1397	0.008771883323788643
1398	0.010834171436727047
1399	0.009838960133492947
1400	0.013915279880166054
1401	0.011984569951891899
1402	0.010255688801407814
1403	0.008739112876355648
1404	0.012571501545608044
1405	0.009272456169128418
1406	0.012298926711082458
1407	0.013104249723255634
1408	0.012110545299947262
1409	0.014850166626274586
1410	0.014245259575545788
1411	0.014852653257548809
1412	0.013025137595832348
1413	0.013802197761833668
1414	0.012978091835975647
1415	0.012457338161766529
1416	0.013752100057899952
1417	0.01577458716928959
1418	0.018183954060077667
1419	0.015417476184666157
1420	0.015132978558540344
1421	0.014147731475532055
1422	0.0149525823071599
1423	0.014721356332302094
1424	0.013791478238999844
1425	0.012852500192821026
1426	0.016275370493531227
1427	0.013564742170274258
1428	0.01645277999341488
1429	0.013278603553771973
1430	0.01928975060582161
1431	0.017472248524427414
1432	0.012513086199760437
1433	0.021468764171004295
1434	0.016685670241713524
1435	0.018767911940813065
1436	0.022284040227532387
1437	0.018046749755740166
1438	0.017736485227942467
1439	0.02055506967008114
1440	0.01898219995200634
1441	0.013650618493556976
1442	0.019927196204662323
1443	0.013914278708398342
1444	0.013849854469299316
1445	0.015516340732574463
1446	0.014993141405284405
1447	0.013042260892689228
1448	0.009573261253535748
1449	0.010018453001976013
1450	0.008858053013682365
1451	0.008244904689490795
1452	0.009207287803292274
1453	0.009132099337875843
1454	0.007719567511230707
1455	0.00833178125321865
1456	0.0070780240930616856
1457	0.005831869784742594
1458	0.006294152233749628
1459	0.007368973921984434
1460	0.006950063165277243
1461	0.009108631871640682
1462	0.007946677505970001
1463	0.008486958220601082
1464	0.007678763475269079
1465	0.008370105177164078
1466	0.008102526888251305
1467	0.008213736116886139
1468	0.008790298365056515
1469	0.009372632019221783
1470	0.009636995382606983
1471	0.008119446225464344
1472	0.008072862401604652
1473	0.007229624781757593
1474	0.008102169260382652
1475	0.00694338558241725
1476	0.00934611726552248
1477	0.007997957058250904
1478	0.009997091256082058
1479	0.010754531249403954
1480	0.00737399747595191
1481	0.008460072800517082
1482	0.008288460783660412
1483	0.00657673180103302
1484	0.006288078613579273
1485	0.007987393997609615
1486	0.009841427206993103
1487	0.007505149580538273
1488	0.006521766539663076
1489	0.005697110202163458
1490	0.014246967621147633
1491	0.012227153405547142
1492	0.007804480381309986
1493	0.00670204171910882
1494	0.006186296697705984
1495	0.004738491959869862
1496	0.0077592963352799416
1497	0.013712689280509949
1498	0.008739068172872066
1499	0.014052726328372955
1500	0.011781364679336548
1501	0.007168577518314123
1502	0.006463326513767242
1503	0.007142309099435806
1504	0.007610106375068426
1505	0.008865462616086006
1506	0.016359752044081688
1507	0.010627726092934608
1508	0.02402615174651146
1509	0.016008127480745316
1510	0.010665025562047958
1511	0.013418025337159634
1512	0.010993017815053463
1513	0.012316185981035233
1514	0.013045817613601685
1515	0.011084054596722126
1516	0.012916207313537598
1517	0.01221767533570528
1518	0.012313760817050934
1519	0.011235293932259083
1520	0.008933362551033497
1521	0.009630067273974419
1522	0.0115015534684062
1523	0.014666966162621975
1524	0.015861352905631065
1525	0.01791580393910408
1526	0.0232709851115942
1527	0.0184914693236351
1528	0.01709914021193981
1529	0.018865317106246948
1530	0.018126480281352997
1531	0.01650269143283367
1532	0.011314659379422665
1533	0.009594765491783619
1534	0.008151977322995663
1535	0.009961596690118313
1536	0.011539160273969173
1537	0.01428369339555502
1538	0.011302116326987743
1539	0.011189719662070274
1540	0.012537729926407337
1541	0.0062488047406077385
1542	0.006561361253261566
1543	0.011337115429341793
1544	0.013631937094032764
1545	0.013413192704319954
1546	0.012889060191810131
1547	0.009830217808485031
1548	0.009352827444672585
1549	0.009140411391854286
1550	0.008682779036462307
1551	0.00960454810410738
1552	0.01143680326640606
1553	0.012820552103221416
1554	0.008220530115067959
1555	0.00912000983953476
1556	0.009685291908681393
1557	0.009048274718225002
1558	0.0035756013821810484
1559	0.009692387655377388
1560	0.014295942150056362
1561	0.02113199047744274
1562	0.017729222774505615
1563	0.017266161739826202
1564	0.009960710071027279
1565	0.011098756454885006
1566	0.012065032497048378
1567	0.009065214544534683
1568	0.01311960257589817
1569	0.012503358535468578
1570	0.013426634483039379
1571	0.011591457761824131
1572	0.016970863565802574
1573	0.012994378805160522
1574	0.014972984790802002
1575	0.011757365427911282
1576	0.013617833144962788
1577	0.0117103923112154
1578	0.011294635012745857
1579	0.010882705450057983
1580	0.015286234207451344
1581	0.014866895042359829
1582	0.01227018516510725
1583	0.015483245253562927
1584	0.022856680676341057
1585	0.01738153211772442
1586	0.015360315330326557
1587	0.012330509722232819
1588	0.00985583197325468
1589	0.010009891353547573
1590	0.009393870830535889
1591	0.010776598937809467
1592	0.010728108696639538
1593	0.009047216735780239
1594	0.01159717608243227
1595	0.012989582493901253
1596	0.011563079431653023
1597	0.009396263398230076
1598	0.0103131840005517
1599	0.01201271265745163
1600	0.012750672176480293
1601	0.012419173493981361
1602	0.014143228530883789
1603	0.008974666707217693
1604	0.011481634341180325
1605	0.009967051446437836
1606	0.012414739467203617
1607	0.012550956569612026
1608	0.010347377508878708
1609	0.01425243355333805
1610	0.01090037077665329
1611	0.010829507373273373
1612	0.013327881693840027
1613	0.012776819057762623
1614	0.011853513307869434
1615	0.010401097126305103
1616	0.011540776118636131
1617	0.010579206049442291
1618	0.011127335950732231
1619	0.013194161467254162
1620	0.009472205303609371
1621	0.01110099907964468
1622	0.010874924249947071
1623	0.008894934318959713
1624	0.011000044643878937
1625	0.010517731308937073
1626	0.01077027153223753
1627	0.010032025165855885
1628	0.00959591381251812
1629	0.007717335131019354
1630	0.01103330310434103
1631	0.010405580513179302
1632	0.012357736006379128
1633	0.0077693164348602295
1634	0.006936590652912855
1635	0.008823668584227562
1636	0.006624309811741114
1637	0.006975929718464613
1638	0.011488044634461403
1639	0.012094410136342049
1640	0.00901816226541996
1641	0.007477189879864454
1642	0.010739701800048351
1643	0.00858964491635561
1644	0.01048556249588728
1645	0.011365302838385105
1646	0.01598435454070568
1647	0.01506735384464264
1648	0.01100004930049181
1649	0.00968434102833271
1650	0.014385011978447437
1651	0.01187075674533844
1652	0.010470460169017315
1653	0.014285084791481495
1654	0.004468525294214487
1655	0.005787082482129335
1656	0.007308156229555607
1657	0.006941336672753096
1658	0.009183927439153194
1659	0.015435558743774891
1660	0.015918752178549767
1661	0.015157723799347878
1662	0.01055483240634203
1663	0.009062941186130047
1664	0.0072899023070931435
1665	0.0102815767750144
1666	0.007621138822287321
1667	0.009586028754711151
1668	0.014612249098718166
1669	0.014807616360485554
1670	0.008033566176891327
1671	0.009997735731303692
1672	0.00859825499355793
1673	0.008001101203262806
1674	0.007706952281296253
1675	0.012532760389149189
1676	0.011327504180371761
1677	0.011248700320720673
1678	0.01437455415725708
1679	0.008365844376385212
1680	0.011349300853908062
1681	0.015118262730538845
1682	0.009260674007236958
1683	0.013967758975923061
1684	0.009759576059877872
1685	0.012015657499432564
1686	0.011457365937530994
1687	0.010501927696168423
1688	0.010296572931110859
1689	0.009775924496352673
1690	0.008483230136334896
1691	0.007900993339717388
1692	0.00913897342979908
1693	0.008879335597157478
1694	0.009299365803599358
1695	0.008631810545921326
1696	0.011281147599220276
1697	0.009556181728839874
1698	0.007703185081481934
1699	0.0063214837573468685
1700	0.006361729931086302
1701	0.01101304404437542
1702	0.01175001636147499
1703	0.012703961692750454
1704	0.012894663028419018
1705	0.01534340251237154
1706	0.011007263325154781
1707	0.010900183580815792
1708	0.016122132539749146
1709	0.009408977814018726
1710	0.0076639167964458466
1711	0.0062819733284413815
1712	0.00574584910646081
1713	0.007625141646713018
1714	0.008022925816476345
1715	0.007595557253807783
1716	0.009381256066262722
1717	0.011680691502988338
1718	0.011348099447786808
1719	0.014155824668705463
1720	0.011947385966777802
1721	0.008824599906802177
1722	0.011178693734109402
1723	0.009430271573364735
1724	0.009398982860147953
1725	0.008357304148375988
1726	0.010923790745437145
1727	0.012643289752304554
1728	0.011866694316267967
1729	0.013035856187343597
1730	0.011379601433873177
1731	0.009366663172841072
1732	0.011978290043771267
1733	0.012000455521047115
1734	0.012452410534024239
1735	0.01148622203618288
1736	0.012377751059830189
1737	0.010304843075573444
1738	0.012473701499402523
1739	0.010777480900287628
1740	0.010590662248432636
1741	0.009097992442548275
1742	0.010255575180053711
1743	0.01083500124514103
1744	0.012989716604351997
1745	0.010536501184105873
1746	0.011189495213329792
1747	0.01857624016702175
1748	0.017126258462667465
1749	0.011650852859020233
1750	0.014658673666417599
1751	0.015765897929668427
1752	0.015454958193004131
1753	0.01723277010023594
1754	0.014934550039470196
1755	0.015592453069984913
1756	0.01775294356048107
1757	0.015659328550100327
1758	0.01643112301826477
1759	0.013426347635686398
1760	0.020869778469204903
1761	0.01749134436249733
1762	0.019610518589615822
1763	0.020967742428183556
1764	0.022927969694137573
1765	0.020362813025712967
1766	0.026539219543337822
1767	0.018376139923930168
1768	0.02798369526863098
1769	0.02038271725177765
1770	0.024445880204439163
1771	0.019018953666090965
1772	0.0187740009278059
1773	0.018006721511483192
1774	0.011044095270335674
1775	0.009019545279443264
1776	0.014792824164032936
1777	0.011279132217168808
1778	0.015174257569015026
1779	0.0104858772829175
1780	0.01067389827221632
1781	0.00898932944983244
1782	0.011423512361943722
1783	0.008317367173731327
1784	0.00769232539460063
1785	0.007433411665260792
1786	0.007839394733309746
1787	0.008745280094444752
1788	0.0065017626620829105
1789	0.006169734988361597
1790	0.007910291664302349
1791	0.007097914349287748
1792	0.007791526615619659
1793	0.006025807000696659
1794	0.0066268667578697205
1795	0.006472486536949873
1796	0.007943018339574337
1797	0.00574446190148592
1798	0.006028190720826387
1799	0.006302200257778168
1800	0.00683996407315135
1801	0.005554966162890196
1802	0.0065624103881418705
1803	0.007735432591289282
1804	0.006716940551996231
1805	0.006583035923540592
1806	0.007590435445308685
1807	0.006015330087393522
1808	0.006513476371765137
1809	0.006563173141330481
1810	0.005780080799013376
1811	0.005680335685610771
1812	0.005032815970480442
1813	0.0062431530095636845
1814	0.007603991776704788
1815	0.008073555305600166
1816	0.007761032786220312
1817	0.007559518795460463
1818	0.006115354131907225
1819	0.00820687785744667
1820	0.007944535464048386
1821	0.008407159708440304
1822	0.008710519410669804
1823	0.006308470852673054
1824	0.006247465033084154
1825	0.00633455952629447
1826	0.005620220210403204
1827	0.005683537572622299
1828	0.004707954358309507
1829	0.006311100907623768
1830	0.004992336966097355
1831	0.005400512367486954
1832	0.004982717800885439
1833	0.005261855665594339
1834	0.005007516127079725
1835	0.0073333727195858955
1836	0.006359012331813574
1837	0.00558118661865592
1838	0.005628646817058325
1839	0.005443326663225889
1840	0.004457038827240467
1841	0.003442388726398349
1842	0.004259511828422546
1843	0.003965109586715698
1844	0.004164092242717743
1845	0.004263860639184713
1846	0.004627106245607138
1847	0.0049809603951871395
1848	0.005179175641387701
1849	0.005040680058300495
1850	0.006317151244729757
1851	0.0049879164434969425
1852	0.005226563196629286
1853	0.004570248071104288
1854	0.00474481750279665
1855	0.004545354284346104
1856	0.004027544986456633
1857	0.00366019643843174
1858	0.004051776137202978
1859	0.0035972800105810165
1860	0.004089775029569864
1861	0.0034839529544115067
1862	0.004995706956833601
1863	0.005549728404730558
1864	0.0063227140344679356
1865	0.005308093037456274
1866	0.005265259649604559
1867	0.0055269463919103146
1868	0.004315975122153759
1869	0.004057144280523062
1870	0.00473207188770175
1871	0.004722037352621555
1872	0.00489705940708518
1873	0.004069795366376638
1874	0.004560702480375767
1875	0.004151420202106237
1876	0.00399313447996974
1877	0.0044283694587647915
1878	0.004393729381263256
1879	0.004365109838545322
1880	0.004430260043591261
1881	0.004826590418815613
1882	0.005020995624363422
1883	0.0057206726633012295
1884	0.005037921946495771
1885	0.005528089590370655
1886	0.005395554006099701
1887	0.004450664855539799
1888	0.004534212872385979
1889	0.004740146454423666
1890	0.004835369996726513
1891	0.004918649327009916
1892	0.005484249442815781
1893	0.00668522110208869
1894	0.005677335895597935
1895	0.006613049656152725
1896	0.006549187935888767
1897	0.005905057769268751
1898	0.006248198915272951
1899	0.006246438715606928
1900	0.0070155831053853035
1901	0.007005009334534407
1902	0.009593394584953785
1903	0.008920404128730297
1904	0.009919361211359501
1905	0.008972619660198689
1906	0.012185516767203808
1907	0.013317710720002651
1908	0.012170657515525818
1909	0.011641661636531353
1910	0.011853035539388657
1911	0.01207056362181902
1912	0.011319436132907867
1913	0.009487936273217201
1914	0.010718931443989277
1915	0.011721732094883919
1916	0.010007292032241821
1917	0.009384679608047009
1918	0.010594910010695457
1919	0.008475608192384243
1920	0.011270255781710148
1921	0.010803691111505032
1922	0.00880752969533205
1923	0.009918729774653912
1924	0.008692885749042034
1925	0.009944760240614414
1926	0.010530508123338223
1927	0.010891248472034931
1928	0.010504334233701229
1929	0.010599898174405098
1930	0.013409535400569439
1931	0.015474751591682434
1932	0.012347213923931122
1933	0.011200273409485817
1934	0.010492151603102684
1935	0.01208486407995224
1936	0.010401882231235504
1937	0.010603797622025013
1938	0.008548537269234657
1939	0.010340072214603424
1940	0.0113449115306139
1941	0.008816114626824856
1942	0.011318541131913662
1943	0.01307369489222765
1944	0.03383197262883186
1945	0.015054848976433277
1946	0.016711045056581497
1947	0.011612988077104092
1948	0.010949881747364998
1949	0.012665960006415844
1950	0.009788102470338345
1951	0.012967112474143505
1952	0.014152097515761852
1953	0.01790836825966835
1954	0.012598695233464241
1955	0.010745123028755188
1956	0.010135148651897907
1957	0.008081323467195034
1958	0.009282387793064117
1959	0.011320252902805805
1960	0.012196722440421581
1961	0.010986260138452053
1962	0.01202867180109024
1963	0.014077040366828442
1964	0.015160560607910156
1965	0.01672356016933918
1966	0.012994641438126564
1967	0.015334713272750378
1968	0.011470991186797619
1969	0.014724737964570522
1970	0.012421696446835995
1971	0.01514978427439928
1972	0.014339548535645008
1973	0.00933119934052229
1974	0.007522188127040863
1975	0.008513519540429115
1976	0.010354850441217422
1977	0.008392348885536194
1978	0.007909366860985756
1979	0.007284653838723898
1980	0.009331298992037773
1981	0.008802426047623158
1982	0.009137182496488094
1983	0.010578344576060772
1984	0.009080345742404461
1985	0.0075276801362633705
1986	0.007661415729671717
1987	0.008442782796919346
1988	0.008297599852085114
1989	0.007336134556680918
1990	0.010277019813656807
1991	0.008191042579710484
1992	0.01102218683809042
1993	0.010569720529019833
1994	0.009161494672298431
1995	0.009080657735466957
1996	0.00531841441988945
1997	0.008471930399537086
1998	0.008741705678403378
1999	0.014018631540238857
2000	0.027064979076385498
2001	0.02140294946730137
2002	0.017719322815537453
2003	0.01105630025267601
2004	0.008101394400000572
2005	0.01152174361050129
2006	0.01270859595388174
2007	0.008370831608772278
2008	0.006246875040233135
2009	0.008685106411576271
2010	0.010357595048844814
2011	0.01142537035048008
2012	0.01397231500595808
2013	0.009143026545643806
2014	0.00908605009317398
2015	0.011867029592394829
2016	0.012091371230781078
2017	0.01555799413472414
2018	0.01825820468366146
2019	0.014275935478508472
2020	0.010531090199947357
2021	0.012307348661124706
2022	0.013910952024161816
2023	0.009928775019943714
2024	0.009111995808780193
2025	0.007391553372144699
2026	0.011756876483559608
2027	0.013688242994248867
2028	0.018497688695788383
2029	0.018483461812138557
2030	0.02008824609220028
2031	0.018330959603190422
2032	0.01790802739560604
2033	0.014671062119305134
2034	0.01367044635117054
2035	0.01578124240040779
2036	0.015597938559949398
2037	0.014735773205757141
2038	0.015196934342384338
2039	0.016327638179063797
2040	0.022151052951812744
2041	0.017372215166687965
2042	0.019900187849998474
2043	0.01939782314002514
2044	0.022302601486444473
2045	0.01996120810508728
2046	0.02129736915230751
2047	0.018122399225831032
2048	0.01853298582136631
2049	0.0134188923984766
2050	0.016630277037620544
2051	0.01778411865234375
2052	0.030781079083681107
2053	0.021012669429183006
2054	0.015246435068547726
2055	0.01892709545791149
2056	0.017986135557293892
2057	0.019523099064826965
2058	0.01618165336549282
2059	0.020116860046982765
2060	0.014474633149802685
2061	0.01616898737847805
2062	0.018909603357315063
2063	0.01177371945232153
2064	0.009812847711145878
2065	0.010864527896046638
2066	0.011822308413684368
2067	0.015841111540794373
2068	0.015445739030838013
2069	0.014831957407295704
2070	0.016633667051792145
2071	0.016053207218647003
2072	0.01500864326953888
2073	0.016032064333558083
2074	0.013109874911606312
2075	0.01296467799693346
2076	0.01711111143231392
2077	0.013290861621499062
2078	0.013467139564454556
2079	0.012821832671761513
2080	0.017779553309082985
2081	0.010519523173570633
2082	0.019377849996089935
2083	0.014311599545180798
2084	0.0169406458735466
2085	0.016026152297854424
2086	0.011686692014336586
2087	0.012247483246028423
2088	0.011867383494973183
2089	0.016391029581427574
2090	0.011125000193715096
2091	0.016122302040457726
2092	0.008823041804134846
2093	0.010834889486432076
2094	0.007891478948295116
2095	0.006463509984314442
2096	0.005514454562216997
2097	0.009681272320449352
2098	0.008224132470786572
2099	0.01275675743818283
2100	0.012852015905082226
2101	0.013117866590619087
2102	0.005873610265552998
2103	0.009286611340939999
2104	0.008568456396460533
2105	0.008864615112543106
2106	0.00830987561494112
2107	0.012244310230016708
2108	0.014839393086731434
2109	0.010150245390832424
2110	0.009003182873129845
2111	0.00910410936921835
2112	0.012407195754349232
2113	0.009496324695646763
2114	0.008844146504998207
2115	0.009164835326373577
2116	0.009074908681213856
2117	0.009600725956261158
2118	0.009802393615245819
2119	0.011879860423505306
2120	0.012702206149697304
2121	0.010135551914572716
2122	0.01249839086085558
2123	0.008859452791512012
2124	0.009140148758888245
2125	0.011973700486123562
2126	0.011076373979449272
2127	0.0064797974191606045
2128	0.006451485212892294
2129	0.00663162162527442
2130	0.007142593152821064
2131	0.00793092604726553
2132	0.00808030180633068
2133	0.00833726953715086
2134	0.006464462261646986
2135	0.006399843376129866
2136	0.007771892007440329
2137	0.006482449360191822
2138	0.007008588407188654
2139	0.006869688630104065
2140	0.007550337817519903
2141	0.009079637937247753
2142	0.008059508167207241
2143	0.005635123234242201
2144	0.005011375527828932
2145	0.0043660979717969894
2146	0.003682787762954831
2147	0.00417563458904624
2148	0.004806604236364365
2149	0.0039642550982534885
2150	0.004065574612468481
2151	0.004714622627943754
2152	0.004781811032444239
2153	0.0044274949468672276
2154	0.004305320326238871
2155	0.004328000824898481
2156	0.004555071238428354
2157	0.004171451088041067
2158	0.0038509592413902283
2159	0.004303800407797098
2160	0.0041206832975149155
2161	0.00445964140817523
2162	0.004214820917695761
2163	0.003509050700813532
2164	0.005007673986256123
2165	0.0041837189346551895
2166	0.004643695894628763
2167	0.004075342323631048
2168	0.0033277818001806736
2169	0.003496711840853095
2170	0.0030118722934275866
2171	0.003603066550567746
2172	0.003951298538595438
2173	0.0037808013148605824
2174	0.004649713169783354
2175	0.004481609910726547
2176	0.004886444192379713
2177	0.006112240254878998
2178	0.005194879602640867
2179	0.005885594058781862
2180	0.006392960902303457
2181	0.0058905864134430885
2182	0.006720119621604681
2183	0.0056054964661598206
2184	0.006563176400959492
2185	0.006694835610687733
2186	0.006569248624145985
2187	0.00704613933339715
2188	0.007311827037483454
2189	0.008760121650993824
2190	0.00941094197332859
2191	0.006340717431157827
2192	0.008162235841155052
2193	0.006172001361846924
2194	0.0070061273872852325
2195	0.007107657380402088
2196	0.010456095449626446
2197	0.009265231899917126
2198	0.00911956187337637
2199	0.008458536118268967
2200	0.011689255945384502
2201	0.009699488990008831
2202	0.009273628704249859
2203	0.009720126166939735
2204	0.01486015971750021
2205	0.012161250226199627
2206	0.012722501531243324
2207	0.01643204316496849
2208	0.021190067753195763
2209	0.016323497518897057
2210	0.01794612966477871
2211	0.021359479054808617
2212	0.01492044236510992
2213	0.012399210594594479
2214	0.018761947751045227
2215	0.01755042001605034
2216	0.017148399725556374
2217	0.01267776545137167
2218	0.01378673780709505
2219	0.015323539264500141
2220	0.027748895809054375
2221	0.04011201858520508
2222	0.07214663922786713
2223	0.04851860925555229
2224	0.08344453573226929
2225	0.10073604434728622
2226	0.21678893268108368
2227	0.29238757491111755
2228	0.41509947180747986
2229	0.49842721223831177
2230	0.2622428238391876
2231	0.4125129282474518
2232	0.3533423840999603
2233	0.443610817193985
2234	0.35162392258644104
2235	0.3242725133895874
2236	0.2936462461948395
2237	0.2642047107219696
2238	0.20643329620361328
2239	0.18356163799762726
2240	0.28161534667015076
2241	0.5473520159721375
2242	0.36561426520347595
2243	0.23464754223823547
2244	0.27997419238090515
2245	0.19207759201526642
2246	0.03356235846877098
2247	0.0235549695789814
2248	0.02690090611577034
2249	0.025331098586320877
2250	0.009033488109707832
2251	0.01782401092350483
2252	0.02597820572555065
2253	0.10553564131259918
2254	0.17215676605701447
2255	0.3641376495361328
2256	0.29289406538009644
2257	0.3846679925918579
2258	0.3640955090522766
2259	0.24151746928691864
2260	0.31182894110679626
2261	0.34174036979675293
2262	0.22395431995391846
2263	0.27831602096557617
2264	0.29557353258132935
2265	0.43429335951805115
2266	0.2813032567501068
2267	0.14496318995952606
2268	0.18804524838924408
2269	0.10859296470880508
2270	0.33002063632011414
2271	0.20412054657936096
2272	0.3936918377876282
2273	0.49510595202445984
2274	0.29866892099380493
2275	0.22531700134277344
2276	0.20771078765392303
2277	0.18623650074005127
2278	0.30744215846061707
2279	0.15766410529613495
2280	0.3764375150203705
2281	0.24876490235328674
2282	0.1356094926595688
2283	0.16153286397457123
2284	0.036970239132642746
2285	0.009151456877589226
2286	0.00756902014836669
2287	0.00951706524938345
2288	0.009534254670143127
2289	0.009747680276632309
2290	0.008414770476520061
2291	0.009321796707808971
2292	0.008863170631229877
2293	0.011913446709513664
2294	0.011259138584136963
2295	0.005872910376638174
2296	0.007715074811130762
2297	0.010971431620419025
2298	0.01648443005979061
2299	0.011858673766255379
2300	0.009832251816987991
2301	0.008036254905164242
2302	0.007092378567904234
2303	0.009696307592093945
2304	0.02051076851785183
2305	0.029461676254868507
2306	0.023463239893317223
2307	0.020125700160861015
2308	0.011253825388848782
2309	0.011077342554926872
2310	0.015400183387100697
2311	0.009150587022304535
2312	0.009071270935237408
2313	0.006802354007959366
2314	0.007696560118347406
2315	0.01088632270693779
2316	0.013583781197667122
2317	0.010567143559455872
2318	0.01512595172971487
2319	0.01276107132434845
2320	0.013926508836448193
2321	0.01581679843366146
2322	0.010743888095021248
2323	0.0055234539322555065
2324	0.010476264171302319
2325	0.010032198391854763
2326	0.010101163759827614
2327	0.0076070502400398254
2328	0.019391022622585297
2329	0.01806187815964222
2330	0.019087014719843864
2331	0.021382886916399002
2332	0.007821003906428814
2333	0.008250375278294086
2334	0.025138527154922485
2335	0.02158239856362343
2336	0.017225822433829308
2337	0.015958433970808983
2338	0.01705111935734749
2339	0.024671977385878563
2340	0.01906299963593483
2341	0.02047017775475979
2342	0.01785142906010151
2343	0.014723374508321285
2344	0.014539524912834167
2345	0.02615499496459961
2346	0.023089803755283356
2347	0.020892644301056862
2348	0.02024056576192379
2349	0.019123807549476624
2350	0.021396582946181297
2351	0.01638258621096611
2352	0.01831910014152527
2353	0.02367115393280983
2354	0.019981160759925842
2355	0.020435471087694168
2356	0.01872301660478115
2357	0.015370643697679043
2358	0.018078170716762543
2359	0.021567760035395622
2360	0.021472536027431488
2361	0.02388240210711956
2362	0.02432834915816784
2363	0.019535502418875694
2364	0.02690156176686287
2365	0.027796102687716484
2366	0.02593638002872467
2367	0.021261710673570633
2368	0.018901873379945755
2369	0.013550150208175182
2370	0.014164494350552559
2371	0.013436329551041126
2372	0.016016671434044838
2373	0.011751525104045868
2374	0.022933604195713997
2375	0.023081574589014053
2376	0.013751727528870106
2377	0.015566444955766201
2378	0.014651182107627392
2379	0.01901192218065262
2380	0.021099809557199478
2381	0.015912922099232674
2382	0.01465088315308094
2383	0.02039319835603237
2384	0.014294075779616833
2385	0.012301924638450146
2386	0.012081884779036045
2387	0.00916143786162138
2388	0.0110845435410738
2389	0.013728298246860504
2390	0.01431188266724348
2391	0.014370070770382881
2392	0.010742268525063992
2393	0.012690267525613308
2394	0.013485309667885303
2395	0.01335050631314516
2396	0.014956123195588589
2397	0.01630246639251709
2398	0.01334504783153534
2399	0.014989194460213184
2400	0.013286411762237549
2401	0.01431251224130392
2402	0.010670727118849754
2403	0.009488142095506191
2404	0.009615781717002392
2405	0.00922164972871542
2406	0.005988053511828184
2407	0.0070697045885026455
2408	0.008641785942018032
2409	0.008808131329715252
2410	0.008343398571014404
2411	0.007720244117081165
2412	0.008516514673829079
2413	0.0069057228974998
2414	0.007524436805397272
2415	0.006792424712330103
2416	0.006410250905901194
2417	0.005747809540480375
2418	0.006138808559626341
2419	0.007333359215408564
2420	0.006972520146518946
2421	0.007611473090946674
2422	0.008673998527228832
2423	0.005947742145508528
2424	0.00904587097465992
2425	0.009078382514417171
2426	0.009836043231189251
2427	0.008824022486805916
2428	0.00706694507971406
2429	0.007410585880279541
2430	0.007526045199483633
2431	0.007518565747886896
2432	0.007966309785842896
2433	0.008031405508518219
2434	0.006432128604501486
2435	0.008380613289773464
2436	0.009067925624549389
2437	0.007121566217392683
2438	0.0079616354778409
2439	0.008936283178627491
2440	0.006564862560480833
2441	0.006457068957388401
2442	0.006573970895260572
2443	0.007155851926654577
2444	0.006367430090904236
2445	0.004246871918439865
2446	0.004128160886466503
2447	0.003994976636022329
2448	0.007948092184960842
2449	0.009776745922863483
2450	0.010843450203537941
2451	0.011400970630347729
2452	0.009368284605443478
2453	0.007615955080837011
2454	0.00792511273175478
2455	0.009503211826086044
2456	0.010657669976353645
2457	0.008632631972432137
2458	0.010558291338384151
2459	0.007826237939298153
2460	0.008666927926242352
2461	0.007651809137314558
2462	0.009180465713143349
2463	0.00693345395848155
2464	0.0068788081407547
2465	0.011093380860984325
2466	0.006234820932149887
2467	0.004961937200278044
2468	0.005400919355452061
2469	0.007057394366711378
2470	0.005578775890171528
2471	0.006273308303207159
2472	0.006631189491599798
2473	0.0064862980507314205
2474	0.007288340479135513
2475	0.005196466576308012
2476	0.005180710460990667
2477	0.00492717232555151
2478	0.006147951819002628
2479	0.0056792739778757095
2480	0.005669034086167812
2481	0.006348258350044489
2482	0.005482702981680632
2483	0.005131896585226059
2484	0.004874736070632935
2485	0.006214160472154617
2486	0.005916204769164324
2487	0.004640231374651194
2488	0.004764633718878031
2489	0.0045809620060026646
2490	0.004395596217364073
2491	0.004506894387304783
2492	0.004846499767154455
2493	0.004674875643104315
2494	0.0052498416043818
2495	0.004073751624673605
2496	0.004385286010801792
2497	0.004322858992964029
2498	0.004686787258833647
2499	0.0038731133099645376
2500	0.00433502858504653
2501	0.004206277430057526
2502	0.004609835334122181
2503	0.00419215252622962
2504	0.00445524463430047
2505	0.0033096675761044025
2506	0.004145356360822916
2507	0.0036401774268597364
2508	0.004075647797435522
2509	0.0039194137789309025
2510	0.0033176634460687637
2511	0.003521230537444353
2512	0.003736641723662615
2513	0.0032611906062811613
2514	0.003474984783679247
2515	0.0035449229180812836
2516	0.0037226472049951553
2517	0.003222732339054346
2518	0.0036355566699057817
2519	0.004169650375843048
2520	0.00441858870908618
2521	0.0045758262276649475
2522	0.004512998275458813
2523	0.0037449391093105078
2524	0.004210586193948984
2525	0.0038183131255209446
2526	0.004685112275183201
2527	0.005448249634355307
2528	0.005097419023513794
2529	0.0057085189037024975
2530	0.007146649062633514
2531	0.006065344903618097
2532	0.006053436081856489
2533	0.005235777702182531
2534	0.008338476531207561
2535	0.00677520502358675
2536	0.0064382776618003845
2537	0.0068511138670146465
2538	0.00792862381786108
2539	0.015699749812483788
2540	0.01281225960701704
2541	0.011799066327512264
2542	0.012603715062141418
2543	0.009508220478892326
2544	0.008593738079071045
2545	0.007790668401867151
2546	0.00814760010689497
2547	0.008049140684306622
2548	0.007494691293686628
2549	0.0078004407696425915
2550	0.008231419138610363
2551	0.0068138823844492435
2552	0.006786274258047342
2553	0.0069988495670259
2554	0.00754484673961997
2555	0.007213003467768431
2556	0.009152946062386036
2557	0.018378425389528275
2558	0.02013721875846386
2559	0.02267894521355629
2560	0.028236597776412964
2561	0.029420310631394386
2562	0.01837228052318096
2563	0.016609979793429375
2564	0.02352389693260193
2565	0.02300899289548397
2566	0.021900702267885208
2567	0.059210147708654404
2568	0.07212882488965988
2569	0.157799631357193
2570	0.1858738511800766
2571	0.16552859544754028
2572	0.05831202492117882
2573	0.04302101954817772
2574	0.03308997303247452
2575	0.059262651950120926
2576	0.08821006119251251
2577	0.04849682375788689
2578	0.060769688338041306
2579	0.11097338050603867
2580	0.09917626529932022
2581	0.03873271495103836
2582	0.07177922874689102
2583	0.08199486136436462
2584	0.04051526263356209
2585	0.0608445405960083
2586	0.12841244041919708
2587	0.18275296688079834
2588	0.21743622422218323
2589	0.19224385917186737
2590	0.260364294052124
2591	0.271194189786911
2592	0.3516256511211395
2593	0.5130130648612976
2594	0.38964056968688965
2595	0.27629876136779785
2596	0.22124353051185608
2597	0.25359493494033813
2598	0.1218012347817421
2599	0.10232164710760117
2600	0.027245035395026207
2601	0.010141697712242603
2602	0.008489134721457958
2603	0.09397564828395844
2604	0.07888653129339218
2605	0.10798496007919312
2606	0.3002471923828125
2607	0.354707807302475
2608	0.3747589588165283
2609	0.2385508120059967
2610	0.5665199160575867
2611	0.5728005766868591
2612	0.38766780495643616
2613	0.3026779294013977
2614	0.20660749077796936
2615	0.30059346556663513
2616	0.3914864659309387
2617	0.22230124473571777
2618	0.0153514314442873
2619	0.0074952514842152596
2620	0.008793174289166927
2621	0.0645260438323021
2622	0.020370567217469215
2623	0.012379789724946022
2624	0.011582656763494015
2625	0.008357713930308819
2626	0.007653028704226017
2627	0.012211764231324196
2628	0.018266109749674797
2629	0.007974113337695599
2630	0.02339460514485836
2631	0.25583896040916443
2632	0.4264250695705414
2633	0.35957178473472595
2634	0.35923367738723755
2635	0.245009183883667
2636	0.04350410774350166
2637	0.016673622652888298
2638	0.07601713389158249
2639	0.38313451409339905
2640	0.5723248720169067
2641	0.6428837776184082
2642	0.48620396852493286
2643	0.5120342969894409
2644	0.37261292338371277
2645	0.1537156105041504
2646	0.0222903024405241
2647	0.010677593760192394
2648	0.010803032666444778
2649	0.008162206038832664
2650	0.008423415012657642
2651	0.009908164851367474
2652	0.009140006266534328
2653	0.018231326714158058
2654	0.01132249180227518
2655	0.0088418610394001
2656	0.010733971372246742
2657	0.006547232158482075
2658	0.0061632185243070126
2659	0.011752862483263016
2660	0.01536454539746046
2661	0.023177718743681908
2662	0.044037945568561554
2663	0.023195018991827965
2664	0.0160705354064703
2665	0.020408963784575462
2666	0.021053651347756386
2667	0.01482402440160513
2668	0.01696139946579933
2669	0.021076003089547157
2670	0.022051993757486343
2671	0.015968983992934227
2672	0.013581949286162853
2673	0.01179234404116869
2674	0.017294835299253464
2675	0.011682279407978058
2676	0.021168449893593788
2677	0.017686259001493454
2678	0.020652014762163162
2679	0.020661136135458946
2680	0.016507769003510475
2681	0.01506949681788683
2682	0.014705496840178967
2683	0.015349808149039745
2684	0.01781369559466839
2685	0.018327102065086365
2686	0.02069946564733982
2687	0.018334928900003433
2688	0.02059798501431942
2689	0.022588564082980156
2690	0.020221000537276268
2691	0.018962135538458824
2692	0.02261100895702839
2693	0.02461513690650463
2694	0.015554646030068398
2695	0.016385996714234352
2696	0.017411742359399796
2697	0.01612650603055954
2698	0.016915995627641678
2699	0.0196668803691864
2700	0.018251832574605942
2701	0.023822803050279617
2702	0.02156892977654934
2703	0.016279691830277443
2704	0.016582170501351357
2705	0.019544145092368126
2706	0.016560479998588562
2707	0.017058171331882477
2708	0.01864221692085266
2709	0.010151293128728867
2710	0.011355596594512463
2711	0.015349767170846462
2712	0.01510178204625845
2713	0.013059061951935291
2714	0.013909599743783474
2715	0.014353349804878235
2716	0.012482690624892712
2717	0.012119493447244167
2718	0.017647583037614822
2719	0.015443841926753521
2720	0.016956860199570656
2721	0.01489973347634077
2722	0.009343797340989113
2723	0.009126094169914722
2724	0.013735583983361721
2725	0.018491819500923157
2726	0.018579214811325073
2727	0.011764529161155224
2728	0.012198389507830143
2729	0.013171871192753315
2730	0.013635641895234585
2731	0.014214269816875458
2732	0.013772954232990742
2733	0.015562555752694607
2734	0.014982259832322598
2735	0.011681409552693367
2736	0.015689752995967865
2737	0.013461652211844921
2738	0.009456166997551918
2739	0.009186997078359127
2740	0.01016138680279255
2741	0.010969641618430614
2742	0.013462974689900875
2743	0.013456306420266628
2744	0.017505010589957237
2745	0.01581464521586895
2746	0.017862102016806602
2747	0.02584744803607464
2748	0.02169031836092472
2749	0.020566806197166443
2750	0.019186144694685936
2751	0.01987755112349987
2752	0.029043683782219887
2753	0.02408844418823719
2754	0.020186355337500572
2755	0.020051870495080948
2756	0.02363014779984951
2757	0.019325057044625282
2758	0.02045021951198578
2759	0.020011551678180695
2760	0.02139139734208584
2761	0.019695771858096123
2762	0.012998304329812527
2763	0.021358463913202286
2764	0.01606840267777443
2765	0.010973657481372356
2766	0.010747537016868591
2767	0.015535249374806881
2768	0.011417943052947521
2769	0.010784776881337166
2770	0.008145889267325401
2771	0.00876503624022007
2772	0.007854065857827663
2773	0.011331099085509777
2774	0.008469469845294952
2775	0.007374157197773457
2776	0.00715598464012146
2777	0.009242542088031769
2778	0.009853638708591461
2779	0.007857791148126125
2780	0.011724473908543587
2781	0.007756892126053572
2782	0.007194490637630224
2783	0.009955654852092266
2784	0.01045263186097145
2785	0.009283468127250671
2786	0.010159173980355263
2787	0.011408842168748379
2788	0.012953157536685467
2789	0.011725137941539288
2790	0.0092621436342597
2791	0.00875901896506548
2792	0.008162976242601871
2793	0.00789162702858448
2794	0.007297666277736425
2795	0.008437170647084713
2796	0.009156638756394386
2797	0.007674041669815779
2798	0.01041847188025713
2799	0.009086580947041512
2800	0.008559571579098701
2801	0.01064792275428772
2802	0.009085290133953094
2803	0.009282182902097702
2804	0.007712559308856726
2805	0.009747481904923916
2806	0.00849930476397276
2807	0.0095056788995862
2808	0.008547373116016388
2809	0.006525806616991758
2810	0.004754917696118355
2811	0.005663399118930101
2812	0.006243621464818716
2813	0.005706408526748419
2814	0.0052171568386256695
2815	0.005404678639024496
2816	0.005434630438685417
2817	0.004180691670626402
2818	0.005502968095242977
2819	0.005190497729927301
2820	0.005606516730040312
2821	0.005523105151951313
2822	0.005830834154039621
2823	0.006382681429386139
2824	0.005834984127432108
2825	0.0054215057753026485
2826	0.005772728472948074
2827	0.0048910947516560555
2828	0.003981238696724176
2829	0.0039054290391504765
2830	0.004429148975759745
2831	0.003523043589666486
2832	0.004237362649291754
2833	0.003795621683821082
2834	0.0034537301398813725
2835	0.0031666781287640333
2836	0.0033871361520141363
2837	0.0035635270178318024
2838	0.004168997053056955
2839	0.004279694985598326
2840	0.004720880184322596
2841	0.00404494209215045
2842	0.0034779172856360674
2843	0.004158779513090849
2844	0.00450867647305131
2845	0.0035909151192754507
2846	0.004165350925177336
2847	0.0032524403650313616
2848	0.004440375603735447
2849	0.003627189202234149
2850	0.004278021398931742
2851	0.0035279379226267338
2852	0.004158204421401024
2853	0.0034360240679234266
2854	0.0033750056754797697
2855	0.003964238800108433
2856	0.0038546330761164427
2857	0.003676345571875572
2858	0.004003263544291258
2859	0.004393724258989096
2860	0.0040876478888094425
2861	0.0041858660988509655
2862	0.004312099423259497
2863	0.005536008160561323
2864	0.006003458518534899
2865	0.006164499558508396
2866	0.006141741760075092
2867	0.006410631816834211
2868	0.006331221666187048
2869	0.00830900203436613
2870	0.007748196367174387
2871	0.006436035968363285
2872	0.006927867885679007
2873	0.008541630581021309
2874	0.008514833636581898
2875	0.008028811775147915
2876	0.008105499669909477
2877	0.0069519998505711555
2878	0.009451753459870815
2879	0.009389358572661877
2880	0.00976860523223877
2881	0.009047267958521843
2882	0.010691054165363312
2883	0.011727538891136646
2884	0.010151930153369904
2885	0.009733415208756924
2886	0.013907426968216896
2887	0.0115279546007514
2888	0.013615426607429981
2889	0.014206960797309875
2890	0.021327322348952293
2891	0.019791526719927788
2892	0.01983516477048397
2893	0.030393345281481743
2894	0.018969012424349785
2895	0.047488536685705185
2896	0.02089252881705761
2897	0.017812151461839676
2898	0.025420695543289185
2899	0.02014118805527687
2900	0.022077757865190506
2901	0.035406745970249176
2902	0.025973057374358177
2903	0.0416492223739624
2904	0.03288903832435608
2905	0.032663747668266296
2906	0.044994745403528214
2907	0.032514046877622604
2908	0.031212085857987404
2909	0.027114147320389748
2910	0.02216317132115364
2911	0.01656186580657959
2912	0.01389400940388441
2913	0.02574850432574749
2914	0.023663392290472984
2915	0.024012042209506035
2916	0.025561505928635597
2917	0.06999602168798447
2918	0.08659904450178146
2919	0.11304128170013428
2920	0.061474721878767014
2921	0.033816225826740265
2922	0.015538046136498451
2923	0.017546577379107475
2924	0.015284189954400063
2925	0.012669357471168041
2926	0.015110540203750134
2927	0.017599960789084435
2928	0.013305517844855785
2929	0.014822400175035
2930	0.019767452031373978
2931	0.0114815728738904
2932	0.015162961557507515
2933	0.02082478068768978
2934	0.03292808681726456
2935	0.020029479637742043
2936	0.016775060445070267
2937	0.021406669169664383
2938	0.018154751509428024
2939	0.012995178811252117
2940	0.012460524216294289
2941	0.010580228641629219
2942	0.017797401174902916
2943	0.036123137921094894
2944	0.01662571169435978
2945	0.013222137466073036
2946	0.023424403741955757
2947	0.017304489389061928
2948	0.012485283426940441
2949	0.011387470178306103
2950	0.012038876302540302
2951	0.025449668988585472
2952	0.02252163365483284
2953	0.01858692616224289
2954	0.012196195311844349
2955	0.009229237213730812
2956	0.008101888932287693
2957	0.007520337589085102
2958	0.009584757499396801
2959	0.011910698376595974
2960	0.007052391301840544
2961	0.009591876529157162
2962	0.007272647228091955
2963	0.005977790802717209
2964	0.005723255220800638
2965	0.0066017284989356995
2966	0.01066997367888689
2967	0.014856943860650063
2968	0.017249954864382744
2969	0.017462799325585365
2970	0.017755484208464622
2971	0.014155196957290173
2972	0.009491831995546818
2973	0.009916662238538265
2974	0.015690460801124573
2975	0.016230840235948563
2976	0.01808723248541355
2977	0.01586945354938507
2978	0.01672934554517269
2979	0.02361442521214485
2980	0.02520108036696911
2981	0.020073307678103447
2982	0.03778616711497307
2983	0.03939454257488251
2984	0.03161396458745003
2985	0.03135911747813225
2986	0.022496238350868225
2987	0.02434510551393032
2988	0.02244892530143261
2989	0.014286080375313759
2990	0.014864365570247173
2991	0.01842854730784893
2992	0.015710962936282158
2993	0.013091844506561756
2994	0.014867168851196766
2995	0.01687980256974697
2996	0.011651147156953812
2997	0.01129115279763937
2998	0.010891060344874859
2999	0.012024796567857265
3000	0.013037885539233685
3001	0.014799919910728931
3002	0.01991873048245907
3003	0.013946597464382648
3004	0.016289694234728813
3005	0.013674278743565083
3006	0.01605713739991188
3007	0.021149396896362305
3008	0.01747988909482956
3009	0.020821550861001015
3010	0.017000852152705193
3011	0.019579371437430382
3012	0.01613716036081314
3013	0.019108427688479424
3014	0.02200731821358204
3015	0.021748552098870277
3016	0.0233924500644207
3017	0.02399568445980549
3018	0.02783999778330326
3019	0.018621578812599182
3020	0.02615269459784031
3021	0.025120681151747704
3022	0.017589610069990158
3023	0.017306992784142494
3024	0.023329105228185654
3025	0.04008660092949867
3026	0.03180863335728645
3027	0.025365173816680908
3028	0.029907677322626114
3029	0.02371935360133648
3030	0.02814808301627636
3031	0.024352626875042915
3032	0.03647803142666817
3033	0.029965398833155632
3034	0.020542223006486893
3035	0.021065950393676758
3036	0.03751903399825096
3037	0.022474870085716248
3038	0.02088533528149128
3039	0.019726775586605072
3040	0.025601042434573174
3041	0.02505744807422161
3042	0.018789246678352356
3043	0.017938293516635895
3044	0.023612117394804955
3045	0.019338468089699745
3046	0.021311666816473007
3047	0.019598131999373436
3048	0.01913968101143837
3049	0.014128947630524635
3050	0.015190898440778255
3051	0.01332536805421114
3052	0.014665315859019756
3053	0.013830638490617275
3054	0.012437073513865471
3055	0.011702798306941986
3056	0.013196447864174843
3057	0.015228229574859142
3058	0.014751258306205273
3059	0.01630076766014099
3060	0.015476870350539684
3061	0.015142804943025112
3062	0.025510510429739952
3063	0.02060096338391304
3064	0.020221946761012077
3065	0.020945442840456963
3066	0.021531494334340096
3067	0.017512617632746696
3068	0.02393408492207527
3069	0.026684248819947243
3070	0.021057138219475746
3071	0.012590132653713226
3072	0.02414265088737011
3073	0.010097582824528217
3074	0.012724407017230988
3075	0.012104073539376259
3076	0.01130206510424614
3077	0.01452779769897461
3078	0.008101001381874084
3079	0.009443837217986584
3080	0.00792983639985323
3081	0.00730586051940918
3082	0.007252355571836233
3083	0.010514362715184689
3084	0.008171266876161098
3085	0.008323757909238338
3086	0.011097862385213375
3087	0.010012532584369183
3088	0.007674104068428278
3089	0.010150989517569542
3090	0.00989282876253128
3091	0.00793712493032217
3092	0.010611332952976227
3093	0.008501733653247356
3094	0.008413760922849178
3095	0.005263179540634155
3096	0.005193796008825302
3097	0.0068519520573318005
3098	0.007027238607406616
3099	0.008498231880366802
3100	0.007245685905218124
3101	0.0077683995477855206
3102	0.009862596169114113
3103	0.012749234214425087
3104	0.009675278328359127
3105	0.011659610085189342
3106	0.008569485507905483
3107	0.007445271592587233
3108	0.009938656352460384
3109	0.007997944951057434
3110	0.008702920749783516
3111	0.0053063202649354935
3112	0.005237354896962643
3113	0.005518361926078796
3114	0.004779626149684191
3115	0.005584504455327988
3116	0.005541080143302679
3117	0.005615898873656988
3118	0.006130953319370747
3119	0.005115719046443701
3120	0.0053783985786139965
3121	0.005172070115804672
3122	0.005167786031961441
3123	0.004611313343048096
3124	0.004793980624526739
3125	0.0047929659485816956
3126	0.0047332728281617165
3127	0.0038775994908064604
3128	0.003699015825986862
3129	0.003784240921959281
3130	0.003488197922706604
3131	0.004579987842589617
3132	0.0034540873020887375
3133	0.004235770087689161
3134	0.0037395020481199026
3135	0.004164420068264008
3136	0.004572938662022352
3137	0.003745437366887927
3138	0.003906679339706898
3139	0.0036612022668123245
3140	0.0038602177519351244
3141	0.0036813856568187475
3142	0.0038999789394438267
3143	0.0039971149526536465
3144	0.004025185015052557
3145	0.004932438489049673
3146	0.004419330041855574
3147	0.004216339439153671
3148	0.004252931103110313
3149	0.0052835396490991116
3150	0.00516437878832221
3151	0.004555142484605312
3152	0.004968780558556318
3153	0.003903106553480029
3154	0.005107617471367121
3155	0.004948993679136038
3156	0.005199959967285395
3157	0.00604065228253603
3158	0.005869023036211729
3159	0.006827221252024174
3160	0.007292626891285181
3161	0.006969938520342112
3162	0.006872198078781366
3163	0.006222268100827932
3164	0.008773996494710445
3165	0.00644235173240304
3166	0.006859317421913147
3167	0.0069696432910859585
3168	0.008046976290643215
3169	0.008777177892625332
3170	0.009947496466338634
3171	0.010531243868172169
3172	0.011719577014446259
3173	0.01587345264852047
3174	0.017245536670088768
3175	0.01745193637907505
3176	0.019046539440751076
3177	0.023660674691200256
3178	0.018646348267793655
3179	0.018645867705345154
3180	0.019195957109332085
3181	0.01271327305585146
3182	0.01200093049556017
3183	0.013848038390278816
3184	0.017104027792811394
3185	0.015144321136176586
3186	0.014162360690534115
3187	0.015623080544173717
3188	0.01778498664498329
3189	0.019623657688498497
3190	0.01921681873500347
3191	0.022863704711198807
3192	0.01797742396593094
3193	0.024552050977945328
3194	0.03732528164982796
3195	0.028458690270781517
3196	0.021055273711681366
3197	0.018016664311289787
3198	0.01732753776013851
3199	0.016064496710896492
3200	0.024844063445925713
3201	0.031640611588954926
3202	0.014081321656703949
3203	0.038105811923742294
3204	0.016618406400084496
3205	0.0205471720546484
3206	0.01853109337389469
3207	0.04266098141670227
3208	0.06401827931404114
3209	0.023281758651137352
3210	0.03206990286707878
3211	0.03317403793334961
3212	0.05595165118575096
3213	0.2282206267118454
3214	0.28741541504859924
3215	0.20582114160060883
3216	0.17574617266654968
3217	0.1558702290058136
3218	0.12484140694141388
3219	0.037699587643146515
3220	0.07192100584506989
3221	0.20645752549171448
3222	0.10328824818134308
3223	0.07588350027799606
3224	0.38947567343711853
3225	0.17022927105426788
3226	0.1357962191104889
3227	0.14380508661270142
3228	0.08348449319601059
3229	0.02431163750588894
3230	0.034896016120910645
3231	0.0284578800201416
3232	0.02299800142645836
3233	0.030624454841017723
3234	0.03471463918685913
3235	0.02150294929742813
3236	0.01935972087085247
3237	0.021239876747131348
3238	0.024227987974882126
3239	0.018936116248369217
3240	0.028276538476347923
3241	0.025895142927765846
3242	0.018809853121638298
3243	0.012685246765613556
3244	0.01164509542286396
3245	0.012103471904993057
3246	0.012735745869576931
3247	0.013540565967559814
3248	0.011718052439391613
3249	0.012801527976989746
3250	0.012063468806445599
3251	0.012053203769028187
3252	0.008926663547754288
3253	0.01039531547576189
3254	0.012941046617925167
3255	0.013562092557549477
3256	0.013424105942249298
3257	0.014084125868976116
3258	0.011359977535903454
3259	0.012284928001463413
3260	0.010932178236544132
3261	0.012137743644416332
3262	0.012990908697247505
3263	0.010082445107400417
3264	0.011343254707753658
3265	0.010224945843219757
3266	0.009471659548580647
3267	0.012696752324700356
3268	0.011018067598342896
3269	0.009952587075531483
3270	0.008898243308067322
3271	0.006734726019203663
3272	0.006234424654394388
3273	0.006926084402948618
3274	0.007866856642067432
3275	0.017462506890296936
3276	0.01900274120271206
3277	0.015043559484183788
3278	0.012818160466849804
3279	0.017315993085503578
3280	0.013011658564209938
3281	0.013807253912091255
3282	0.01448588352650404
3283	0.014922705478966236
3284	0.014657092280685902
3285	0.011251372285187244
3286	0.01358765084296465
3287	0.016814811155200005
3288	0.01817712001502514
3289	0.02445467934012413
3290	0.025562841445207596
3291	0.023886067792773247
3292	0.024528006091713905
3293	0.025011157616972923
3294	0.016264349222183228
3295	0.017114249989390373
3296	0.021235138177871704
3297	0.021891329437494278
3298	0.017856556922197342
3299	0.016990656033158302
3300	0.017965247854590416
3301	0.017954254522919655
3302	0.02149762399494648
3303	0.014804047532379627
3304	0.01975260116159916
3305	0.016447821632027626
3306	0.01833965629339218
3307	0.01634054444730282
3308	0.022653454914689064
3309	0.01881846785545349
3310	0.021685391664505005
3311	0.019106997177004814
3312	0.021173113957047462
3313	0.015156909823417664
3314	0.014112519100308418
3315	0.014468050561845303
3316	0.014122800901532173
3317	0.011079995892941952
3318	0.01547667384147644
3319	0.014941883273422718
3320	0.015102371573448181
3321	0.014388294890522957
3322	0.018204079940915108
3323	0.01616741716861725
3324	0.0202430859208107
3325	0.02310914173722267
3326	0.030129438266158104
3327	0.026005834341049194
3328	0.027845460921525955
3329	0.03092699684202671
3330	0.03153600916266441
3331	0.02459738589823246
3332	0.022567760199308395
3333	0.02189304120838642
3334	0.023333637043833733
3335	0.023628536611795425
3336	0.026791006326675415
3337	0.021610943600535393
3338	0.026073157787322998
3339	0.025888819247484207
3340	0.02329239808022976
3341	0.02389228343963623
3342	0.02139282040297985
3343	0.022769788280129433
3344	0.02162189595401287
3345	0.02124859020113945
3346	0.021222328767180443
3347	0.018704453483223915
3348	0.012398360297083855
3349	0.01217994187027216
3350	0.009081264957785606
3351	0.00920929480344057
3352	0.007229085545986891
3353	0.007088045123964548
3354	0.006316564977169037
3355	0.008527552708983421
3356	0.010511388070881367
3357	0.007804926484823227
3358	0.009221273474395275
3359	0.007650323212146759
3360	0.009219023399055004
3361	0.009078684262931347
3362	0.007204185705631971
3363	0.007396479602903128
3364	0.0062552629970014095
3365	0.0071880267933011055
3366	0.005481671076267958
3367	0.00628949049860239
3368	0.006600819528102875
3369	0.00648238742724061
3370	0.009119569323956966
3371	0.00964741688221693
3372	0.009727109223604202
3373	0.010217568837106228
3374	0.010193686001002789
3375	0.010859131813049316
3376	0.011044965125620365
3377	0.009553447365760803
3378	0.010354365222156048
3379	0.010880785062909126
3380	0.010893085971474648
3381	0.010984549298882484
3382	0.009902986697852612
3383	0.008614053018391132
3384	0.009495401754975319
3385	0.010603762231767178
3386	0.010082053020596504
3387	0.009301058948040009
3388	0.014919851906597614
3389	0.01623987965285778
3390	0.02043292485177517
3391	0.01535781379789114
3392	0.017857523635029793
3393	0.012674915604293346
3394	0.015615502372384071
3395	0.01200798898935318
3396	0.009767605923116207
3397	0.010688461363315582
3398	0.01001728419214487
3399	0.013841765001416206
3400	0.014413473196327686
3401	0.009644185192883015
3402	0.007602573838084936
3403	0.008534482680261135
3404	0.0062827663496136665
3405	0.007486033719033003
3406	0.007583152037113905
3407	0.008716806769371033
3408	0.009251684881746769
3409	0.010034963488578796
3410	0.008302739821374416
3411	0.009670516476035118
3412	0.006719138007611036
3413	0.008528034202754498
3414	0.005603171419352293
3415	0.006927138660103083
3416	0.005658728536218405
3417	0.005481985863298178
3418	0.005659089423716068
3419	0.004929194692522287
3420	0.0059896428138017654
3421	0.006089700385928154
3422	0.005995610263198614
3423	0.005072502885013819
3424	0.004703089129179716
3425	0.004842754919081926
3426	0.0042917910031974316
3427	0.004204131662845612
3428	0.0035194437950849533
3429	0.003715126309543848
3430	0.004222808871418238
3431	0.003772445721551776
3432	0.003980628214776516
3433	0.004538858775049448
3434	0.004373864736407995
3435	0.004738764371722937
3436	0.004459246527403593
3437	0.0036794214975088835
3438	0.003763755550608039
3439	0.003693514736369252
3440	0.003833149326965213
3441	0.004022515378892422
3442	0.004143723752349615
3443	0.0037101618945598602
3444	0.0039792610332369804
3445	0.0040176925249397755
3446	0.0035608846228569746
3447	0.004239040892571211
3448	0.0033953271340578794
3449	0.003512383671477437
3450	0.003266830462962389
3451	0.003975250292569399
3452	0.0036175064742565155
3453	0.003279710654169321
3454	0.004014899022877216
3455	0.003991781268268824
3456	0.004224569071084261
3457	0.004819273483008146
3458	0.004211620427668095
3459	0.004060850478708744
3460	0.004391374532133341
3461	0.003848489373922348
3462	0.003569740802049637
3463	0.0038588461466133595
3464	0.0045821103267371655
3465	0.004836666863411665
3466	0.00482000969350338
3467	0.005670058075338602
3468	0.00563209829851985
3469	0.004604993853718042
3470	0.0037320945411920547
3471	0.004622606094926596
3472	0.0060839056968688965
3473	0.0077015431597828865
3474	0.010110464878380299
3475	0.0076819658279418945
3476	0.005853401962667704
3477	0.00779358996078372
3478	0.0097237853333354
3479	0.009249445050954819
3480	0.010289172641932964
3481	0.011070619337260723
3482	0.008871200494468212
3483	0.00889313779771328
3484	0.010050922632217407
3485	0.007128643337637186
3486	0.008759497664868832
3487	0.008177118375897408
3488	0.009561453945934772
3489	0.008492379449307919
3490	0.007865007035434246
3491	0.007466653827577829
3492	0.0071740164421498775
3493	0.007119584828615189
3494	0.007570954505354166
3495	0.007831660099327564
3496	0.010215465910732746
3497	0.009314489550888538
3498	0.010077232494950294
3499	0.012188296765089035
3500	0.010758462361991405
3501	0.014975707046687603
3502	0.015398404560983181
3503	0.017908118665218353
3504	0.017329704016447067
3505	0.020140323787927628
3506	0.021528182551264763
3507	0.020896410569548607
3508	0.052830424159765244
3509	0.03527156636118889
3510	0.021854160353541374
3511	0.020005544647574425
3512	0.03571241348981857
3513	0.057987358421087265
3514	0.043996162712574005
3515	0.021797072142362595
3516	0.03768092021346092
3517	0.01854504644870758
3518	0.024053119122982025
3519	0.03412199020385742
3520	0.012935797683894634
3521	0.015888316556811333
3522	0.0313551239669323
3523	0.0907372459769249
3524	0.10569863766431808
3525	0.2979724407196045
3526	0.29749199748039246
3527	0.12350182980298996
3528	0.04657507315278053
3529	0.021420111879706383
3530	0.02141890488564968
3531	0.019163591787219048
3532	0.013302477076649666
3533	0.029287278652191162
3534	0.056544553488492966
3535	0.049669042229652405
3536	0.2535284161567688
3537	0.3101061284542084
3538	0.37574005126953125
3539	0.42279019951820374
3540	0.09508680552244186
3541	0.21054063737392426
3542	0.1484707146883011
3543	0.04960549995303154
3544	0.06014704704284668
3545	0.018189823254942894
3546	0.016588876023888588
3547	0.01863064430654049
3548	0.015040802769362926
3549	0.013887392356991768
3550	0.011418841779232025
3551	0.011772231198847294
3552	0.01531714852899313
3553	0.012823461554944515
3554	0.01040659099817276
3555	0.012879331596195698
3556	0.02484218217432499
3557	0.046051960438489914
3558	0.16782373189926147
3559	0.12323476374149323
3560	0.04464065656065941
3561	0.03890911117196083
3562	0.05086759477853775
3563	0.026077119633555412
3564	0.01605268195271492
3565	0.01618857868015766
3566	0.02433687262237072
3567	0.03773275762796402
3568	0.022608324885368347
3569	0.056505680084228516
3570	0.16924379765987396
3571	0.33259835839271545
3572	0.4633212089538574
3573	0.5565621852874756
3574	0.6546134352684021
3575	0.6322943568229675
3576	0.8049195408821106
3577	0.7890638709068298
3578	0.7080802321434021
3579	0.6999439597129822
3580	0.6697768568992615
3581	0.7494974732398987
3582	0.8103243112564087
3583	0.7980872392654419
3584	0.7805232405662537
3585	0.7415731549263
3586	0.6292929649353027
3587	0.5860169529914856
3588	0.5633608102798462
3589	0.6093749403953552
3590	0.6640217900276184
3591	0.5732973217964172
3592	0.5846898555755615
3593	0.732796847820282
3594	0.8800970315933228
3595	0.8894252777099609
3596	0.8463476300239563
3597	0.9058937430381775
3598	0.8729352951049805
3599	0.8823217749595642
3600	0.894806981086731
3601	0.9162134528160095
3602	0.910099446773529
3603	0.8802366256713867
3604	0.9059673547744751
3605	0.9218253493309021
3606	0.8650188446044922
3607	0.8405752182006836
3608	0.8888691067695618
3609	0.8638212084770203
3610	0.8248307108879089
3611	0.8249347805976868
3612	0.8812701106071472
3613	0.808418869972229
3614	0.7950178980827332
3615	0.6488227248191833
3616	0.8205965161323547
3617	0.8538406491279602
3618	0.8716249465942383
3619	0.7871624827384949
3620	0.850253701210022
3621	0.8507194519042969
3622	0.8088981509208679
3623	0.894992470741272
3624	0.7636551260948181
3625	0.778798520565033
3626	0.7824645638465881
3627	0.8407225012779236
3628	0.8780452013015747
3629	0.8267920613288879
3630	0.8239771723747253
3631	0.8476778268814087
3632	0.8578805923461914
3633	0.6777111887931824
3634	0.5327023863792419
3635	0.2577073574066162
3636	0.10057635605335236
3637	0.060037996619939804
3638	0.09353210777044296
3639	0.053899623453617096
3640	0.017236433923244476
3641	0.01590067707002163
3642	0.012367737479507923
3643	0.01176241785287857
3644	0.010400624945759773
3645	0.011673268862068653
3646	0.01106430497020483
3647	0.0109384311363101
3648	0.011033354327082634
3649	0.012440226040780544
3650	0.011075745336711407
3651	0.01676136627793312
3652	0.013910713605582714
3653	0.01368662714958191
3654	0.013474821113049984
3655	0.01699008233845234
3656	0.017145834863185883
3657	0.029955506324768066
3658	0.02155236341059208
3659	0.011836268939077854
3660	0.011756961233913898
3661	0.012821966782212257
3662	0.011550742201507092
3663	0.011775190010666847
3664	0.010068751871585846
