frame	prob
0	0.005363670643419027
1	0.005621646996587515
2	0.0055137816816568375
3	0.005988934077322483
4	0.005986493080854416
5	0.004400096368044615
6	0.0050114854238927364
7	0.004973813891410828
8	0.004996125586330891
9	0.004893776029348373
10	0.004316264297813177
11	0.004775137174874544
12	0.004730993416160345
13	0.005321514792740345
14	0.0055552818812429905
15	0.0058412025682628155
16	0.00578514626249671
17	0.00535940658301115
18	0.006039053667336702
19	0.00590948760509491
20	0.0072505236603319645
21	0.007556713651865721
22	0.009091277606785297
23	0.008566993288695812
24	0.011397450231015682
25	0.007992143742740154
26	0.012955945916473866
27	0.012642661109566689
28	0.016901317983865738
29	0.012064469046890736
30	0.018108172342181206
31	0.017359165474772453
32	0.017755310982465744
33	0.015731608495116234
34	0.010751397348940372
35	0.01092839241027832
36	0.01045032124966383
37	0.008821706287562847
38	0.008469583466649055
39	0.008037139661610126
40	0.009939143434166908
41	0.008543162606656551
42	0.008762200362980366
43	0.009074196219444275
44	0.009391975589096546
45	0.01105074305087328
46	0.011149982921779156
47	0.014563292264938354
48	0.01754566840827465
49	0.025751322507858276
50	0.04787377640604973
51	0.04651590809226036
52	0.0563281886279583
53	0.034860190004110336
54	0.03921861574053764
55	0.027138639241456985
56	0.03856712207198143
57	0.031905144453048706
58	0.034384697675704956
59	0.03927544876933098
60	0.026625430211424828
61	0.03315625712275505
62	0.03878685459494591
63	0.042443107813596725
64	0.03997621312737465
65	0.046271491795778275
66	0.039819493889808655
67	0.055924393236637115
68	0.05435271933674812
69	0.034467726945877075
70	0.04854220896959305
71	0.039157260209321976
72	0.0337604396045208
73	0.020931541919708252
74	0.043409090489149094
75	0.037516240030527115
76	0.03923546150326729
77	0.026774471625685692
78	0.04038625583052635
79	0.045462239533662796
80	0.042034342885017395
81	0.04280969500541687
82	0.06329168379306793
83	0.0315466932952404
84	0.05038287863135338
85	0.03926082327961922
86	0.037311721593141556
87	0.037807054817676544
88	0.022352945059537888
89	0.029946571215987206
90	0.014728917740285397
91	0.014245228841900826
92	0.015972455963492393
93	0.014335605315864086
94	0.011708817444741726
95	0.01563958451151848
96	0.01870535872876644
97	0.03751933574676514
98	0.030447883531451225
99	0.026288950815796852
100	0.032719116657972336
101	0.023351578041911125
102	0.031176704913377762
103	0.03031708113849163
104	0.04842832684516907
105	0.022748416289687157
106	0.0234500952064991
107	0.026256412267684937
108	0.024831026792526245
109	0.00926749687641859
110	0.00818263366818428
111	0.009090137667953968
112	0.008193863555788994
113	0.010174944065511227
114	0.009636437520384789
115	0.01071457751095295
116	0.008506445214152336
117	0.00902565848082304
118	0.010203848592936993
119	0.01082497090101242
120	0.013375765644013882
121	0.01230988185852766
122	0.01954624429345131
123	0.019765524193644524
124	0.017987418919801712
125	0.025815904140472412
126	0.02347816899418831
127	0.06117255613207817
128	0.05293792486190796
129	0.08702921122312546
130	0.051184963434934616
131	0.034003157168626785
132	0.02318638004362583
133	0.011783997528254986
134	0.012416340410709381
135	0.011514312587678432
136	0.009690952487289906
137	0.0077384174801409245
138	0.010058874264359474
139	0.008511573076248169
140	0.007343077566474676
141	0.007870563305914402
142	0.007013972382992506
143	0.006308414041996002
144	0.006989734712988138
145	0.0058991312980651855
146	0.00607028603553772
147	0.010376508347690105
148	0.007886369712650776
149	0.008888959884643555
150	0.007315735798329115
151	0.006571980658918619
152	0.006795533001422882
153	0.005806472152471542
154	0.0072508021257817745
155	0.006581778172403574
156	0.005340049508959055
157	0.007838034071028233
158	0.00727705005556345
159	0.007577899377793074
160	0.00786170270293951
161	0.00705413892865181
162	0.007156954146921635
163	0.0073087625205516815
164	0.0061810933984816074
165	0.006710834801197052
166	0.006006666924804449
167	0.005864047911018133
168	0.005756438709795475
169	0.005802878178656101
170	0.006017822772264481
171	0.006115816067904234
172	0.007164579816162586
173	0.006871422287076712
174	0.007035558577626944
175	0.006224857643246651
176	0.00636536767706275
177	0.006495118141174316
178	0.005882232915610075
179	0.006184792146086693
180	0.005959515459835529
181	0.00558708980679512
182	0.006849610712379217
183	0.006019950844347477
184	0.006266663316637278
185	0.005945575889199972
186	0.0053803944028913975
187	0.0064314501360058784
188	0.005492159631103277
189	0.005318618845194578
190	0.004323167726397514
191	0.005689870100468397
192	0.005904607009142637
193	0.006442962680011988
194	0.006797182839363813
195	0.007462832611054182
196	0.008677144534885883
197	0.007600731682032347
198	0.006433464121073484
199	0.005930766463279724
200	0.005339077208191156
201	0.005437924060970545
202	0.004186529666185379
203	0.004757439251989126
204	0.004880515392869711
205	0.0049698627553880215
206	0.004099078010767698
207	0.004789538215845823
208	0.005259283818304539
209	0.005282191094011068
210	0.004467623773962259
211	0.0037916244473308325
212	0.0035821811761707067
213	0.004365540575236082
214	0.0042687044478952885
215	0.004012771882116795
216	0.004052075557410717
217	0.003995377570390701
218	0.004267045296728611
219	0.0037742580752819777
220	0.0038906007539480925
221	0.004164398647844791
222	0.004099228885024786
223	0.0036491136997938156
224	0.0036240816116333008
225	0.0037407593335956335
226	0.0032391853164881468
227	0.003968655131757259
228	0.004179736133664846
229	0.0043028234504163265
230	0.005242615472525358
231	0.004817076027393341
232	0.00504951411858201
233	0.0054954481311142445
234	0.004415029659867287
235	0.005549159366637468
236	0.0052832672372460365
237	0.004247085191309452
238	0.00438983179628849
239	0.004052159376442432
240	0.004709329456090927
241	0.004907041322439909
242	0.004887315910309553
243	0.00487104756757617
244	0.004915194120258093
245	0.0041601876728236675
246	0.004945194814354181
247	0.005119001027196646
248	0.004884934052824974
249	0.005579066928476095
250	0.005537283606827259
251	0.006100944709032774
252	0.00558894220739603
253	0.005620536860078573
254	0.005991904530674219
255	0.00671444833278656
256	0.007002000696957111
257	0.008440583944320679
258	0.008498388342559338
259	0.009198914282023907
260	0.007453986909240484
261	0.006856685038655996
262	0.009053181856870651
263	0.008666417561471462
264	0.007890814915299416
265	0.010088502429425716
266	0.010958880186080933
267	0.009493360295891762
268	0.011103257536888123
269	0.010362858884036541
270	0.010528192855417728
271	0.009016693569719791
272	0.01109313778579235
273	0.0125310393050313
274	0.018727725371718407
275	0.024422956630587578
276	0.02459917776286602
277	0.027208179235458374
278	0.029529882594943047
279	0.017819704487919807
280	0.021139753982424736
281	0.02345680445432663
282	0.02965494990348816
283	0.05203467607498169
284	0.026076743379235268
285	0.0294212494045496
286	0.036058660596609116
287	0.02318568527698517
288	0.019066421315073967
289	0.017408685758709908
290	0.017147645354270935
291	0.020694909617304802
292	0.028001461178064346
293	0.024826770648360252
294	0.023622972890734673
295	0.03114120475947857
296	0.03199591860175133
297	0.08996889740228653
298	0.08016699552536011
299	0.1842309534549713
300	0.24949851632118225
301	0.31979939341545105
302	0.29892098903656006
303	0.3396666347980499
304	0.20926037430763245
305	0.286419153213501
306	0.27963751554489136
307	0.2396658957004547
308	0.2200670689344406
309	0.3062111735343933
310	0.07554126530885696
311	0.15242774784564972
312	0.07058443129062653
313	0.167174831032753
314	0.10788273066282272
315	0.17562173306941986
316	0.1763792335987091
317	0.1428191214799881
318	0.2584446370601654
319	0.16706322133541107
320	0.31508541107177734
321	0.4131774604320526
322	0.21858163177967072
323	0.26464247703552246
324	0.13922183215618134
325	0.10116922110319138
326	0.3097737729549408
327	0.3035111129283905
328	0.3945942521095276
329	0.29644641280174255
330	0.27336111664772034
331	0.12898404896259308
332	0.21276573836803436
333	0.11950011551380157
334	0.16344080865383148
335	0.26603055000305176
336	0.22361910343170166
337	0.2814183831214905
338	0.1996777206659317
339	0.41291314363479614
340	0.26782456040382385
341	0.13987143337726593
342	0.22105038166046143
343	0.20498672127723694
344	0.1801615059375763
345	0.29386696219444275
346	0.20838777720928192
347	0.1853020042181015
348	0.29559433460235596
349	0.2471921741962433
350	0.27878764271736145
351	0.1311764419078827
352	0.22516019642353058
353	0.03077293001115322
354	0.01769811101257801
355	0.015356957912445068
356	0.017475171014666557
357	0.017828628420829773
358	0.023850977420806885
359	0.02482539415359497
360	0.03329842910170555
361	0.024473417550325394
362	0.038264013826847076
363	0.07717271149158478
364	0.07771282643079758
365	0.10854341834783554
366	0.13481345772743225
367	0.0865946114063263
368	0.08715411275625229
369	0.0888599157333374
370	0.15719135105609894
371	0.12621469795703888
372	0.048513587564229965
373	0.054843392223119736
374	0.1153658851981163
375	0.10344398021697998
376	0.10518009960651398
377	0.12987622618675232
378	0.2352769374847412
379	0.2625509798526764
380	0.12590208649635315
381	0.14196038246154785
382	0.140955850481987
383	0.10462900251150131
384	0.09009192138910294
385	0.24027924239635468
386	0.10898905247449875
387	0.1477402150630951
388	0.10525498539209366
389	0.13210590183734894
390	0.1432054489850998
391	0.2390442192554474
392	0.15776704251766205
393	0.0934220552444458
394	0.15100425481796265
395	0.1624121218919754
396	0.07318674027919769
397	0.06444329023361206
398	0.07142230868339539
399	0.16068525612354279
400	0.07964987307786942
401	0.07155826687812805
402	0.09963583201169968
403	0.1709497720003128
404	0.17984019219875336
405	0.19294722378253937
406	0.10254772007465363
407	0.15712468326091766
408	0.2014508694410324
409	0.10454829037189484
410	0.11363493651151657
411	0.07755386829376221
412	0.039120662957429886
413	0.030927911400794983
414	0.02926313318312168
415	0.020500238984823227
416	0.01650693453848362
417	0.013476674444973469
418	0.017096776515245438
419	0.014798304997384548
420	0.01216504443436861
421	0.01733630709350109
422	0.021151116117835045
423	0.03271947056055069
424	0.015079176984727383
425	0.012451516464352608
426	0.008001640439033508
427	0.00761782843619585
428	0.0063027809374034405
429	0.004685919266194105
430	0.004836656153202057
431	0.00543608283624053
432	0.005882543977349997
433	0.005989656317979097
434	0.006201870273798704
435	0.005222722422331572
436	0.007505127694457769
437	0.0066862814128398895
438	0.006120271980762482
439	0.005704219918698072
440	0.006594542413949966
441	0.006724265404045582
442	0.008268097415566444
443	0.006585981231182814
444	0.007540133781731129
445	0.006361234467476606
446	0.0051956563256680965
447	0.004989369306713343
448	0.005985740106552839
449	0.0060445936396718025
450	0.0062392535619437695
451	0.005503855179995298
452	0.005064690951257944
453	0.00473587354645133
454	0.005049772094935179
455	0.005346755031496286
456	0.005147578660398722
457	0.005231845658272505
458	0.006834705360233784
459	0.006996845360845327
460	0.006159399636089802
461	0.005934290122240782
462	0.005687037017196417
463	0.0054188072681427
464	0.006752537097781897
465	0.005575000774115324
466	0.004057049285620451
467	0.005070033948868513
468	0.005264459177851677
469	0.005245484411716461
470	0.004834321793168783
471	0.006292940583080053
472	0.005696516949683428
473	0.005800510756671429
474	0.005733357276767492
475	0.006043981295078993
476	0.004544309806078672
477	0.005227409303188324
478	0.005348096136003733
479	0.005915804300457239
480	0.004995918367058039
481	0.004679140169173479
482	0.004343330394476652
483	0.005439624190330505
484	0.00439638365060091
485	0.005610193591564894
486	0.006080830469727516
487	0.005098307970911264
488	0.00595340970903635
489	0.004952377174049616
490	0.005400353576987982
491	0.005363864358514547
492	0.006697894539684057
493	0.0062382519245147705
494	0.0071645500138401985
495	0.007210924755781889
496	0.008392997086048126
497	0.008823852054774761
498	0.0072907074354588985
499	0.00787259079515934
500	0.006620928645133972
501	0.009029680863022804
502	0.006443597376346588
503	0.007644736673682928
504	0.008782871067523956
505	0.008677611127495766
506	0.008157473988831043
507	0.00977722555398941
508	0.009118881076574326
509	0.009178871288895607
510	0.009913693182170391
511	0.009001962840557098
512	0.008847747929394245
513	0.00946402084082365
514	0.009569129906594753
515	0.009742636233568192
516	0.013806633651256561
517	0.010042487643659115
518	0.009064476005733013
519	0.007319329772144556
520	0.008023730479180813
521	0.008468903601169586
522	0.008439349010586739
523	0.007675787899643183
524	0.008592183701694012
525	0.007840988226234913
526	0.008503471501171589
527	0.010457552038133144
528	0.011058907024562359
529	0.013231584802269936
530	0.01966249756515026
531	0.021554499864578247
532	0.01753128506243229
533	0.022940536960959435
534	0.023086316883563995
535	0.03626510873436928
536	0.034698400646448135
537	0.048156194388866425
538	0.026366058737039566
539	0.0633808895945549
540	0.04021520912647247
541	0.05594419315457344
542	0.056575801223516464
543	0.031905997544527054
544	0.0307207889854908
545	0.025720125064253807
546	0.03371085599064827
547	0.035546835511922836
548	0.030034471303224564
549	0.03523293882608414
550	0.0363057516515255
551	0.05094027519226074
552	0.056876834481954575
553	0.042374540120363235
554	0.09580768644809723
555	0.0539645217359066
556	0.07218349725008011
557	0.1091618463397026
558	0.11718987673521042
559	0.09583907574415207
560	0.07321419566869736
561	0.05266769602894783
562	0.15230174362659454
563	0.06801652908325195
564	0.030059337615966797
565	0.04465010017156601
566	0.25950780510902405
567	0.17951659858226776
568	0.3661418855190277
569	0.2334776222705841
570	0.35665130615234375
571	0.05064316466450691
572	0.1422608345746994
573	0.20619630813598633
574	0.209403857588768
575	0.07820003479719162
576	0.06180209666490555
577	0.03598284348845482
578	0.03793521597981453
579	0.06683488935232162
580	0.024061506614089012
581	0.014749730937182903
582	0.01684766449034214
583	0.022760754451155663
584	0.021192988380789757
585	0.016610661521553993
586	0.03079877234995365
587	0.014922544360160828
588	0.008912633173167706
589	0.007033646106719971
590	0.007969038560986519
591	0.021073687821626663
592	0.008028323762118816
593	0.005548989400267601
594	0.006742724683135748
595	0.007375507149845362
596	0.007907869294285774
597	0.004026469308882952
598	0.008157634176313877
599	0.008320256136357784
600	0.009679635055363178
601	0.01870569959282875
602	0.009432300925254822
603	0.01791711524128914
604	0.008039767853915691
605	0.008585850708186626
606	0.014376014471054077
607	0.010652008466422558
608	0.013424779288470745
609	0.015256285667419434
610	0.009578604251146317
611	0.009157377295196056
612	0.011568151414394379
613	0.012027409859001637
614	0.011159173212945461
615	0.015001910738646984
616	0.014564581215381622
617	0.014839696697890759
618	0.013228967785835266
619	0.0149772260338068
620	0.012285318225622177
621	0.011917444877326488
622	0.013854186050593853
623	0.012262620031833649
624	0.013294272124767303
625	0.011429425328969955
626	0.013515077531337738
627	0.013548296876251698
628	0.008244485594332218
629	0.009393751621246338
630	0.010344840586185455
631	0.012408288195729256
632	0.009968290105462074
633	0.009938321076333523
634	0.011508014053106308
635	0.009381531737744808
636	0.010445661842823029
637	0.011101344600319862
638	0.010658107697963715
639	0.012670615687966347
640	0.011749748140573502
641	0.0105128837749362
642	0.009802579879760742
643	0.009154043160378933
644	0.007788610644638538
645	0.007658281829208136
646	0.008775035850703716
647	0.007972273044288158
648	0.008034033700823784
649	0.00856934953480959
650	0.006344010587781668
651	0.008421543054282665
652	0.008427189663052559
653	0.008925750851631165
654	0.011006972752511501
655	0.009126110933721066
656	0.009222841821610928
657	0.009723897092044353
658	0.009688141755759716
659	0.008201106451451778
660	0.008631164208054543
661	0.011211730539798737
662	0.01147464569658041
663	0.009588339366018772
664	0.009646272286772728
665	0.008785723708570004
666	0.008968166075646877
667	0.01030009426176548
668	0.011104515753686428
669	0.008950792253017426
670	0.008348501287400723
671	0.009174959734082222
672	0.009897406212985516
673	0.011729483492672443
674	0.006508978549391031
675	0.007163777947425842
676	0.009086395613849163
677	0.0062411087565124035
678	0.008503616787493229
679	0.0078082396648824215
680	0.00844500306993723
681	0.013131982646882534
682	0.015944605693221092
683	0.028141513466835022
684	0.02720325067639351
685	0.03219804912805557
686	0.019010499119758606
687	0.021843811497092247
688	0.040845174342393875
689	0.03128274157643318
690	0.023364976048469543
691	0.018367648124694824
692	0.02076871693134308
693	0.028008783236145973
694	0.028655553236603737
695	0.02079843357205391
696	0.01462189294397831
697	0.01706346683204174
698	0.014364920556545258
699	0.012752813287079334
700	0.01226036436855793
701	0.01050861831754446
702	0.008463322184979916
703	0.010337302461266518
704	0.011129005812108517
705	0.008775322698056698
706	0.011280183680355549
707	0.008925202302634716
708	0.008767785504460335
709	0.00825456716120243
710	0.008263110183179379
711	0.0071154371835291386
712	0.008005783893167973
713	0.007753835525363684
714	0.008396630175411701
715	0.0057357605546712875
716	0.00646096421405673
717	0.005647882353514433
718	0.005836636759340763
719	0.006019914988428354
720	0.007340268697589636
721	0.005173233337700367
722	0.00674545019865036
723	0.007344492711126804
724	0.008037077262997627
725	0.009749732911586761
726	0.009594696573913097
727	0.008879958651959896
728	0.008067460730671883
729	0.007602434139698744
730	0.01021998655050993
731	0.010009802877902985
732	0.009968418627977371
733	0.012235458008944988
734	0.00795274693518877
735	0.008105765096843243
736	0.009063011966645718
737	0.011935384012758732
738	0.009901843965053558
739	0.010262659750878811
740	0.008371337316930294
741	0.006925186607986689
742	0.007383903954178095
743	0.006997107062488794
744	0.006378190126270056
745	0.005203542299568653
746	0.005008924286812544
747	0.0046964590437710285
748	0.005201677791774273
749	0.004606232047080994
750	0.004718971438705921
751	0.00396551052108407
752	0.004470526240766048
753	0.00442236615344882
754	0.005672002211213112
755	0.00415537366643548
756	0.004356414079666138
757	0.004019641317427158
758	0.004432502668350935
759	0.004058600403368473
760	0.004566453862935305
761	0.003887362778186798
762	0.003455985337495804
763	0.0031516575254499912
764	0.003968717064708471
765	0.004464128986001015
766	0.004469004925340414
767	0.004613842349499464
768	0.005365412216633558
769	0.005825221072882414
770	0.0061470442451536655
771	0.00622692471370101
772	0.006333054509013891
773	0.005983521696180105
774	0.005377724301069975
775	0.005968220066279173
776	0.006701820995658636
777	0.007231257855892181
778	0.006933606695383787
779	0.007462191861122847
780	0.005102020688354969
781	0.005409306846559048
782	0.005284588318318129
783	0.0051284837536513805
784	0.005718430038541555
785	0.006104960571974516
786	0.0055465782061219215
787	0.004436542745679617
788	0.0036836767103523016
789	0.004485161509364843
790	0.005085300654172897
791	0.004763897508382797
792	0.005032056011259556
793	0.00490391394123435
794	0.005462359637022018
795	0.005107221193611622
796	0.005596626549959183
797	0.005668033845722675
798	0.006444893777370453
799	0.007697226945310831
800	0.0044724601320922375
801	0.006807703524827957
802	0.006158533971756697
803	0.0053398325107991695
804	0.005537836812436581
805	0.007031019777059555
806	0.007436185609549284
807	0.007615229580551386
808	0.007593323476612568
809	0.007770745549350977
810	0.0071477158926427364
811	0.008337695151567459
812	0.008268436416983604
813	0.00802725087851286
814	0.008663984946906567
815	0.008848882280290127
816	0.009435578249394894
817	0.010876821354031563
818	0.011263862252235413
819	0.0113186901435256
820	0.01394450943917036
821	0.01607671193778515
822	0.01781890168786049
823	0.019390059635043144
824	0.014909535646438599
825	0.019394660368561745
826	0.07678591459989548
827	0.032961197197437286
828	0.05407274514436722
829	0.09398328512907028
830	0.11297333240509033
831	0.19399181008338928
832	0.2786921560764313
833	0.3467918336391449
834	0.26183611154556274
835	0.31103962659835815
836	0.24116598069667816
837	0.1281825304031372
838	0.15428628027439117
839	0.12407960742712021
840	0.34255245327949524
841	0.3236715495586395
842	0.3847160339355469
843	0.33143851161003113
844	0.36323752999305725
845	0.28758594393730164
846	0.28232404589653015
847	0.2549862563610077
848	0.2395344078540802
849	0.4829414486885071
850	0.35037627816200256
851	0.2954713702201843
852	0.29348158836364746
853	0.20651641488075256
854	0.27966752648353577
855	0.4107722342014313
856	0.3478166162967682
857	0.3073134422302246
858	0.3545013964176178
859	0.22879467904567719
860	0.30201730132102966
861	0.19708885252475739
862	0.24254055321216583
863	0.2288520783185959
864	0.3610505163669586
865	0.3215026557445526
866	0.18203617632389069
867	0.3247920572757721
868	0.3925740718841553
869	0.392218679189682
870	0.42368316650390625
871	0.32808396220207214
872	0.2826399505138397
873	0.2685849368572235
874	0.09833824634552002
875	0.3760910630226135
876	0.2332139015197754
877	0.22582928836345673
878	0.2645847499370575
879	0.21089644730091095
880	0.17969737946987152
881	0.25111278891563416
882	0.25353923439979553
883	0.04168451949954033
884	0.008377137593925
885	0.006598816718906164
886	0.007878819480538368
887	0.005615189205855131
888	0.004616905003786087
889	0.007687813136726618
890	0.006732154171913862
891	0.007976951077580452
892	0.009487162344157696
893	0.0054581984877586365
894	0.006417981814593077
895	0.023277048021554947
896	0.011157420463860035
897	0.00968844722956419
898	0.010593215003609657
899	0.014029803685843945
900	0.010625406168401241
901	0.009413002990186214
902	0.009434453211724758
903	0.008222988806664944
904	0.011758165434002876
905	0.012584668584167957
906	0.012398941442370415
907	0.01269608922302723
908	0.012889320962131023
909	0.010832603089511395
910	0.012360567227005959
911	0.012199870310723782
912	0.012485772371292114
913	0.012894898653030396
914	0.009885015897452831
915	0.010520286858081818
916	0.011945231817662716
917	0.013161184266209602
918	0.011819165199995041
919	0.008867244236171246
920	0.008990921080112457
921	0.00846322812139988
922	0.008872675709426403
923	0.008129121735692024
924	0.009692107327282429
925	0.010443463921546936
926	0.012953462079167366
927	0.0150821628049016
928	0.011694974265992641
929	0.0183876845985651
930	0.016291657462716103
931	0.011896501295268536
932	0.010199962183833122
933	0.007217602338641882
934	0.006660726852715015
935	0.009122425690293312
936	0.007309560663998127
937	0.008697042241692543
938	0.009247543290257454
939	0.008297307416796684
940	0.008887558244168758
941	0.007110854145139456
942	0.00739357341080904
943	0.007387371268123388
944	0.0071686566807329655
945	0.008040453307330608
946	0.007815537042915821
947	0.007628490682691336
948	0.007887850515544415
949	0.008012117817997932
950	0.008816015906631947
951	0.01047709584236145
952	0.010158848948776722
953	0.008630678057670593
954	0.006702443119138479
955	0.005052517633885145
956	0.00490718986839056
957	0.0066164820455014706
958	0.008070128969848156
959	0.008508267812430859
960	0.012457380071282387
961	0.014722404070198536
962	0.011245730333030224
963	0.010759028606116772
964	0.011891375295817852
965	0.010203271172940731
966	0.011725159361958504
967	0.010511504486203194
968	0.010567164979875088
969	0.011140378192067146
970	0.012765335850417614
971	0.013396385125815868
972	0.01412228960543871
973	0.013822701759636402
974	0.017205391079187393
975	0.013391362503170967
976	0.012311842292547226
977	0.01250043511390686
978	0.012173007242381573
979	0.009863518178462982
980	0.009997504763305187
981	0.009250804781913757
982	0.01018526591360569
983	0.013030349276959896
984	0.012260734103620052
985	0.011585853062570095
986	0.010897203348577023
987	0.010764016769826412
988	0.009532297030091286
989	0.010876032523810863
990	0.01650138944387436
991	0.01638452708721161
992	0.01455723773688078
993	0.01177679281681776
994	0.012579700909554958
995	0.015221357345581055
996	0.013133984990417957
997	0.011759178712964058
998	0.007276316173374653
999	0.011478382162749767
1000	0.012871063314378262
1001	0.013444948010146618
1002	0.009263713844120502
1003	0.009380332194268703
1004	0.011466160416603088
1005	0.01365012675523758
1006	0.011832594871520996
1007	0.009245358407497406
1008	0.011105413548648357
1009	0.008657402358949184
1010	0.009635952301323414
1011	0.009386934340000153
1012	0.009798419661819935
1013	0.010848789475858212
1014	0.01143511664122343
1015	0.01355555560439825
1016	0.011013666167855263
1017	0.019394416362047195
1018	0.020723218098282814
1019	0.013055230490863323
1020	0.016767432913184166
1021	0.013632404617965221
1022	0.011371376924216747
1023	0.0163619052618742
1024	0.014716020785272121
1025	0.011616276577115059
1026	0.010769397020339966
1027	0.00812544859945774
1028	0.008773296140134335
1029	0.006548907142132521
1030	0.006598226726055145
1031	0.00754215894266963
1032	0.006719802971929312
1033	0.008884911425411701
1034	0.010348205454647541
1035	0.010809734463691711
1036	0.01269854512065649
1037	0.008639981038868427
1038	0.009347197599709034
1039	0.008443774655461311
1040	0.006077335216104984
1041	0.007875515148043633
1042	0.007657147943973541
1043	0.007045773323625326
1044	0.006633398123085499
1045	0.009576836600899696
1046	0.008060737513005733
1047	0.010424794629216194
1048	0.009199488908052444
1049	0.008336951024830341
1050	0.008921189233660698
1051	0.00860663317143917
1052	0.007643258664757013
1053	0.007072763983160257
1054	0.00832537841051817
1055	0.0073484452441334724
1056	0.008723283186554909
1057	0.008721369318664074
1058	0.011276555247604847
1059	0.010206514969468117
1060	0.0082559734582901
1061	0.00609487434849143
1062	0.006533950101584196
1063	0.006828033830970526
1064	0.00747439730912447
1065	0.009022160433232784
1066	0.008193273097276688
1067	0.007395912893116474
1068	0.007420703768730164
1069	0.007273759227246046
1070	0.008001944981515408
1071	0.006861782167106867
1072	0.006005703937262297
1073	0.006560178007930517
1074	0.005512095522135496
1075	0.005934349726885557
1076	0.005075217690318823
1077	0.0051461136899888515
1078	0.004706582520157099
1079	0.004733802285045385
1080	0.004620937164872885
1081	0.004410139750689268
1082	0.00506742624565959
1083	0.004602603614330292
1084	0.004949159454554319
1085	0.004250038415193558
1086	0.0057626888155937195
1087	0.006265558302402496
1088	0.005582103971391916
1089	0.006082003936171532
1090	0.006067119538784027
1091	0.004724231548607349
1092	0.004789592698216438
1093	0.0052827647887170315
1094	0.00648901192471385
1095	0.005754449870437384
1096	0.0059824539348483086
1097	0.006146302912384272
1098	0.006527503486722708
1099	0.008330843411386013
1100	0.00747381616383791
1101	0.008921639062464237
1102	0.007869440130889416
1103	0.008085939101874828
1104	0.008252717554569244
1105	0.008230146020650864
1106	0.007423752453178167
1107	0.0065038325265049934
1108	0.007629369385540485
1109	0.009112352505326271
1110	0.008930683135986328
1111	0.008204423822462559
1112	0.0075726197101175785
1113	0.007092100568115711
1114	0.007777972612529993
1115	0.008297954685986042
1116	0.009177390486001968
1117	0.008626862429082394
1118	0.011398791335523129
1119	0.012683260254561901
1120	0.013504408299922943
1121	0.017599865794181824
1122	0.019814159721136093
1123	0.03028665855526924
1124	0.03836646303534508
1125	0.03389669582247734
1126	0.15207038819789886
1127	0.16716088354587555
1128	0.15827037394046783
1129	0.13606397807598114
1130	0.23352070152759552
1131	0.1828959435224533
1132	0.12393629550933838
1133	0.21768537163734436
1134	0.14247117936611176
1135	0.11126058548688889
1136	0.06319484114646912
1137	0.07062281668186188
1138	0.046367209404706955
1139	0.09674488753080368
1140	0.09663043171167374
1141	0.0523393414914608
1142	0.059846699237823486
1143	0.06017667055130005
1144	0.06048773601651192
1145	0.04634872078895569
1146	0.09098800271749496
1147	0.059363216161727905
1148	0.0432913675904274
1149	0.05615192651748657
1150	0.11261018365621567
1151	0.0725860744714737
1152	0.08945772051811218
1153	0.09486063569784164
1154	0.08271905034780502
1155	0.1503635197877884
1156	0.09784281253814697
1157	0.06314753741025925
1158	0.13595472276210785
1159	0.09910525381565094
1160	0.15235258638858795
1161	0.12978284060955048
1162	0.29880449175834656
1163	0.28441643714904785
1164	0.2579535245895386
1165	0.18585889041423798
1166	0.19884955883026123
1167	0.23396871984004974
1168	0.22997665405273438
1169	0.3688555359840393
1170	0.17612110078334808
1171	0.1807347536087036
1172	0.26254400610923767
1173	0.10185706615447998
1174	0.0989430770277977
1175	0.08306273072957993
1176	0.09912567585706711
1177	0.11062680929899216
1178	0.09644488245248795
1179	0.04348471388220787
1180	0.03748079761862755
1181	0.04070935398340225
1182	0.028990501537919044
1183	0.026968583464622498
1184	0.02630082704126835
1185	0.013882731087505817
1186	0.00754956528544426
1187	0.0081114387139678
1188	0.007980959489941597
1189	0.007403387222439051
1190	0.007803372573107481
1191	0.00798207987099886
1192	0.007033619564026594
1193	0.006947486195713282
1194	0.009817356243729591
1195	0.010175873525440693
1196	0.009765129536390305
1197	0.008767607621848583
1198	0.008217538706958294
1199	0.010613049380481243
1200	0.023667111992836
1201	0.01809707097709179
1202	0.013402806594967842
1203	0.012235424481332302
1204	0.011991358362138271
1205	0.00782732106745243
1206	0.00851056631654501
1207	0.011804508976638317
1208	0.009075606241822243
1209	0.01127711869776249
1210	0.008710972033441067
1211	0.009873571805655956
1212	0.010206363163888454
1213	0.010003848932683468
1214	0.012968060560524464
1215	0.017180195078253746
1216	0.012453309260308743
1217	0.010563597083091736
1218	0.01217294204980135
1219	0.010620512999594212
1220	0.009027929045259953
1221	0.007714827544987202
1222	0.007048118393868208
1223	0.008105137385427952
1224	0.009727663360536098
1225	0.010732577182352543
1226	0.008014829829335213
1227	0.00888795405626297
1228	0.015166711993515491
1229	0.009880776517093182
1230	0.010102727450430393
1231	0.00887763686478138
1232	0.013967478647828102
1233	0.010418934747576714
1234	0.00936561357229948
1235	0.011304679326713085
1236	0.008768982253968716
1237	0.008031140081584454
1238	0.007173439953476191
1239	0.010934813879430294
1240	0.012494738213717937
1241	0.01467186864465475
1242	0.02077583409845829
1243	0.0322679728269577
1244	0.026870906352996826
1245	0.01374844927340746
1246	0.011980353854596615
1247	0.009502075612545013
1248	0.007307782769203186
1249	0.007603663485497236
1250	0.008485394529998302
1251	0.008919785730540752
1252	0.012239544652402401
1253	0.011592304334044456
1254	0.013502669520676136
1255	0.012545178644359112
1256	0.011132231913506985
1257	0.013664515689015388
1258	0.008763403631746769
1259	0.012331552803516388
1260	0.009338236413896084
1261	0.010612806305289268
1262	0.009150578640401363
1263	0.01224427204579115
1264	0.011818841099739075
1265	0.01252276636660099
1266	0.009644263423979282
1267	0.013978834263980389
1268	0.01106042880564928
1269	0.012230749242007732
1270	0.014005553908646107
1271	0.011545918881893158
1272	0.007791550364345312
1273	0.008405591361224651
1274	0.010432017035782337
1275	0.011184416711330414
1276	0.014304915443062782
1277	0.013024600222706795
1278	0.010730455629527569
1279	0.01085198950022459
1280	0.013026758097112179
1281	0.01028589066118002
1282	0.010203973390161991
1283	0.0094943568110466
1284	0.0106058269739151
1285	0.01153460144996643
1286	0.009863349609076977
1287	0.010745133273303509
1288	0.010943198576569557
1289	0.012061851099133492
1290	0.015572162345051765
1291	0.01315596979111433
1292	0.011429984122514725
1293	0.013159154914319515
1294	0.010879220440983772
1295	0.01141862291842699
1296	0.012211880646646023
1297	0.014118388295173645
1298	0.013479811139404774
1299	0.016402285546064377
1300	0.014709362760186195
1301	0.025050630792975426
1302	0.01678735390305519
1303	0.01824597455561161
1304	0.017747944220900536
1305	0.02176443673670292
1306	0.018894309177994728
1307	0.010896442458033562
1308	0.013301300816237926
1309	0.011976063251495361
1310	0.0141209801658988
1311	0.022977596148848534
1312	0.015379848890006542
1313	0.012404492124915123
1314	0.014219434931874275
1315	0.011169147677719593
1316	0.01702689379453659
1317	0.014349937438964844
1318	0.021288860589265823
1319	0.018669763579964638
1320	0.024790791794657707
1321	0.03824509680271149
1322	0.012039064429700375
1323	0.008855724707245827
1324	0.01518087089061737
1325	0.015725374221801758
1326	0.01708768680691719
1327	0.02411622740328312
1328	0.028056103736162186
1329	0.029620131477713585
1330	0.043171633034944534
1331	0.03875288367271423
1332	0.033000398427248
1333	0.02481101267039776
1334	0.020033806562423706
1335	0.019357910379767418
1336	0.011702962219715118
1337	0.010230092331767082
1338	0.007991005666553974
1339	0.01511482335627079
1340	0.01204287726432085
1341	0.011738925240933895
1342	0.011852390132844448
1343	0.008300079964101315
1344	0.00901476014405489
1345	0.006305967457592487
1346	0.005886230617761612
1347	0.009009263478219509
1348	0.009421410970389843
1349	0.008068190887570381
1350	0.008655490353703499
1351	0.006258480250835419
1352	0.007041375618427992
1353	0.006161404307931662
1354	0.007505861110985279
1355	0.007156341802328825
1356	0.008208619430661201
1357	0.008574861101806164
1358	0.007259611040353775
1359	0.006047697272151709
1360	0.0075053684413433075
1361	0.007303063757717609
1362	0.006030762102454901
1363	0.006186164449900389
1364	0.006146922241896391
1365	0.005861714947968721
1366	0.007301617413759232
1367	0.007073402404785156
1368	0.007088162004947662
1369	0.00623368239030242
1370	0.006532755680382252
1371	0.008039378561079502
1372	0.00601494824513793
1373	0.004633573815226555
1374	0.006308502983301878
1375	0.005242434795945883
1376	0.005357873626053333
1377	0.005353487562388182
1378	0.00628024572506547
1379	0.006893350277096033
1380	0.005024082958698273
1381	0.004875758662819862
1382	0.005191595293581486
1383	0.00589285884052515
1384	0.005040130112320185
1385	0.004857167135924101
1386	0.004963180515915155
1387	0.005473352503031492
1388	0.005414369981735945
1389	0.004810525570064783
1390	0.0048077586106956005
1391	0.004968526307493448
1392	0.006371058523654938
1393	0.005447558593004942
1394	0.005122470203787088
1395	0.004786227364093065
1396	0.004683213774114847
1397	0.005324614234268665
1398	0.005102919414639473
1399	0.005104599054902792
1400	0.00460845697671175
1401	0.005022432655096054
1402	0.006237670313566923
1403	0.004713652655482292
1404	0.00467663211748004
1405	0.005560434889048338
1406	0.0057240757159888744
1407	0.005092698615044355
1408	0.004321651067584753
1409	0.004529702011495829
1410	0.006212244275957346
1411	0.0061906385235488415
1412	0.006803393363952637
1413	0.006195808295160532
1414	0.005812282208353281
1415	0.006492197047919035
1416	0.0061470032669603825
1417	0.007155414205044508
1418	0.005888934712857008
1419	0.005616235081106424
1420	0.006551783531904221
1421	0.006323723588138819
1422	0.005975020118057728
1423	0.006025073118507862
1424	0.007189810276031494
1425	0.007452813442796469
1426	0.00836097076535225
1427	0.009098383598029613
1428	0.009293207898736
1429	0.01121532078832388
1430	0.010808969847857952
1431	0.009455496445298195
1432	0.015562918968498707
1433	0.011462829075753689
1434	0.019314385950565338
1435	0.016738412901759148
1436	0.018901372328400612
1437	0.02752777375280857
1438	0.07129959017038345
1439	0.037879578769207
1440	0.04130023345351219
1441	0.08441592007875443
1442	0.03595022112131119
1443	0.19328594207763672
1444	0.23842234909534454
1445	0.32453760504722595
1446	0.3245871961116791
1447	0.39967989921569824
1448	0.15598832070827484
1449	0.2101288139820099
1450	0.2768820524215698
1451	0.22906123101711273
1452	0.22823719680309296
1453	0.20307233929634094
1454	0.23912520706653595
1455	0.2936961352825165
1456	0.23240046203136444
1457	0.2910788357257843
1458	0.2648870050907135
1459	0.24400964379310608
1460	0.1853473037481308
1461	0.27919241786003113
1462	0.23034682869911194
1463	0.30791234970092773
1464	0.27428925037384033
1465	0.3001375198364258
1466	0.31968140602111816
1467	0.30368372797966003
1468	0.300292432308197
1469	0.3403955399990082
1470	0.34148284792900085
1471	0.2773967385292053
1472	0.4163578450679779
1473	0.40258440375328064
1474	0.4069865643978119
1475	0.2837803065776825
1476	0.48415204882621765
1477	0.3859291076660156
1478	0.3442966639995575
1479	0.4213579297065735
1480	0.5956064462661743
1481	0.4959077537059784
1482	0.4297110140323639
1483	0.35052987933158875
1484	0.332884281873703
1485	0.3094976842403412
1486	0.32234176993370056
1487	0.5018512010574341
1488	0.3613523542881012
1489	0.2647075057029724
1490	0.44445639848709106
1491	0.4139694273471832
1492	0.3517741858959198
1493	0.3742073178291321
1494	0.2898174524307251
1495	0.3522098958492279
1496	0.3786889612674713
1497	0.3125554025173187
1498	0.276448130607605
1499	0.3553270995616913
1500	0.4037007987499237
1501	0.46086856722831726
1502	0.45334678888320923
1503	0.38243821263313293
1504	0.42680826783180237
1505	0.3592810332775116
1506	0.17056326568126678
1507	0.1380145102739334
1508	0.20038382709026337
1509	0.08994447439908981
1510	0.08055925369262695
1511	0.036832425743341446
1512	0.05329262092709541
1513	0.021832328289747238
1514	0.010264123789966106
1515	0.010328513570129871
1516	0.008836713619530201
1517	0.009769286029040813
1518	0.01672283373773098
1519	0.018213188275694847
1520	0.02053065411746502
1521	0.06449379026889801
1522	0.08503635972738266
1523	0.06915555149316788
1524	0.059621747583150864
1525	0.02648880146443844
1526	0.03944765403866768
1527	0.028395742177963257
1528	0.016077373176813126
1529	0.010627931915223598
1530	0.008683797903358936
1531	0.009237631224095821
1532	0.007896331138908863
1533	0.007542693521827459
1534	0.009111536666750908
1535	0.01155378669500351
1536	0.017093872651457787
1537	0.03680090233683586
1538	0.0720452219247818
1539	0.11286964267492294
1540	0.14903953671455383
1541	0.09679649025201797
1542	0.0641394853591919
1543	0.12767134606838226
1544	0.07615234702825546
1545	0.024212582036852837
1546	0.01803557202219963
1547	0.02873939275741577
1548	0.03378903493285179
1549	0.056545425206422806
1550	0.10248642414808273
1551	0.02728813886642456
1552	0.03492678701877594
1553	0.04150032624602318
1554	0.04042590409517288
1555	0.0644197016954422
1556	0.04498057812452316
1557	0.04934459552168846
1558	0.04620866850018501
1559	0.07459762692451477
1560	0.05062207579612732
1561	0.11656653136014938
1562	0.21004939079284668
1563	0.21602950990200043
1564	0.08703475445508957
1565	0.08484112471342087
1566	0.05825987458229065
1567	0.08975441753864288
1568	0.05308150872588158
1569	0.02291926182806492
1570	0.015555332414805889
1571	0.012396627105772495
1572	0.009898758493363857
1573	0.009001648984849453
1574	0.00850670225918293
1575	0.009267546236515045
1576	0.008906652219593525
1577	0.009894408285617828
1578	0.010047259740531445
1579	0.00879488606005907
1580	0.006953415460884571
1581	0.006008051335811615
1582	0.006755657494068146
1583	0.007440387737005949
1584	0.008503397926688194
1585	0.010067361406981945
1586	0.010424459353089333
1587	0.030411411076784134
1588	0.017365699633955956
1589	0.010413561947643757
1590	0.010532206855714321
1591	0.01172772515565157
1592	0.008704631589353085
1593	0.009067055769264698
1594	0.011471389792859554
1595	0.011528528295457363
1596	0.007770854514092207
1597	0.009205467998981476
1598	0.011565806344151497
1599	0.008890697732567787
1600	0.009782996028661728
1601	0.01088771689683199
1602	0.00908952672034502
1603	0.011448838748037815
1604	0.013575670309364796
1605	0.011341298930346966
1606	0.01144177746027708
1607	0.014834362082183361
1608	0.01411456149071455
1609	0.010255816392600536
1610	0.011278997175395489
1611	0.01229863055050373
1612	0.012154923751950264
1613	0.01272012572735548
1614	0.014325330033898354
1615	0.014047408476471901
1616	0.01556889433413744
1617	0.012408201582729816
1618	0.013484965078532696
1619	0.015609591268002987
1620	0.014163929037749767
1621	0.013021026737987995
1622	0.013645348139107227
1623	0.015263663604855537
1624	0.010302436538040638
1625	0.0079429866746068
1626	0.008291619829833508
1627	0.012314081192016602
1628	0.011874417774379253
1629	0.013465145602822304
1630	0.010023566894233227
1631	0.020967042073607445
1632	0.015821147710084915
1633	0.029966045171022415
1634	0.022186951711773872
1635	0.010616284795105457
1636	0.01912606880068779
1637	0.014689052477478981
1638	0.011989528313279152
1639	0.018182815983891487
1640	0.020481081679463387
1641	0.020996494218707085
1642	0.01867598667740822
1643	0.0229825209826231
1644	0.022554270923137665
1645	0.025849325582385063
1646	0.0199541375041008
1647	0.027455424889922142
1648	0.018149884417653084
1649	0.01755550689995289
1650	0.03121892176568508
1651	0.022166360169649124
1652	0.021378351375460625
1653	0.01479246374219656
1654	0.014881878159940243
1655	0.017953766509890556
1656	0.019693240523338318
1657	0.016388922929763794
1658	0.014122855849564075
1659	0.01770954765379429
1660	0.016182536259293556
1661	0.01296885497868061
1662	0.01565847359597683
1663	0.014933094382286072
1664	0.01059645228087902
1665	0.01445494033396244
1666	0.010284184478223324
1667	0.012889585457742214
1668	0.015563222579658031
1669	0.014268673025071621
1670	0.011717060580849648
1671	0.012108846567571163
1672	0.0120957987383008
1673	0.012665431015193462
1674	0.009896229021251202
1675	0.01110440120100975
1676	0.009258774109184742
1677	0.010085362009704113
1678	0.010657704435288906
1679	0.008976559154689312
1680	0.010148340836167336
1681	0.011879773810505867
1682	0.010238582268357277
1683	0.009787769988179207
1684	0.009934086352586746
1685	0.008762340061366558
1686	0.006988841574639082
1687	0.007780802436172962
1688	0.005970589816570282
1689	0.005154191982001066
1690	0.006267703603953123
1691	0.008801411837339401
1692	0.00788880605250597
1693	0.008705819956958294
1694	0.00737588107585907
1695	0.005664841737598181
1696	0.005941144656389952
1697	0.005429674871265888
1698	0.007005660329014063
1699	0.005697289016097784
1700	0.007558060344308615
1701	0.0103568434715271
1702	0.012885062955319881
1703	0.01187779102474451
1704	0.01251162588596344
1705	0.011139140464365482
1706	0.008620061911642551
1707	0.006996098440140486
1708	0.005612807814031839
1709	0.008048543706536293
1710	0.00607278710231185
1711	0.004772935528308153
1712	0.004369926173239946
1713	0.00529393320903182
1714	0.006259987596422434
1715	0.008083376102149487
1716	0.00649957824498415
1717	0.005691668018698692
1718	0.005227616522461176
1719	0.006212388165295124
1720	0.007185046561062336
1721	0.007300291210412979
1722	0.006358261685818434
1723	0.007077645510435104
1724	0.006189167033880949
1725	0.006230453494936228
1726	0.006042657420039177
1727	0.005580829922109842
1728	0.006796210538595915
1729	0.00635548634454608
1730	0.005886799190193415
1731	0.005681286100298166
1732	0.007523732725530863
1733	0.0067214518785476685
1734	0.006206226069480181
1735	0.006395537406206131
1736	0.0062301307916641235
1737	0.00705747539177537
1738	0.0056683081202209
1739	0.006282057613134384
1740	0.006677706725895405
1741	0.006403537001460791
1742	0.006511230953037739
1743	0.0066996351815760136
1744	0.007316431496292353
1745	0.006678526755422354
1746	0.006521519273519516
1747	0.006611616816371679
1748	0.00805323850363493
1749	0.005903060082346201
1750	0.004802364856004715
1751	0.007052615284919739
1752	0.00548352487385273
1753	0.0053148879669606686
1754	0.005534132476896048
1755	0.007009882014244795
1756	0.007283875253051519
1757	0.007878206670284271
1758	0.0085618169978261
1759	0.008013931103050709
1760	0.007710836827754974
1761	0.008032008074223995
1762	0.007559978868812323
1763	0.00894385389983654
1764	0.006505691446363926
1765	0.007218713406473398
1766	0.009300890378654003
1767	0.010495694354176521
1768	0.010403062216937542
1769	0.011009948328137398
1770	0.01277905609458685
1771	0.014061606489121914
1772	0.012376435101032257
1773	0.01231787633150816
1774	0.012358933687210083
1775	0.011109555140137672
1776	0.015004629269242287
1777	0.012491016648709774
1778	0.013716106303036213
1779	0.013723261654376984
1780	0.016145868226885796
1781	0.013602948747575283
1782	0.011142457835376263
1783	0.013203362934291363
1784	0.014255654998123646
1785	0.01354497391730547
1786	0.01526548620313406
1787	0.012825611047446728
1788	0.01387847401201725
1789	0.019528266042470932
1790	0.014924774877727032
1791	0.016655471175909042
1792	0.014553450047969818
1793	0.013695882633328438
1794	0.01528389286249876
1795	0.011232745833694935
1796	0.009524868801236153
1797	0.00981710385531187
1798	0.011533819139003754
1799	0.010333489626646042
1800	0.010872305370867252
1801	0.011858946643769741
1802	0.007713388651609421
1803	0.008866270072758198
1804	0.00838556420058012
1805	0.009108318015933037
1806	0.00933982152491808
1807	0.009869799017906189
1808	0.011830109171569347
1809	0.012195008806884289
1810	0.017470134422183037
1811	0.01333271898329258
1812	0.017455963417887688
1813	0.014916001819074154
1814	0.021651118993759155
1815	0.011287528090178967
1816	0.007826301269233227
1817	0.008416171185672283
1818	0.008890930563211441
1819	0.010183097794651985
1820	0.008866009302437305
1821	0.007362476084381342
1822	0.007458134088665247
1823	0.011406484059989452
1824	0.008424988947808743
1825	0.007803866174072027
1826	0.008351931348443031
1827	0.007830086164176464
1828	0.009001955389976501
1829	0.009745527058839798
1830	0.013385447673499584
1831	0.011332849971950054
1832	0.010615489445626736
1833	0.0069706859067082405
1834	0.01030746754258871
1835	0.008648696355521679
1836	0.009624101221561432
1837	0.008845417760312557
1838	0.010268504731357098
1839	0.00788928847759962
1840	0.008176667615771294
1841	0.007121138274669647
1842	0.00761741166934371
1843	0.0055270069278776646
1844	0.009005392901599407
1845	0.01028891559690237
1846	0.010137910954654217
1847	0.008681504055857658
1848	0.009443503804504871
1849	0.00939909927546978
1850	0.009524683468043804
1851	0.009589157067239285
1852	0.009159437380731106
1853	0.010838104411959648
1854	0.008713407441973686
1855	0.011556084267795086
1856	0.01349467970430851
1857	0.012163873761892319
1858	0.012304941192269325
1859	0.012565507553517818
1860	0.013361694291234016
1861	0.011832312680780888
1862	0.012065392918884754
1863	0.014793028123676777
1864	0.012440747581422329
1865	0.01185165997594595
1866	0.011521796695888042
1867	0.011904634535312653
1868	0.012854369357228279
1869	0.012075260281562805
1870	0.011684169061481953
1871	0.009671163745224476
1872	0.01119275763630867
1873	0.012024016119539738
1874	0.013931356370449066
1875	0.01166152860969305
1876	0.012759494595229626
1877	0.010671158321201801
1878	0.01044555939733982
1879	0.010303550399839878
1880	0.013532734476029873
1881	0.011808204464614391
1882	0.01313155610114336
1883	0.00949559360742569
1884	0.008985732682049274
1885	0.009530127048492432
1886	0.010698631405830383
1887	0.012181265279650688
1888	0.003933695610612631
1889	0.0062258923426270485
1890	0.009984197095036507
1891	0.008772424422204494
1892	0.010550012812018394
1893	0.008170008659362793
1894	0.011618338525295258
1895	0.025618581101298332
1896	0.027293363586068153
1897	0.033188361674547195
1898	0.020009875297546387
1899	0.018321318551898003
1900	0.014287534169852734
1901	0.012135912664234638
1902	0.019448881968855858
1903	0.013151543214917183
1904	0.01246508490294218
1905	0.009013158269226551
1906	0.014417043887078762
1907	0.01154789887368679
1908	0.009112642146646976
1909	0.008186684921383858
1910	0.007330823224037886
1911	0.009586174972355366
1912	0.008497791364789009
1913	0.011053822003304958
1914	0.011360198259353638
1915	0.009994251653552055
1916	0.011727549135684967
1917	0.012555332854390144
1918	0.016722887754440308
1919	0.023525703698396683
1920	0.0316486619412899
1921	0.025818878784775734
1922	0.020296234637498856
1923	0.02980516292154789
1924	0.03141484782099724
1925	0.04749927669763565
1926	0.06820261478424072
1927	0.04315624758601189
1928	0.02255302667617798
1929	0.029550284147262573
1930	0.030103815719485283
1931	0.06072432920336723
1932	0.03474137932062149
1933	0.0263266172260046
1934	0.02079157531261444
1935	0.02516363561153412
1936	0.035625774413347244
1937	0.034799862653017044
1938	0.02674194611608982
1939	0.02301817573606968
1940	0.026210889220237732
1941	0.03298446163535118
1942	0.027790917083621025
1943	0.0395565927028656
1944	0.06770573556423187
1945	0.038710277527570724
1946	0.040213443338871
1947	0.03384923189878464
1948	0.03413990139961243
1949	0.02944059483706951
1950	0.030324941501021385
1951	0.04923504590988159
1952	0.03288417309522629
1953	0.037541504949331284
1954	0.023952478542923927
1955	0.026728404685854912
1956	0.01367882825434208
1957	0.02653876505792141
1958	0.013704359531402588
1959	0.01631510816514492
1960	0.013355075381696224
1961	0.011449619196355343
1962	0.010884340852499008
1963	0.01174182165414095
1964	0.010849801823496819
1965	0.011434813030064106
1966	0.009868470951914787
1967	0.010305391624569893
1968	0.008787431754171848
1969	0.008960410952568054
1970	0.008209921419620514
1971	0.007609588094055653
1972	0.0055273654870688915
1973	0.00676225358620286
1974	0.0055508739314973354
1975	0.006673336029052734
1976	0.00909434538334608
1977	0.007677114102989435
1978	0.008601503446698189
1979	0.011248587630689144
1980	0.01023681927472353
1981	0.008504222147166729
1982	0.010584542527794838
1983	0.009985745884478092
1984	0.007049284875392914
1985	0.01187538355588913
1986	0.010298790410161018
1987	0.009214411489665508
1988	0.009250211529433727
1989	0.010087661445140839
1990	0.01226891577243805
1991	0.008981617167592049
1992	0.011876451782882214
1993	0.0108564468100667
1994	0.0123377600684762
1995	0.011973773129284382
1996	0.011435109190642834
1997	0.009374107234179974
1998	0.008718161843717098
1999	0.007562196347862482
2000	0.00735212117433548
2001	0.00671222060918808
2002	0.007688699755817652
2003	0.007992672733962536
2004	0.007279662881046534
2005	0.007004896644502878
2006	0.007447838317602873
2007	0.005601999815553427
2008	0.005922955460846424
2009	0.005751503631472588
2010	0.005916990339756012
2011	0.004613183438777924
2012	0.0047308760695159435
2013	0.005067931022495031
2014	0.004153261426836252
2015	0.004036227706819773
2016	0.004880325403064489
2017	0.0035675354301929474
2018	0.00471857562661171
2019	0.003814731491729617
2020	0.004069583490490913
2021	0.004610349889844656
2022	0.004066989757120609
2023	0.0055297380313277245
2024	0.0048669506795704365
2025	0.005086597520858049
2026	0.006369826849550009
2027	0.005414079409092665
2028	0.005182604771107435
2029	0.004187493585050106
2030	0.004184081684798002
2031	0.005096327513456345
2032	0.004653528798371553
2033	0.0057034799829125404
2034	0.0043783048167824745
2035	0.004748338367789984
2036	0.004268608056008816
2037	0.004475945606827736
2038	0.0055320546962320805
2039	0.00472856592386961
2040	0.005807884037494659
2041	0.005726301111280918
2042	0.005568872671574354
2043	0.004879350308328867
2044	0.00518402922898531
2045	0.0044593228958547115
2046	0.005406173877418041
2047	0.005532149225473404
2048	0.005549848545342684
2049	0.004612370859831572
2050	0.005077811423689127
2051	0.005163042340427637
2052	0.006367422174662352
2053	0.0068547725677490234
2054	0.007088684942573309
2055	0.006437912117689848
2056	0.006218742113560438
2057	0.007340524345636368
2058	0.007744299713522196
2059	0.006029627751559019
2060	0.006801028735935688
2061	0.005438517313450575
2062	0.0060927593149244785
2063	0.005903727374970913
2064	0.00661057373508811
2065	0.007769341114908457
2066	0.009896448813378811
2067	0.007755989674478769
2068	0.009088784456253052
2069	0.008320874534547329
2070	0.00869966484606266
2071	0.011330579407513142
2072	0.010299638845026493
2073	0.011082484386861324
2074	0.010566807352006435
2075	0.011706070974469185
2076	0.0078034414909780025
2077	0.008953820914030075
2078	0.007214719895273447
2079	0.006243719253689051
2080	0.007276755757629871
2081	0.0067830211482942104
2082	0.006964482367038727
2083	0.006594033446162939
2084	0.006410797126591206
2085	0.008256337605416775
2086	0.010574760846793652
2087	0.022489679977297783
2088	0.023405900225043297
2089	0.022428590804338455
2090	0.021807679906487465
2091	0.032765746116638184
2092	0.01990319788455963
2093	0.03425831347703934
2094	0.02476687729358673
2095	0.028164003044366837
2096	0.03348061442375183
2097	0.016554471105337143
2098	0.03816697746515274
2099	0.031054753810167313
2100	0.026898562908172607
2101	0.04450521990656853
2102	0.02498060278594494
2103	0.0283926110714674
2104	0.025651676580309868
2105	0.0396343469619751
2106	0.02088061533868313
2107	0.01729481667280197
2108	0.018781036138534546
2109	0.02252969518303871
2110	0.022352924570441246
2111	0.02306233160197735
2112	0.02919868193566799
2113	0.0252133347094059
2114	0.03307540342211723
2115	0.02489875629544258
2116	0.032922420650720596
2117	0.01951739192008972
2118	0.022813796997070312
2119	0.027700934559106827
2120	0.03030012920498848
2121	0.021980702877044678
2122	0.02508203499019146
2123	0.028177840635180473
2124	0.03198614716529846
2125	0.026648003607988358
2126	0.039925746619701385
2127	0.02219865284860134
2128	0.034713272005319595
2129	0.03161574527621269
2130	0.03617659956216812
2131	0.03234037756919861
2132	0.029631763696670532
2133	0.05533536896109581
2134	0.03697282075881958
2135	0.029363954439759254
2136	0.04077231511473656
2137	0.03897622227668762
2138	0.08014000952243805
2139	0.02270326390862465
2140	0.038610633462667465
2141	0.02362433262169361
2142	0.031810030341148376
2143	0.016806356608867645
2144	0.011005603708326817
2145	0.010202095843851566
2146	0.00791794341057539
2147	0.014397839084267616
2148	0.011698917485773563
2149	0.01820245198905468
2150	0.025409338995814323
2151	0.043093305081129074
2152	0.07072501629590988
2153	0.03975868970155716
2154	0.053911495953798294
2155	0.07240020483732224
2156	0.022346626967191696
2157	0.024612650275230408
2158	0.02855723537504673
2159	0.0200207456946373
2160	0.01791936717927456
2161	0.036405403167009354
2162	0.025200406089425087
2163	0.07611703127622604
2164	0.06282905489206314
2165	0.033986277878284454
2166	0.03955001011490822
2167	0.05746184661984444
2168	0.04677413031458855
2169	0.02871258556842804
2170	0.021502142772078514
2171	0.022778572514653206
2172	0.024961600080132484
2173	0.010584625415503979
2174	0.008512900210916996
2175	0.009329141117632389
2176	0.004750040825456381
2177	0.007378044072538614
2178	0.008630335330963135
2179	0.00735276285558939
2180	0.012813287787139416
2181	0.02070300467312336
2182	0.017311735078692436
2183	0.011169551871716976
2184	0.013997713103890419
2185	0.01201398205012083
2186	0.014938639476895332
2187	0.013121731579303741
2188	0.01623590663075447
2189	0.012409376911818981
2190	0.011756270192563534
2191	0.010210157372057438
2192	0.015342645347118378
2193	0.011913992464542389
2194	0.01293715089559555
2195	0.023199183866381645
2196	0.01887797750532627
2197	0.014624145813286304
2198	0.01554136723279953
2199	0.03043307177722454
2200	0.01795155368745327
2201	0.029831141233444214
2202	0.02977205626666546
2203	0.03383442759513855
2204	0.03533296659588814
2205	0.03283976390957832
2206	0.025770772248506546
2207	0.032969146966934204
2208	0.017962947487831116
2209	0.01809450425207615
2210	0.01658468320965767
2211	0.0372038371860981
2212	0.021823769435286522
2213	0.018381506204605103
2214	0.01921466924250126
2215	0.03135015070438385
2216	0.0336599163711071
2217	0.021525397896766663
2218	0.022152027115225792
2219	0.030733779072761536
2220	0.018147632479667664
2221	0.03479163721203804
2222	0.02551341988146305
2223	0.024647392332553864
2224	0.02026384510099888
2225	0.01998238079249859
2226	0.03530481085181236
2227	0.025179509073495865
2228	0.032906293869018555
2229	0.023251846432685852
2230	0.024368003010749817
2231	0.019364962354302406
2232	0.026270899921655655
2233	0.028053462505340576
2234	0.0323309451341629
2235	0.020963206887245178
2236	0.013371913693845272
2237	0.007959115318953991
2238	0.007303995545953512
2239	0.007353506982326508
2240	0.00818906631320715
2241	0.009202739223837852
2242	0.01335956808179617
2243	0.015434334054589272
2244	0.03684241324663162
2245	0.04504283890128136
2246	0.03632679209113121
2247	0.043375104665756226
2248	0.027012987062335014
2249	0.020758694037795067
2250	0.05874096229672432
2251	0.019338790327310562
2252	0.027075916528701782
2253	0.0153522789478302
2254	0.015151524916291237
2255	0.014544357545673847
2256	0.012931694276630878
2257	0.016746526584029198
2258	0.014039309695363045
2259	0.019462427124381065
2260	0.018131885677576065
2261	0.0160521287471056
2262	0.015055248513817787
2263	0.013762353919446468
2264	0.012729506008327007
2265	0.020860249176621437
2266	0.018566325306892395
2267	0.01689610816538334
2268	0.014193087816238403
2269	0.009270930662751198
2270	0.006150759290903807
2271	0.011808444745838642
2272	0.009237498044967651
2273	0.011714952997863293
2274	0.012162424623966217
2275	0.011804929934442043
2276	0.0115169957280159
2277	0.014317858032882214
2278	0.013986545614898205
2279	0.010739536955952644
2280	0.009282998740673065
2281	0.009699053131043911
2282	0.01212767232209444
2283	0.014675619080662727
2284	0.018075374886393547
2285	0.015307548455893993
2286	0.015167280100286007
2287	0.015526351518929005
2288	0.017743002623319626
2289	0.014217150397598743
2290	0.01387749332934618
2291	0.014466154389083385
2292	0.01472541131079197
2293	0.012303176335990429
2294	0.010280427522957325
2295	0.011667154729366302
2296	0.009736837819218636
2297	0.012358936481177807
2298	0.009481518529355526
2299	0.01010955311357975
2300	0.015217727981507778
2301	0.015919482335448265
2302	0.019481724128127098
2303	0.022863496094942093
2304	0.0263819582760334
2305	0.023261455819010735
2306	0.02524564228951931
2307	0.024649320170283318
2308	0.0280104111880064
2309	0.032825570553541183
2310	0.03903922438621521
2311	0.02488076128065586
2312	0.03672356158494949
2313	0.024729697033762932
2314	0.032259147614240646
2315	0.034591928124427795
2316	0.052837073802948
2317	0.04671761021018028
2318	0.04057517275214195
2319	0.04524949938058853
2320	0.03476639464497566
2321	0.02432492934167385
2322	0.03416441008448601
2323	0.02600543014705181
2324	0.032390523701906204
2325	0.06918811053037643
2326	0.04794016480445862
2327	0.06290655583143234
2328	0.04619964584708214
2329	0.051854442805051804
2330	0.036490269005298615
2331	0.02012135460972786
2332	0.01429829653352499
2333	0.01961749792098999
2334	0.01630502939224243
2335	0.01464233547449112
2336	0.016563231125473976
2337	0.016419891268014908
2338	0.01564197614789009
2339	0.02478264644742012
2340	0.01765247993171215
2341	0.016418464481830597
2342	0.013009878806769848
2343	0.015445890836417675
2344	0.01220757607370615
2345	0.010305831208825111
2346	0.009115862660109997
2347	0.009642301127314568
2348	0.009397800080478191
2349	0.010661515407264233
2350	0.007301520090550184
2351	0.006283366587013006
2352	0.005589890293776989
2353	0.007151158060878515
2354	0.006552994251251221
2355	0.010373935103416443
2356	0.008234514854848385
2357	0.009412179701030254
2358	0.0065533192828297615
2359	0.00797470286488533
2360	0.007915730588138103
2361	0.007456962019205093
2362	0.010239838622510433
2363	0.007619998883455992
2364	0.006328636314719915
2365	0.006445036269724369
2366	0.005778408143669367
2367	0.007066814694553614
2368	0.006744985468685627
2369	0.0061184316873550415
2370	0.0043485816568136215
2371	0.004673040006309748
2372	0.004379983060061932
2373	0.004901582840830088
2374	0.005366503726691008
2375	0.004723739810287952
2376	0.005244153086096048
2377	0.004852413199841976
2378	0.004798360168933868
2379	0.0050019980408251286
2380	0.004959840327501297
2381	0.004852577578276396
2382	0.0049477932043373585
2383	0.004718183074146509
2384	0.004296192899346352
2385	0.005557888187468052
2386	0.004732508212327957
2387	0.004754058551043272
2388	0.004358801990747452
2389	0.004997643176466227
2390	0.004685455001890659
2391	0.005928197409957647
2392	0.005736769642680883
2393	0.0067307124845683575
2394	0.006385107524693012
2395	0.005447878036648035
2396	0.0054239253513514996
2397	0.0064533487893640995
2398	0.007335780654102564
2399	0.0069767870008945465
2400	0.007456726860255003
2401	0.007548970635980368
2402	0.007839604280889034
2403	0.0071724215522408485
2404	0.007275523152202368
2405	0.009131710045039654
2406	0.0073140570893883705
2407	0.006805004086345434
2408	0.007602545898407698
2409	0.009564547799527645
2410	0.010455700568854809
2411	0.009411752223968506
2412	0.011921158991754055
2413	0.009844793938100338
2414	0.012393474578857422
2415	0.013339313678443432
2416	0.014412573538720608
2417	0.014767489396035671
2418	0.019349901005625725
2419	0.016591189429163933
2420	0.021008912473917007
2421	0.028119593858718872
2422	0.028164386749267578
2423	0.02310164086520672
2424	0.035394053906202316
2425	0.02221054397523403
2426	0.02615133300423622
2427	0.029624342918395996
2428	0.03143826127052307
2429	0.03757009655237198
2430	0.027017628774046898
2431	0.032444149255752563
2432	0.04246258735656738
2433	0.05812382698059082
2434	0.06345837563276291
2435	0.038450609892606735
2436	0.028633488342165947
2437	0.03625686094164848
2438	0.0215121079236269
2439	0.025246506556868553
2440	0.030781371518969536
2441	0.021393848583102226
2442	0.03457529470324516
2443	0.023130780085921288
2444	0.029121315106749535
2445	0.021463410928845406
2446	0.028360147029161453
2447	0.027252931147813797
2448	0.03886369243264198
2449	0.021876133978366852
2450	0.02147507481276989
2451	0.03642375394701958
2452	0.017599668353796005
2453	0.02173820324242115
2454	0.018262047320604324
2455	0.01794673316180706
2456	0.03940331190824509
2457	0.028059398755431175
2458	0.058936454355716705
2459	0.03084794245660305
2460	0.05058832839131355
2461	0.037410229444503784
2462	0.0379348024725914
2463	0.026918426156044006
2464	0.027921432629227638
2465	0.025600731372833252
2466	0.02861667238175869
2467	0.018877821043133736
2468	0.017918765544891357
2469	0.016354357823729515
2470	0.031228303909301758
2471	0.03569759801030159
2472	0.013783633708953857
2473	0.010848059318959713
2474	0.02388850413262844
2475	0.006358443293720484
2476	0.0052642738446593285
2477	0.00490043917670846
2478	0.006860231049358845
2479	0.007679780013859272
2480	0.00862091314047575
2481	0.010977949015796185
2482	0.007600988727062941
2483	0.008371474221348763
2484	0.013041666708886623
2485	0.015263110399246216
2486	0.02076142095029354
2487	0.016222208738327026
2488	0.013955135829746723
2489	0.01066968496888876
2490	0.010610150173306465
2491	0.008586444891989231
2492	0.008080046623945236
2493	0.008295386098325253
2494	0.009804095141589642
2495	0.00896088033914566
2496	0.010894747450947762
2497	0.010354405269026756
2498	0.010441630147397518
2499	0.013605387881398201
2500	0.014692917466163635
2501	0.02140776254236698
2502	0.023275116458535194
2503	0.02083561196923256
2504	0.02646506391465664
2505	0.015795201063156128
2506	0.016324354335665703
2507	0.021561866626143456
2508	0.02148701809346676
2509	0.024937644600868225
2510	0.027146125212311745
2511	0.0360688678920269
2512	0.04191945865750313
2513	0.048844851553440094
2514	0.06468271464109421
2515	0.10373437404632568
2516	0.058122504502534866
2517	0.10598124563694
2518	0.08224929124116898
2519	0.12622390687465668
2520	0.09751514345407486
2521	0.1671120971441269
2522	0.14316758513450623
2523	0.09436015039682388
2524	0.0804964154958725
2525	0.10492006689310074
2526	0.10900542885065079
2527	0.07641810178756714
2528	0.0730072632431984
2529	0.04179279878735542
2530	0.037549104541540146
2531	0.07994669675827026
2532	0.028514310717582703
2533	0.034951597452163696
2534	0.029159588739275932
2535	0.025971723720431328
2536	0.021917959675192833
2537	0.02455570176243782
2538	0.03864631429314613
2539	0.025993449613451958
2540	0.01992374286055565
2541	0.015621867962181568
2542	0.028000308200716972
2543	0.028905054554343224
2544	0.0445709191262722
2545	0.04158551245927811
2546	0.061277080327272415
2547	0.03638371825218201
2548	0.04335920512676239
2549	0.03725709393620491
2550	0.023964187130331993
2551	0.027037842199206352
2552	0.01584332250058651
2553	0.02369348704814911
2554	0.017051691189408302
2555	0.017427965998649597
2556	0.014331735670566559
2557	0.012332054786384106
2558	0.010669701732695103
2559	0.011209447868168354
2560	0.010171964764595032
2561	0.013308835215866566
2562	0.008866784162819386
2563	0.006575131323188543
2564	0.00669108098372817
2565	0.00720621645450592
2566	0.010115190409123898
2567	0.009807700291275978
2568	0.0105045260861516
2569	0.008893544785678387
2570	0.009167338721454144
2571	0.009519929066300392
2572	0.00863222312182188
2573	0.0081166448071599
2574	0.008311511017382145
2575	0.0070351362228393555
2576	0.005701577290892601
2577	0.00653100898489356
2578	0.006611344404518604
2579	0.006664325948804617
2580	0.007348265498876572
2581	0.005774291697889566
2582	0.0052660079672932625
2583	0.0058030239306390285
2584	0.0061830803751945496
2585	0.0068358504213392735
2586	0.006676962133497
2587	0.005793407559394836
2588	0.005853861104696989
2589	0.0062073576264083385
2590	0.006168769206851721
2591	0.0052457838319242
2592	0.005648782942444086
2593	0.005458470433950424
2594	0.005053195636719465
2595	0.005247447174042463
2596	0.004943914711475372
2597	0.004581400193274021
2598	0.0054293470457196236
2599	0.00471463380381465
2600	0.004574405960738659
2601	0.004079542588442564
2602	0.004903420805931091
2603	0.006002048961818218
2604	0.006730163004249334
2605	0.0062902020290493965
2606	0.007101042661815882
2607	0.008869031444191933
2608	0.008947694674134254
2609	0.007104232907295227
2610	0.007070679217576981
2611	0.007880519144237041
2612	0.008630453608930111
2613	0.010568485595285892
2614	0.008924566209316254
2615	0.00854623131453991
2616	0.015033155679702759
2617	0.010954785160720348
2618	0.010084469802677631
2619	0.014812625013291836
2620	0.013239489868283272
2621	0.014182927086949348
2622	0.015195474028587341
2623	0.028125641867518425
2624	0.021273592486977577
2625	0.019763080403208733
2626	0.019036296755075455
2627	0.025265151634812355
2628	0.02835542894899845
2629	0.04535122960805893
2630	0.02370220609009266
2631	0.031370434910058975
2632	0.02306482009589672
2633	0.08612395823001862
2634	0.03902251273393631
2635	0.028727902099490166
2636	0.06615766137838364
2637	0.07681403309106827
2638	0.045004501938819885
2639	0.09889456629753113
2640	0.059969332069158554
2641	0.06232982873916626
2642	0.03917209059000015
2643	0.05127613618969917
2644	0.06431477516889572
2645	0.051439519971609116
2646	0.04900243878364563
2647	0.07647939771413803
2648	0.1183033213019371
2649	0.09134423732757568
2650	0.06452514976263046
2651	0.0673641711473465
2652	0.061951614916324615
2653	0.14571604132652283
2654	0.14032171666622162
2655	0.08054476231336594
2656	0.05596815422177315
2657	0.11613612622022629
2658	0.0794866532087326
2659	0.0738108903169632
2660	0.14265166223049164
2661	0.1404285579919815
2662	0.1575121283531189
2663	0.10405019670724869
2664	0.12365863472223282
2665	0.15219640731811523
2666	0.09607143700122833
2667	0.057939209043979645
2668	0.1122121587395668
2669	0.1139124408364296
2670	0.17907540500164032
2671	0.2788616120815277
2672	0.11682963371276855
2673	0.18286296725273132
2674	0.2025889903306961
2675	0.10156303644180298
2676	0.1567370891571045
2677	0.14443112909793854
2678	0.1868549883365631
2679	0.16116970777511597
2680	0.14043331146240234
2681	0.16823901236057281
2682	0.23346436023712158
2683	0.13668860495090485
2684	0.05634510517120361
2685	0.01634076051414013
2686	0.006126523017883301
2687	0.007366968784481287
2688	0.00802877638489008
2689	0.007627479266375303
2690	0.0042682308703660965
2691	0.009173247031867504
2692	0.01260306965559721
2693	0.014813467860221863
2694	0.013016489334404469
2695	0.015295276418328285
2696	0.010635028593242168
2697	0.010633557103574276
2698	0.0068749175406992435
2699	0.009877674281597137
2700	0.008462542667984962
2701	0.007376819849014282
2702	0.011460949666798115
2703	0.012567763216793537
2704	0.01183375995606184
2705	0.008410203270614147
2706	0.006334213074296713
2707	0.005446488503366709
2708	0.007866413332521915
2709	0.011697862297296524
2710	0.009582700207829475
2711	0.008720924146473408
2712	0.008598867803812027
2713	0.010573998093605042
2714	0.010780371725559235
2715	0.010633469559252262
2716	0.014982027001678944
2717	0.014168602414429188
2718	0.020675335079431534
2719	0.03506607562303543
2720	0.024910330772399902
2721	0.026502037420868874
2722	0.05600927025079727
2723	0.05257580429315567
2724	0.08203370869159698
2725	0.08190568536520004
2726	0.1355612576007843
2727	0.1023300290107727
2728	0.1027962788939476
2729	0.1489284336566925
2730	0.13155744969844818
2731	0.11232977360486984
2732	0.11578164249658585
2733	0.15995867550373077
2734	0.07164938747882843
2735	0.07880625873804092
2736	0.06308054178953171
2737	0.05651264265179634
2738	0.06894512474536896
2739	0.0626392737030983
2740	0.029225824400782585
2741	0.027263984084129333
2742	0.02877184748649597
2743	0.02482599765062332
2744	0.02360326424241066
2745	0.020632484927773476
2746	0.023356283083558083
2747	0.02855725958943367
2748	0.01530334074050188
2749	0.016784505918622017
2750	0.020158465951681137
2751	0.017937244847416878
2752	0.014699514023959637
2753	0.017647145316004753
2754	0.012950289063155651
2755	0.01588066853582859
2756	0.017880160361528397
2757	0.00953781045973301
2758	0.01115725189447403
2759	0.01032873336225748
2760	0.008864057250320911
2761	0.007088004145771265
2762	0.007851296104490757
2763	0.00725595885887742
2764	0.005918889306485653
2765	0.006697630975395441
2766	0.006138212978839874
2767	0.007254974450916052
2768	0.009043128229677677
2769	0.006930253002792597
2770	0.007436273153871298
2771	0.00831186305731535
2772	0.007339281029999256
2773	0.007605069782584906
2774	0.007740020751953125
2775	0.007861747406423092
2776	0.006777931936085224
2777	0.006856861989945173
2778	0.006463989615440369
2779	0.004568394273519516
2780	0.005045718513429165
2781	0.004466337617486715
2782	0.003806927939876914
2783	0.0049089849926531315
2784	0.004702411592006683
2785	0.006137666292488575
2786	0.0048749917186796665
2787	0.005272324662655592
2788	0.0052973381243646145
2789	0.005911059211939573
2790	0.007275015115737915
2791	0.006381792016327381
2792	0.006127465050667524
2793	0.006300090346485376
2794	0.005607662256807089
2795	0.006147738546133041
2796	0.005378924310207367
2797	0.006776151247322559
2798	0.006299351807683706
2799	0.006839272566139698
2800	0.006150309462100267
2801	0.006066984497010708
2802	0.005562654230743647
2803	0.005121165420860052
2804	0.00469802925363183
2805	0.004577043931931257
2806	0.005035630892962217
2807	0.004223150201141834
2808	0.004167129751294851
2809	0.004160257987678051
2810	0.004428516607731581
2811	0.005192844662815332
2812	0.0058549619279801846
2813	0.005857744719833136
2814	0.004793775733560324
2815	0.005645065568387508
2816	0.004245282616466284
2817	0.005136098712682724
2818	0.005763715598732233
2819	0.006453410722315311
2820	0.007725473027676344
2821	0.008518985472619534
2822	0.00705333286896348
2823	0.006838648114353418
2824	0.007916852831840515
2825	0.006937609054148197
2826	0.007498924620449543
2827	0.008578169159591198
2828	0.009174357168376446
2829	0.008986006490886211
2830	0.012246543541550636
2831	0.012183928862214088
2832	0.010753686539828777
2833	0.010759432800114155
2834	0.007742643356323242
2835	0.010989450849592686
2836	0.013339313678443432
2837	0.023116549476981163
2838	0.04655693098902702
2839	0.040638457983732224
2840	0.06253809481859207
2841	0.08147692680358887
2842	0.11949433386325836
2843	0.33545777201652527
2844	0.3015698194503784
2845	0.3390789031982422
2846	0.5913635492324829
2847	0.48325514793395996
2848	0.5627328753471375
2849	0.6371790170669556
2850	0.6414666175842285
2851	0.6732102632522583
2852	0.7126018404960632
2853	0.7298150062561035
2854	0.6715421676635742
2855	0.7234019637107849
2856	0.6491086483001709
2857	0.4958670735359192
2858	0.4633733928203583
2859	0.46181437373161316
2860	0.4019526541233063
2861	0.4599631726741791
2862	0.414921373128891
2863	0.529646098613739
2864	0.4125961363315582
2865	0.16871045529842377
2866	0.04226153716444969
2867	0.010633028112351894
2868	0.008779662661254406
2869	0.007920152507722378
2870	0.0072746421210467815
2871	0.008047707378864288
2872	0.008409335277974606
2873	0.007277744356542826
2874	0.008368370123207569
2875	0.009606068022549152
2876	0.009091821499168873
2877	0.008497376926243305
2878	0.009167696349322796
2879	0.011185217648744583
2880	0.011515953578054905
2881	0.017609884962439537
2882	0.1054692193865776
2883	0.13811831176280975
2884	0.263870507478714
2885	0.3079173266887665
2886	0.12906980514526367
2887	0.1941526234149933
2888	0.18923752009868622
2889	0.08498187363147736
2890	0.09926574677228928
2891	0.11801206320524216
2892	0.1274019032716751
2893	0.09599410742521286
2894	0.08034779876470566
2895	0.09816019982099533
2896	0.07349004596471786
2897	0.03255103528499603
2898	0.027327999472618103
2899	0.022749288007616997
2900	0.02032204531133175
2901	0.026843775063753128
2902	0.025316352024674416
2903	0.039356764405965805
2904	0.08667395263910294
2905	0.07096824049949646
2906	0.11806926876306534
2907	0.07823872566223145
2908	0.17836304008960724
2909	0.12685523927211761
2910	0.12674565613269806
2911	0.1645098179578781
2912	0.16897700726985931
2913	0.08719347417354584
2914	0.19575093686580658
2915	0.15025322139263153
2916	0.16608195006847382
2917	0.16160540282726288
2918	0.15226903557777405
2919	0.15256960690021515
2920	0.1942879557609558
2921	0.09594997763633728
2922	0.14129364490509033
2923	0.13647325336933136
2924	0.18872089684009552
2925	0.18763798475265503
2926	0.14595846831798553
2927	0.12697097659111023
2928	0.16704857349395752
2929	0.17860832810401917
2930	0.23127174377441406
2931	0.22520196437835693
2932	0.3451326787471771
2933	0.13777808845043182
2934	0.06919447332620621
2935	0.09227263182401657
2936	0.08576395362615585
2937	0.10162770003080368
2938	0.13911007344722748
2939	0.05861794576048851
2940	0.033682215958833694
2941	0.026877382770180702
2942	0.04924171045422554
2943	0.17348258197307587
2944	0.1440580189228058
